4 0.38125 0.3171875 0.0125 0.075
4 0.48046875 0.25390625 0.021875 0.05625
0 0.4703125 0.321875 0.0609375 0.0828125
0 0.6453125 0.85546875 0.1453125 0.2671875
0 0.7484375 0.6203125 0.1375 0.1796875
0 0.54453125 0.5171875 0.0828125 0.159375
0 0.60546875 0.35234375 0.05625 0.1109375
0 0.56640625 0.2796875 0.0484375 0.0921875
0 0.62734375 0.2515625 0.04375 0.075
4 0.70078125 0.16328125 0.0171875 0.0515625
0 0.5890625 0.19375 0.0390625 0.0671875
0 0.5640625 0.15 0.0359375 0.0515625
0 0.64765625 0.1625 0.0359375 0.0578125
4 0.6359375 0.1265625 0.0140625 0.0484375
0 0.59375 0.08671875 0.0296875 0.04375
0 0.609375 0.13359375 0.03125 0.0515625
0 0.63671875 0.078125 0.025 0.0453125
0 0.6734375 0.071875 0.025 0.040625
0 0.81015625 0.10078125 0.021875 0.0359375
0 0.65859375 0.0328125 0.0203125 0.0265625
4 0.39296875 0.29453125 0.0125 0.0640625
4 0.56640625 0.07109375 0.0078125 0.04375
