1 0.5015625 0.9078125 0.0453125 0.18125
1 0.4625 0.86640625 0.0390625 0.16875
4 0.36328125 0.27421875 0.021875 0.0765625
0 0.2234375 0.27265625 0.0640625 0.0859375
0 0.42421875 0.2046875 0.0390625 0.0671875
0 0.36640625 0.20546875 0.0390625 0.0703125
0 0.40234375 0.16328125 0.034375 0.0578125
0 0.353125 0.1703125 0.0390625 0.0609375
0 0.384375 0.12890625 0.0328125 0.0515625
0 0.34375 0.1265625 0.025 0.04375
0 0.3734375 0.10546875 0.0265625 0.04375
0 0.36171875 0.08203125 0.0265625 0.0390625
0 0.35546875 0.05859375 0.0265625 0.0453125
0 0.34375 0.046875 0.0203125 0.034375
0 0.32578125 0.084375 0.0296875 0.0453125
0 0.3171875 0.0640625 0.021875 0.034375
