0 0.86328125 0.875 0.196875 0.25
4 0.28359375 0.93515625 0.040625 0.1296875
2 0.03828125 0.86328125 0.0765625 0.2640625
0 0.5671875 0.509375 0.075 0.1328125
0 0.6578125 0.421875 0.075 0.125
0 0.540625 0.36796875 0.05625 0.1171875
0 0.609375 0.2828125 0.04375 0.084375
0 0.55625 0.259375 0.04375 0.0796875
0 0.6421875 0.1859375 0.0390625 0.065625
0 0.60234375 0.16796875 0.03125 0.05625
4 0.3859375 0.31953125 0.0171875 0.075
0 0.6625 0.12734375 0.0296875 0.0484375
0 0.80859375 0.10078125 0.021875 0.034375
4 0.8765625 0.2015625 0.009375 0.0609375
4 0.9 0.2640625 0.0140625 0.0609375
0 0.6359375 0.0890625 0.0265625 0.040625
0 0.61796875 0.071875 0.0203125 0.0390625
0 0.625 0.0421875 0.021875 0.0265625
0 0.67421875 0.0953125 0.0296875 0.040625
0 0.68359375 0.05390625 0.021875 0.0359375
0 0.6515625 0.0453125 0.021875 0.034375
4 0.4640625 0.1921875 0.0125 0.0515625
4 0.7015625 0.10703125 0.0078125 0.040625
