4 0.4 0.31875 0.0125 0.0828125
0 0.66953125 0.80078125 0.1390625 0.2265625
0 0.95546875 0.78515625 0.0890625 0.18125
0 0.50234375 0.5046875 0.0625 0.1484375
0 0.6390625 0.4171875 0.075 0.1140625
0 0.51328125 0.39296875 0.05625 0.1015625
0 0.55625 0.28125 0.04375 0.071875
0 0.5875 0.19140625 0.03125 0.0578125
0 0.553125 0.16953125 0.0359375 0.053125
0 0.6078125 0.1515625 0.028125 0.0484375
0 0.6609375 0.11875 0.028125 0.05625
0 0.64453125 0.06640625 0.021875 0.040625
0 0.68046875 0.05078125 0.0203125 0.0390625
0 0.80859375 0.10078125 0.0203125 0.0359375
4 0.53515625 0.1109375 0.0125 0.04375
4 0.6453125 0.1875 0.0125 0.065625
