0 0.33046875 0.8453125 0.1421875 0.2515625
4 0.51796875 0.93828125 0.0390625 0.1234375
4 0.08671875 0.80546875 0.075 0.1734375
0 0.334375 0.50234375 0.1140625 0.1640625
0 0.4703125 0.5296875 0.0796875 0.153125
0 0.5328125 0.40234375 0.05625 0.1109375
0 0.396875 0.28984375 0.053125 0.0984375
0 0.4671875 0.2921875 0.0484375 0.0828125
0 0.46484375 0.20546875 0.040625 0.05625
0 0.40625 0.178125 0.034375 0.065625
0 0.36171875 0.18515625 0.0359375 0.065625
4 0.33671875 0.234375 0.0125 0.0671875
4 0.3234375 0.24375 0.0125 0.0609375
0 0.33203125 0.109375 0.03125 0.0484375
0 0.31953125 0.0578125 0.0234375 0.0390625
0 0.19140625 0.10234375 0.0203125 0.0390625
4 0.58203125 0.2765625 0.0125 0.0484375
