4 0.18359375 0.33046875 0.0171875 0.0796875
1 0.4375 0.38359375 0.0140625 0.103125
1 0.4828125 0.26796875 0.0203125 0.0828125
4 0.47265625 0.19453125 0.0125 0.0625
0 0.5328125 0.2015625 0.0390625 0.0671875
0 0.51328125 0.36640625 0.0578125 0.096875
0 0.6046875 0.37109375 0.0625 0.1296875
0 0.74296875 0.5421875 0.1140625 0.159375
0 0.61875 0.23828125 0.0390625 0.071875
4 0.59375 0.1921875 0.0171875 0.0609375
0 0.59765625 0.1265625 0.0359375 0.053125
4 0.63125 0.11171875 0.0125 0.0515625
0 0.6140625 0.0640625 0.0265625 0.04375
0 0.625 0.0421875 0.021875 0.04375
0 0.6578125 0.03984375 0.021875 0.034375
0 0.66328125 0.09375 0.028125 0.0453125
0 0.81015625 0.10078125 0.025 0.0359375
4 0.8640625 0.19453125 0.009375 0.0515625
