4 0.6890625 0.53515625 0.0265625 0.128125
4 0.16796875 0.82578125 0.0703125 0.1640625
4 0.24609375 0.57109375 0.0515625 0.128125
0 0.4 0.54453125 0.10625 0.1734375
0 0.38671875 0.3484375 0.0515625 0.1078125
4 0.4578125 0.3703125 0.025 0.096875
0 0.484375 0.2546875 0.0453125 0.075
0 0.4359375 0.25234375 0.04375 0.0765625
0 0.36796875 0.21484375 0.04375 0.075
0 0.4125 0.18515625 0.0390625 0.065625
0 0.3453125 0.15 0.03125 0.05625
0 0.33984375 0.115625 0.0265625 0.04375
0 0.3640625 0.1046875 0.021875 0.053125
0 0.3578125 0.053125 0.0390625 0.065625
4 0.90234375 0.3265625 0.0171875 0.0796875
4 0.953125 0.44609375 0.0484375 0.0703125
0 0.33203125 0.08046875 0.0265625 0.0390625
4 0.328125 0.28984375 0.0125 0.0671875
0 0.3171875 0.05390625 0.021875 0.0484375
0 0.18984375 0.10078125 0.021875 0.04375
4 0.18359375 0.1140625 0.0125 0.0453125
4 0.171875 0.10078125 0.009375 0.04375
