4 0.8015625 0.89296875 0.04375 0.1390625
4 0.8578125 0.9515625 0.0390625 0.096875
0 0.10078125 0.7390625 0.15 0.2046875
4 0.271875 0.69609375 0.05625 0.146875
0 0.4484375 0.57578125 0.090625 0.159375
0 0.3578125 0.4328125 0.0828125 0.1328125
4 0.45078125 0.38671875 0.0203125 0.0984375
4 0.13671875 0.365625 0.0203125 0.0875
4 0.12109375 0.36875 0.0171875 0.0796875
4 0.17578125 0.16953125 0.0125 0.053125
4 0.31875 0.2390625 0.0125 0.0625
4 0.2953125 0.17421875 0.009375 0.0515625
0 0.19140625 0.0984375 0.025 0.034375
0 0.39453125 0.2765625 0.0484375 0.0984375
0 0.41796875 0.18984375 0.0390625 0.0625
0 0.44375 0.146875 0.034375 0.0515625
0 0.3859375 0.11875 0.028125 0.05625
0 0.3609375 0.18125 0.034375 0.0578125
0 0.328125 0.0828125 0.025 0.0453125
0 0.3609375 0.08203125 0.0265625 0.040625
4 0.40234375 0.06015625 0.0125 0.04375
0 0.33984375 0.03515625 0.0203125 0.03125
