4 0.15625 0.4890625 0.021875 0.0796875
0 0.6546875 0.43125 0.0828125 0.146875
0 0.525 0.33046875 0.0515625 0.10625
0 0.6109375 0.2921875 0.0484375 0.1078125
0 0.5734375 0.24609375 0.0453125 0.075
0 0.65 0.1609375 0.03125 0.0625
0 0.55078125 0.16328125 0.034375 0.0671875
0 0.58046875 0.1875 0.034375 0.0578125
0 0.609375 0.15234375 0.0296875 0.053125
0 0.6234375 0.115625 0.0296875 0.05625
0 0.60703125 0.0828125 0.0203125 0.0453125
4 0.67578125 0.240625 0.0078125 0.05625
0 0.66953125 0.1046875 0.0296875 0.0515625
0 0.64765625 0.06640625 0.0296875 0.0390625
0 0.65625 0.03984375 0.021875 0.0359375
0 0.6296875 0.03515625 0.0234375 0.0359375
0 0.6890625 0.0453125 0.0203125 0.0390625
0 0.81015625 0.1046875 0.025 0.0359375
