0 0.2859375 0.53515625 0.125 0.1765625
0 0.4671875 0.52421875 0.1109375 0.2765625
0 0.42890625 0.428125 0.0703125 0.1234375
0 0.3953125 0.3171875 0.0515625 0.103125
4 0.45703125 0.24296875 0.0125 0.0765625
4 0.321875 0.24609375 0.0125 0.0609375
4 0.3140625 0.1546875 0.0125 0.04375
0 0.40625 0.1578125 0.0484375 0.103125
0 0.35 0.14921875 0.0390625 0.0671875
0 0.3328125 0.09375 0.028125 0.0625
0 0.321875 0.04921875 0.0203125 0.0359375
0 0.18984375 0.10078125 0.021875 0.0390625
4 0.1875 0.11171875 0.0125 0.0359375
1 0.234375 0.0890625 0.009375 0.0515625
4 0.39921875 0.03828125 0.0078125 0.034375
4 0.4046875 0.03828125 0.0078125 0.0359375
