4 0.6 0.1 0.0125 0.04375
0 0.80859375 0.10078125 0.021875 0.0359375
0 0.615625 0.1265625 0.028125 0.0515625
4 0.51171875 0.14921875 0.0078125 0.0515625
0 0.64921875 0.1546875 0.0234375 0.04375
0 0.63203125 0.2125 0.0484375 0.075
4 0.53515625 0.23046875 0.0171875 0.0609375
0 0.49765625 0.26171875 0.0515625 0.0671875
4 0.6734375 0.2828125 0.0171875 0.0625
0 0.5875 0.303125 0.0484375 0.0796875
4 0.50703125 0.31875 0.0203125 0.075
0 0.546875 0.38359375 0.0578125 0.1078125
0 0.4578125 0.4078125 0.05625 0.1140625
0 0.63359375 0.43359375 0.0703125 0.1203125
0 0.03984375 0.4375 0.0796875 0.096875
4 0.6296875 0.046875 0.009375 0.0359375
0 0.5953125 0.61328125 0.096875 0.1640625
0 0.64296875 0.06484375 0.0203125 0.0453125
0 0.79296875 0.68125 0.134375 0.2
4 0.6625 0.084375 0.0390625 0.090625
