0 0.665625 0.0984375 0.03125 0.05625
0 0.81015625 0.0984375 0.0203125 0.0359375
4 0.53828125 0.10078125 0.0078125 0.034375
0 0.60703125 0.1359375 0.03125 0.0484375
0 0.6453125 0.015625 0.0265625 0.03125
0 0.646875 0.16328125 0.034375 0.0625
4 0.490625 0.18125 0.0078125 0.0578125
4 0.865625 0.1890625 0.009375 0.05625
4 0.5375 0.19453125 0.0171875 0.0625
4 0.85078125 0.19453125 0.0125 0.0625
0 0.57421875 0.19609375 0.0359375 0.071875
4 0.55078125 0.240625 0.0171875 0.0625
0 0.5375 0.31875 0.0515625 0.0890625
0 0.55078125 0.4484375 0.0703125 0.1453125
0 0.6828125 0.0453125 0.021875 0.0390625
0 0.60234375 0.584375 0.09375 0.159375
0 0.64296875 0.0671875 0.0265625 0.0359375
4 0.3765625 0.71015625 0.0328125 0.134375
0 0.59140625 0.81640625 0.1296875 0.240625
