4 0.6046875 0.8953125 0.065625 0.2078125
0 0.7765625 0.8609375 0.184375 0.246875
0 0.5296875 0.49296875 0.0796875 0.1546875
0 0.48203125 0.33984375 0.053125 0.0890625
0 0.5640625 0.23828125 0.0453125 0.075
0 0.61171875 0.2703125 0.0484375 0.0875
0 0.63125 0.2125 0.04375 0.0671875
0 0.59765625 0.16015625 0.0390625 0.05625
0 0.65234375 0.13828125 0.034375 0.0515625
0 0.60546875 0.0890625 0.0296875 0.0484375
0 0.6390625 0.078125 0.028125 0.04375
0 0.66484375 0.0921875 0.0265625 0.034375
0 0.63671875 0.0421875 0.0265625 0.0265625
4 0.50234375 0.1703125 0.0125 0.0515625
4 0.5296875 0.1078125 0.0125 0.0515625
4 0.91796875 0.2765625 0.0171875 0.0625
0 0.80859375 0.10078125 0.0265625 0.040625
0 0.68046875 0.03828125 0.0265625 0.04375
4 0.69921875 0.109375 0.0125 0.040625
