4 0.63671875 0.89921875 0.0578125 0.1828125
4 0.8296875 0.80859375 0.0484375 0.1640625
4 0.75 0.6359375 0.0515625 0.134375
4 0.771875 0.5515625 0.040625 0.128125
0 0.52265625 0.3578125 0.0515625 0.1078125
0 0.59375 0.31484375 0.0484375 0.1109375
0 0.6390625 0.18359375 0.0390625 0.0625
0 0.53125 0.2015625 0.03125 0.0609375
0 0.6546875 0.12734375 0.025 0.0484375
0 0.81015625 0.1 0.025 0.034375
4 0.68359375 0.2296875 0.0125 0.0671875
4 0.696875 0.2515625 0.0171875 0.0609375
4 0.6609375 0.0265625 0.0046875 0.034375
0 0.5796875 0.1046875 0.025 0.034375
0 0.67421875 0.0734375 0.025 0.0359375
0 0.68125 0.04453125 0.0203125 0.0265625
