4 0.06015625 0.3953125 0.0203125 0.0828125
4 0.68125 0.2859375 0.0125 0.0671875
0 0.821875 0.81640625 0.1515625 0.253125
0 0.5890625 0.69375 0.1390625 0.2546875
0 0.64296875 0.4734375 0.0875 0.1453125
0 0.6140625 0.3484375 0.0484375 0.1109375
0 0.5625 0.2140625 0.0484375 0.0703125
0 0.6421875 0.071875 0.025 0.0390625
0 0.66953125 0.08984375 0.0265625 0.0484375
0 0.81015625 0.10078125 0.025 0.0390625
4 0.6390625 0.046875 0.009375 0.025
0 0.65859375 0.01953125 0.025 0.03125
0 0.68125 0.03984375 0.021875 0.0359375
4 0.28125 0.3421875 0.0171875 0.0671875
