0 0.4625 0.50390625 0.0671875 0.1421875
0 0.36875 0.390625 0.065625 0.1109375
4 0.4125 0.30859375 0.0203125 0.0828125
4 0.44609375 0.29921875 0.0171875 0.0859375
4 0.44453125 0.23203125 0.0171875 0.040625
0 0.4546875 0.16796875 0.0390625 0.0515625
0 0.39921875 0.14296875 0.028125 0.053125
0 0.3609375 0.1625 0.034375 0.065625
4 0.36328125 0.08984375 0.0125 0.0515625
0 0.33515625 0.10703125 0.028125 0.0515625
0 0.31875 0.06015625 0.0203125 0.0359375
0 0.18984375 0.0984375 0.021875 0.03125
4 0.34765625 0.290625 0.009375 0.0625
4 0.33046875 0.25234375 0.0125 0.0625
4 0.134375 0.225 0.0125 0.0515625
4 0.11640625 0.20546875 0.0078125 0.053125
