0 0.81015625 0.10234375 0.021875 0.0390625
0 0.65234375 0.1453125 0.03125 0.0515625
4 0.853125 0.19375 0.0125 0.0578125
0 0.63203125 0.19609375 0.0390625 0.0828125
0 0.6390625 0.02265625 0.0265625 0.0453125
0 0.56640625 0.240625 0.04375 0.090625
4 0.49375 0.2796875 0.021875 0.0609375
0 0.60703125 0.2859375 0.0484375 0.084375
4 0.4109375 0.30546875 0.0125 0.071875
0 0.478125 0.34609375 0.04375 0.0921875
0 0.62890625 0.415625 0.0625 0.1140625
0 0.5609375 0.546875 0.0984375 0.1734375
0 0.7296875 0.571875 0.1171875 0.1546875
4 0.43515625 0.83203125 0.03125 0.1390625
0 0.71015625 0.87890625 0.1484375 0.240625
