0 0.5984375 0.5421875 0.10625 0.1453125
0 0.90859375 0.890625 0.178125 0.2171875
4 0.453125 0.2328125 0.0125 0.075
0 0.54453125 0.21171875 0.0515625 0.0796875
0 0.63671875 0.18125 0.034375 0.0515625
0 0.5921875 0.11171875 0.0296875 0.0375
0 0.66953125 0.0875 0.0265625 0.0453125
0 0.6828125 0.053125 0.021875 0.0390625
0 0.66015625 0.0359375 0.021875 0.0390625
0 0.63125 0.0328125 0.021875 0.0296875
4 0.56015625 0.09140625 0.0078125 0.0453125
4 0.55078125 0.08984375 0.009375 0.0484375
4 0.6734375 0.31484375 0.009375 0.0640625
4 0.68046875 0.30625 0.0125 0.0625
4 0.85703125 0.18984375 0.0125 0.0515625
4 0.87265625 0.19140625 0.0125 0.0484375
0 0.81015625 0.1 0.025 0.0375
4 0.8109375 0.115625 0.0078125 0.03125
