4 0.1109375 0.8265625 0.03125 0.1328125
4 0.0203125 0.72265625 0.0390625 0.11875
0 0.6 0.6546875 0.1140625 0.1875
0 0.74765625 0.63828125 0.121875 0.18125
4 0.76328125 0.41796875 0.0265625 0.0890625
4 0.78515625 0.4375 0.021875 0.0828125
4 0.8125 0.1421875 0.0125 0.0484375
0 0.80859375 0.0984375 0.0203125 0.0359375
4 0.66328125 0.24609375 0.0125 0.0609375
4 0.68125 0.24609375 0.0125 0.0671875
4 0.703125 0.18359375 0.0125 0.0578125
0 0.61171875 0.428125 0.075 0.1328125
0 0.43359375 0.35078125 0.0765625 0.096875
0 0.55078125 0.2796875 0.0484375 0.071875
0 0.6234375 0.178125 0.034375 0.0671875
0 0.61875 0.125 0.0359375 0.0515625
0 0.665625 0.1046875 0.03125 0.0484375
0 0.646875 0.05390625 0.025 0.04375
0 0.678125 0.0625 0.0265625 0.0484375
1 0.59609375 0.05390625 0.0078125 0.0359375
4 0.63359375 0.04453125 0.0078125 0.0359375
4 0.6671875 0.0328125 0.0078125 0.034375
4 0.6078125 0.01953125 0.0078125 0.03125
