0 0.66796875 0.7765625 0.1203125 0.2265625
0 0.89921875 0.875 0.1453125 0.25
0 0.65234375 0.515625 0.0890625 0.15
0 0.56484375 0.40234375 0.05625 0.1109375
0 0.55625 0.27421875 0.0515625 0.084375
0 0.63125 0.2359375 0.04375 0.0828125
0 0.6109375 0.1421875 0.03125 0.053125
4 0.51171875 0.14921875 0.0125 0.05625
0 0.64765625 0.15859375 0.0359375 0.0609375
0 0.63125 0.084375 0.0265625 0.0453125
0 0.66484375 0.10078125 0.028125 0.0484375
0 0.65625 0.0421875 0.0265625 0.0515625
0 0.67890625 0.0625 0.021875 0.0296875
0 0.81015625 0.10546875 0.021875 0.0390625
