4 0.884375 0.225 0.0125 0.0578125
1 0.86796875 0.3453125 0.053125 0.0796875
0 0.7015625 0.546875 0.1375 0.1859375
0 0.540625 0.4359375 0.065625 0.146875
0 0.56015625 0.240625 0.0484375 0.0875
4 0.60078125 0.20546875 0.0140625 0.0671875
0 0.634375 0.21171875 0.0359375 0.071875
0 0.66015625 0.12890625 0.0265625 0.0515625
0 0.584375 0.171875 0.028125 0.0484375
0 0.5828125 0.11328125 0.028125 0.040625
0 0.61875 0.12109375 0.03125 0.0515625
0 0.6109375 0.07109375 0.028125 0.0484375
0 0.640625 0.0875 0.025 0.0390625
0 0.6765625 0.078125 0.0234375 0.053125
0 0.64921875 0.06015625 0.021875 0.0296875
4 0.634375 0.04921875 0.0078125 0.0359375
4 0.64296875 0.025 0.0078125 0.03125
4 0.65859375 0.03359375 0.0171875 0.0265625
0 0.81015625 0.1 0.021875 0.0375
