4 0.4 0.1 0.0125 0.04375
0 0.19140625 0.10078125 0.021875 0.0359375
0 0.384375 0.1265625 0.028125 0.0515625
4 0.48828125 0.14921875 0.0078125 0.0515625
0 0.35078125 0.1546875 0.0234375 0.04375
0 0.36796875 0.2125 0.0484375 0.075
4 0.46484375 0.23046875 0.0171875 0.0609375
0 0.50234375 0.26171875 0.0515625 0.0671875
4 0.3265625 0.2828125 0.0171875 0.0625
0 0.4125 0.303125 0.0484375 0.0796875
4 0.49296875 0.31875 0.0203125 0.075
0 0.453125 0.38359375 0.0578125 0.1078125
0 0.5421875 0.4078125 0.05625 0.1140625
0 0.36640625 0.43359375 0.0703125 0.1203125
0 0.96015625 0.4375 0.0796875 0.096875
4 0.3703125 0.046875 0.009375 0.0359375
0 0.4046875 0.61328125 0.096875 0.1640625
0 0.35703125 0.06484375 0.0203125 0.0453125
0 0.20703125 0.68125 0.134375 0.2
4 0.3375 0.084375 0.0390625 0.090625
