0 0.75234375 0.3734375 0.071875 0.115625
0 0.58984375 0.275 0.0703125 0.10625
4 0.6671875 0.25 0.0265625 0.1015625
0 0.4546875 0.509375 0.0890625 0.1375
4 0.31875 0.321875 0.025 0.1171875
0 0.32421875 0.72578125 0.1203125 0.2
0 0.41953125 0.915625 0.11875 0.165625
0 0.58203125 0.8921875 0.1078125 0.2140625
0 0.1984375 0.946875 0.1453125 0.10625
4 0.040625 0.40390625 0.0796875 0.1265625
4 0.38125 0.2078125 0.021875 0.0828125
0 0.92421875 0.48046875 0.1390625 0.115625
0 0.91484375 0.796875 0.096875 0.1609375
0 0.88125 0.9484375 0.125 0.1015625
