0 0.8015625 0.0609375 0.0484375 0.075
4 0.7640625 0.2390625 0.021875 0.0953125
4 0.8765625 0.2125 0.0203125 0.0828125
4 0.94453125 0.35078125 0.025 0.1078125
0 0.9171875 0.80859375 0.0875 0.1734375
0 0.88125 0.94921875 0.128125 0.0984375
0 0.25625 0.88671875 0.1296875 0.1953125
0 0.42890625 0.578125 0.096875 0.1375
4 0.6921875 0.3171875 0.0234375 0.1078125
0 0.546875 0.36875 0.071875 0.1078125
4 0.0421875 0.32421875 0.0140625 0.1140625
4 0.02265625 0.328125 0.025 0.1078125
4 0.990625 0.0953125 0.0140625 0.0625
4 0.95703125 0.0953125 0.0140625 0.065625
