4 0.39921875 0.1671875 0.021875 0.0921875
2 0.80546875 0.1921875 0.1015625 0.2265625
0 0.69609375 0.225 0.0546875 0.0875
4 0.61875 0.2359375 0.021875 0.096875
0 0.81484375 0.02734375 0.053125 0.0484375
0 0.6828125 0.29296875 0.0671875 0.096875
4 0.571875 0.3015625 0.025 0.10625
0 0.75703125 0.3609375 0.065625 0.103125
0 0.64921875 0.3640625 0.0671875 0.10625
4 0.94453125 0.4109375 0.03125 0.115625
0 0.51796875 0.42578125 0.075 0.1140625
4 0.63203125 0.428125 0.0234375 0.1015625
0 0.734375 0.4484375 0.0671875 0.115625
0 0.60078125 0.49609375 0.0828125 0.125
4 0.96875 0.509375 0.0203125 0.0796875
0 0.484375 0.5109375 0.0828125 0.1234375
0 0.39453125 0.61875 0.0765625 0.146875
4 0.93046875 0.65234375 0.025 0.1390625
0 0.35234375 0.68359375 0.103125 0.1859375
0 0.3109375 0.78515625 0.103125 0.1703125
0 0.91796875 0.80625 0.0890625 0.1765625
0 0.24140625 0.9078125 0.1375 0.1828125
0 0.88125 0.9484375 0.128125 0.1015625
