4 0.3328125 0.203125 0.0203125 0.0890625
0 0.421875 0.28828125 0.0671875 0.1015625
4 0.60546875 0.3015625 0.0203125 0.1140625
0 0.33984375 0.32421875 0.075 0.1453125
1 0.66953125 0.390625 0.065625 0.115625
0 0.24609375 0.4125 0.0671875 0.10625
0 0.4 0.47265625 0.084375 0.1234375
0 0.5640625 0.546875 0.096875 0.1375
4 0.084375 0.55546875 0.025 0.128125
0 0.2765625 0.06015625 0.04375 0.0625
0 0.4578125 0.6265625 0.0890625 0.1390625
0 0.52890625 0.77734375 0.10625 0.165625
0 0.08203125 0.80546875 0.0890625 0.1734375
2 0.15390625 0.084375 0.0875 0.165625
0 0.11875 0.946875 0.125 0.10625
4 0.2984375 0.134375 0.0234375 0.090625
