0 0.16484375 0.05859375 0.0375 0.0625
0 0.2296875 0.0796875 0.04375 0.065625
0 0.25390625 0.16015625 0.05625 0.0828125
0 0.32578125 0.34140625 0.0640625 0.1390625
0 0.35 0.19609375 0.0546875 0.0828125
0 0.45546875 0.359375 0.0765625 0.10625
1 0.50703125 0.31484375 0.021875 0.115625
0 0.5 0.453125 0.0796875 0.11875
0 0.4515625 0.58515625 0.103125 0.16875
0 0.11875 0.9484375 0.128125 0.1015625
0 0.08203125 0.81015625 0.0890625 0.1734375
4 0.084375 0.41328125 0.0140625 0.1015625
4 0.05625 0.3328125 0.0140625 0.1015625
4 0.07109375 0.3453125 0.009375 0.0671875
4 0.69140625 0.25625 0.021875 0.0953125
4 0.9375 0.390625 0.071875 0.125
