4 0.93359375 0.37734375 0.0203125 0.10625
4 0.915625 0.390625 0.009375 0.0703125
4 0.8234375 0.4046875 0.0171875 0.0984375
0 0.77734375 0.2828125 0.05625 0.0984375
0 0.70703125 0.225 0.05625 0.084375
0 0.67421875 0.31484375 0.0703125 0.10625
0 0.58046875 0.31875 0.0671875 0.0984375
4 0.46171875 0.31875 0.025 0.1109375
4 0.3546875 0.2046875 0.0171875 0.0875
4 0.3015625 0.396875 0.0703125 0.1140625
4 0.21875 0.40625 0.0765625 0.115625
0 0.91796875 0.81015625 0.0890625 0.1703125
0 0.88125 0.9484375 0.128125 0.1015625
0 0.2703125 0.8859375 0.1203125 0.184375
0 0.34765625 0.75 0.115625 0.1609375
1 0.27265625 0.671875 0.03125 0.1640625
