4 0.6109375 0.38203125 0.034375 0.11875
0 0.77265625 0.3265625 0.071875 0.115625
0 0.80546875 0.1984375 0.053125 0.09375
0 0.67421875 0.328125 0.0671875 0.10625
0 0.68984375 0.275 0.053125 0.0890625
0 0.71171875 0.2484375 0.0515625 0.0875
0 0.57421875 0.3015625 0.0703125 0.10625
0 0.60703125 0.23828125 0.0609375 0.096875
4 0.61796875 0.30546875 0.0234375 0.0796875
4 0.55859375 0.240625 0.021875 0.084375
4 0.34609375 0.34609375 0.021875 0.103125
0 0.915625 0.7984375 0.096875 0.153125
0 0.8796875 0.946875 0.128125 0.103125
