4 0.375 0.18125 0.0140625 0.084375
0 0.6109375 0.26328125 0.0703125 0.09375
4 0.76796875 0.0328125 0.0171875 0.0609375
4 0.3859375 0.321875 0.0171875 0.1109375
4 0.11171875 0.3796875 0.065625 0.1140625
4 0.0640625 0.38125 0.071875 0.11875
4 0.0671875 0.3953125 0.0703125 0.1109375
4 0.8328125 0.4015625 0.021875 0.1078125
4 0.91484375 0.46875 0.071875 0.1234375
4 0.48671875 0.05625 0.0171875 0.0796875
4 0.50234375 0.05859375 0.0140625 0.0828125
0 0.91796875 0.80859375 0.0890625 0.1734375
0 0.8796875 0.9484375 0.128125 0.1015625
0 0.69140625 0.09765625 0.053125 0.0796875
0 0.76953125 0.10546875 0.0484375 0.0765625
