0 0.39921875 0.9203125 0.128125 0.159375
1 0.30546875 0.48671875 0.071875 0.1328125
4 0.2078125 0.4 0.025 0.103125
4 0.0578125 0.390625 0.0875 0.115625
4 0.04921875 0.3953125 0.0765625 0.1234375
0 0.74296875 0.4234375 0.0828125 0.1078125
4 0.915625 0.5921875 0.03125 0.1375
1 0.7828125 0.56015625 0.075 0.1375
4 0.8546875 0.2484375 0.03125 0.0890625
4 0.7140625 0.07578125 0.0203125 0.071875
4 0.92890625 0.15390625 0.0140625 0.075
0 0.915625 0.796875 0.09375 0.159375
0 0.8796875 0.9484375 0.128125 0.1015625
