2 0.834375 0.1109375 0.0890625 0.196875
0 0.7609375 0.08203125 0.0484375 0.071875
4 0.95703125 0.47109375 0.065625 0.11875
4 0.81953125 0.5828125 0.021875 0.115625
0 0.915625 0.796875 0.0921875 0.15625
0 0.87734375 0.946875 0.125 0.103125
0 0.47109375 0.80078125 0.1015625 0.178125
0 0.57421875 0.53984375 0.0828125 0.134375
0 0.4890625 0.475 0.0828125 0.1328125
0 0.6421875 0.38125 0.0703125 0.115625
0 0.62109375 0.2171875 0.0703125 0.125
1 0.54921875 0.21171875 0.021875 0.10625
4 0.3921875 0.7671875 0.04375 0.1640625
0 0.34609375 0.71484375 0.1015625 0.1640625
4 0.38359375 0.321875 0.0171875 0.1109375
4 0.41015625 0.234375 0.0203125 0.0984375
4 0.43515625 0.0875 0.0125 0.0453125
4 0.38671875 0.19453125 0.0203125 0.0828125
