0 0.0328125 0.78359375 0.0625 0.153125
0 0.1140625 0.7375 0.0796875 0.1484375
0 0.7921875 0.7875 0.171875 0.2078125
0 0.65078125 0.43671875 0.0546875 0.125
0 0.6625 0.36328125 0.03125 0.034375
0 0.74765625 0.4484375 0.05625 0.090625
0 0.67265625 0.33828125 0.0390625 0.071875
0 0.74765625 0.3640625 0.0359375 0.0609375
0 0.8015625 0.5078125 0.0421875 0.0875
0 0.171875 0.5140625 0.0421875 0.0796875
0 0.2171875 0.64921875 0.0984375 0.128125
1 0.5140625 0.55 0.0296875 0.0703125
4 0.64765625 0.63203125 0.0515625 0.0890625
4 0.5796875 0.61796875 0.0453125 0.1046875
