0 0.26328125 0.68046875 0.1078125 0.1296875
2 0.2140625 0.5390625 0.1046875 0.159375
2 0.346875 0.59296875 0.15625 0.1921875
0 0.03203125 0.67578125 0.0578125 0.1125
2 0.02734375 0.45390625 0.053125 0.1203125
0 0.64609375 0.44140625 0.053125 0.1203125
0 0.7390625 0.4703125 0.0515625 0.0953125
0 0.15625 0.521875 0.0265625 0.071875
0 0.66171875 0.3640625 0.03125 0.034375
0 0.0125 0.4984375 0.0234375 0.0546875
0 0.0921875 0.54453125 0.0984375 0.115625
0 0.66875 0.33203125 0.025 0.034375
0 0.796875 0.50859375 0.046875 0.0828125
0 0.74453125 0.3640625 0.03125 0.0625
0 0.65390625 0.4046875 0.0484375 0.065625
0 0.94375 0.86171875 0.103125 0.2171875
4 0.7796875 0.68203125 0.0546875 0.09375
