0 0.91328125 0.55078125 0.05 0.0921875
0 0.3109375 0.44296875 0.04375 0.08125
0 0.39375 0.3953125 0.040625 0.0578125
0 0.334375 0.36640625 0.0421875 0.0578125
0 0.375 0.45078125 0.046875 0.08125
0 0.296875 0.3515625 0.0359375 0.0625
0 0.1609375 0.26953125 0.0234375 0.0203125
0 0.37109375 0.3421875 0.03125 0.0453125
0 0.1859375 0.2828125 0.0171875 0.0234375
0 0.33125 0.35078125 0.040625 0.0453125
0 0.31953125 0.35859375 0.0703125 0.065625
0 0.3296875 0.33046875 0.0265625 0.0234375
1 0.90546875 0.6484375 0.04375 0.0796875
0 0.18671875 0.30234375 0.0234375 0.046875
0 0.31796875 0.3046875 0.0265625 0.028125
1 0.58046875 0.5171875 0.040625 0.0546875
