0 0.8171875 0.6171875 0.06875 0.0921875
0 0.34921875 0.4390625 0.053125 0.13125
0 0.928125 0.559375 0.04375 0.0625
0 0.16640625 0.8953125 0.18125 0.2078125
0 0.83046875 0.52109375 0.0546875 0.0765625
0 0.93671875 0.68828125 0.0671875 0.178125
0 0.94765625 0.4796875 0.0421875 0.0609375
0 0.33125 0.33125 0.025 0.0421875
0 0.33671875 0.36640625 0.03125 0.0296875
0 0.20078125 0.51015625 0.0421875 0.0859375
0 0.25234375 0.36484375 0.034375 0.0609375
1 0.29609375 0.73828125 0.034375 0.1
1 0.46015625 0.390625 0.0203125 0.0484375
1 0.6125 0.41015625 0.0109375 0.0421875
0 0.5859375 0.7234375 0.1421875 0.1796875
1 0.84765625 0.4640625 0.0203125 0.0328125
