0 0.73671875 0.68046875 0.10625 0.1296875
2 0.7859375 0.5390625 0.1046875 0.159375
2 0.653125 0.59296875 0.15625 0.1921875
0 0.96796875 0.67578125 0.0578125 0.1125
2 0.97265625 0.45390625 0.053125 0.1203125
0 0.35390625 0.44140625 0.053125 0.1203125
0 0.2609375 0.4703125 0.053125 0.0953125
0 0.84375 0.521875 0.0265625 0.071875
0 0.33828125 0.3640625 0.03125 0.034375
0 0.9875 0.4984375 0.0234375 0.0546875
0 0.9078125 0.54453125 0.0984375 0.115625
0 0.33125 0.33203125 0.025 0.034375
0 0.203125 0.50859375 0.046875 0.0828125
0 0.25546875 0.3640625 0.03125 0.0625
0 0.34609375 0.4046875 0.046875 0.065625
0 0.05625 0.86171875 0.103125 0.2171875
4 0.2203125 0.68203125 0.0546875 0.09375
