0 0.16328125 0.49375 0.0546875 0.0875
0 0.1234375 0.54453125 0.0546875 0.1203125
0 0.06171875 0.4765625 0.0640625 0.121875
0 0.54140625 0.334375 0.0390625 0.053125
0 0.41875 0.3734375 0.0609375 0.0609375
0 0.9046875 0.40625 0.0515625 0.1
0 0.2234375 0.4484375 0.0609375 0.065625
0 0.571875 0.35703125 0.040625 0.06875
0 0.86328125 0.31640625 0.0421875 0.0625
0 0.69921875 0.365625 0.028125 0.0578125
0 0.12578125 0.44140625 0.0453125 0.0578125
0 0.6484375 0.37890625 0.034375 0.0640625
0 0.82265625 0.3140625 0.0234375 0.040625
0 0.15 0.4171875 0.0453125 0.05
0 0.665625 0.33984375 0.0296875 0.0609375
0 0.0953125 0.4515625 0.0359375 0.0734375
0 0.61953125 0.3484375 0.0296875 0.0625
0 0.7890625 0.29296875 0.021875 0.046875
0 0.02265625 0.45546875 0.034375 0.05625
0 0.64140625 0.32109375 0.0328125 0.06875
0 0.8125 0.27421875 0.0203125 0.04375
0 0.703125 0.32734375 0.021875 0.0390625
0 0.5984375 0.30546875 0.0359375 0.053125
0 0.66953125 0.325 0.0265625 0.053125
0 0.02109375 0.43203125 0.040625 0.103125
0 0.63046875 0.33359375 0.0484375 0.0859375
0 0.0359375 0.409375 0.0296875 0.0453125
