0 0.1015625 0.67890625 0.0640625 0.165625
0 0.56875 0.3546875 0.0453125 0.075
0 0.16953125 0.43515625 0.059375 0.0640625
0 0.8484375 0.38125 0.03125 0.046875
0 0.85546875 0.45078125 0.0359375 0.075
0 0.70078125 0.3828125 0.0359375 0.06875
0 0.6078125 0.36953125 0.0359375 0.05625
0 0.65703125 0.36875 0.0375 0.0671875
0 0.81171875 0.3125 0.021875 0.0421875
0 0.83203125 0.290625 0.0203125 0.034375
0 0.6421875 0.31015625 0.0234375 0.0359375
0 0.62890625 0.3421875 0.0265625 0.0484375
0 0.87734375 0.3203125 0.021875 0.0421875
0 0.809375 0.2640625 0.0140625 0.025
