0 0.7953125 0.55625 0.0828125 0.11875
0 0.29609375 0.55 0.1015625 0.103125
0 0.5109375 0.5328125 0.1078125 0.1046875
0 0.88125 0.6375 0.059375 0.1546875
0 0.69609375 0.76875 0.128125 0.2546875
0 0.9265625 0.48671875 0.059375 0.1140625
0 0.42578125 0.3546875 0.0421875 0.0703125
0 0.540625 0.36171875 0.0640625 0.05625
0 0.3 0.3640625 0.03125 0.0546875
0 0.93515625 0.3828125 0.0296875 0.04375
0 0.38046875 0.34609375 0.028125 0.0609375
0 0.89375 0.3765625 0.0359375 0.040625
0 0.35078125 0.37734375 0.0359375 0.0625
0 0.16015625 0.3046875 0.03125 0.0640625
0 0.75625 0.3828125 0.0765625 0.06875
0 0.334375 0.340625 0.0328125 0.0546875
0 0.2953125 0.3265625 0.0234375 0.0359375
0 0.309375 0.2796875 0.0171875 0.0359375
0 0.40078125 0.3046875 0.0359375 0.0515625
1 0.63515625 0.3546875 0.021875 0.0484375
0 0.95859375 0.41328125 0.0328125 0.040625
0 0.9890625 0.42265625 0.021875 0.0453125
0 0.3625 0.31875 0.0234375 0.05625
0 0.34140625 0.28515625 0.0234375 0.0359375
