0 0.85546875 0.41484375 0.0453125 0.0828125
0 0.29375 0.3171875 0.0390625 0.05
0 0.93515625 0.46015625 0.034375 0.06875
0 0.89921875 0.434375 0.034375 0.0640625
0 0.890625 0.3828125 0.0328125 0.0546875
0 0.2953125 0.2703125 0.0171875 0.034375
0 0.94609375 0.428125 0.0296875 0.0578125
0 0.07734375 0.28984375 0.01875 0.0359375
4 0.3875 0.346875 0.03125 0.0453125
0 0.26796875 0.2390625 0.0359375 0.0421875
0 0.92890625 0.3921875 0.0234375 0.0421875
0 0.91953125 0.41171875 0.0234375 0.0484375
0 0.9375 0.3625 0.021875 0.034375
4 0.09453125 0.5484375 0.0515625 0.0859375
4 0.31796875 0.29140625 0.0171875 0.040625
