0 0.44765625 0.61015625 0.090625 0.159375
0 0.234375 0.6703125 0.0953125 0.1828125
0 0.50390625 0.45703125 0.06875 0.121875
0 0.42265625 0.41640625 0.046875 0.0765625
0 0.8828125 0.5 0.0578125 0.0953125
0 0.91484375 0.540625 0.0421875 0.09375
0 0.30625 0.40078125 0.0359375 0.0703125
0 0.35234375 0.38671875 0.0359375 0.075
0 0.8828125 0.42890625 0.071875 0.103125
0 0.934375 0.4890625 0.040625 0.0828125
0 0.79609375 0.45078125 0.096875 0.096875
0 0.4546875 0.33359375 0.040625 0.046875
0 0.2921875 0.34453125 0.0265625 0.05
0 0.390625 0.36171875 0.034375 0.059375
0 0.3671875 0.32578125 0.0265625 0.046875
0 0.4078125 0.33515625 0.0328125 0.05
0 0.990625 0.40859375 0.01875 0.0671875
0 0.33359375 0.34296875 0.0328125 0.0625
0 0.37265625 0.2875 0.0203125 0.034375
1 0.8515625 0.85234375 0.0625 0.1453125
0 0.3109375 0.28671875 0.0234375 0.046875
0 0.45078125 0.38515625 0.0359375 0.059375
0 0.76875 0.46328125 0.0421875 0.06875
