0 0.61484375 0.44453125 0.06171875 0.0859375
0 0.3234375 0.709375 0.0796875 0.09765625
0 0.24140625 0.66640625 0.084375 0.08828125
1 0.08828125 0.36875 0.025 0.065625
0 0.7796875 0.1875 0.01875 0.03828125
0 0.846875 0.60390625 0.0453125 0.115625
0 0.59609375 0.81953125 0.1015625 0.1046875
0 0.49609375 0.70078125 0.08671875 0.10859375
0 0.5640625 0.55625 0.06484375 0.0875
0 0.5015625 0.52734375 0.07265625 0.09453125
0 0.44140625 0.63203125 0.08984375 0.10625
0 0.36328125 0.6078125 0.08671875 0.0953125
0 0.36015625 0.7703125 0.09140625 0.10703125
0 0.3671875 0.9484375 0.09765625 0.103125
0 0.20234375 0.8296875 0.1 0.1
0 0.1796875 0.9421875 0.0953125 0.103125
0 0.17578125 0.76484375 0.07734375 0.090625
0 0.1359375 0.715625 0.0828125 0.09375
0 0.0734375 0.8046875 0.08125 0.0921875
0 0.07265625 0.8796875 0.0796875 0.0890625
