0 0.22421875 0.73203125 0.1046875 0.1859375
0 0.70625 0.3078125 0.0390625 0.0609375
0 0.1015625 0.37890625 0.0328125 0.0609375
0 0.7421875 0.30390625 0.0265625 0.04375
0 0.9578125 0.34453125 0.01875 0.0421875
0 0.7390625 0.23359375 0.01875 0.0296875
0 0.6015625 0.28671875 0.0453125 0.040625
0 0.7234375 0.2234375 0.0203125 0.0328125
0 0.05546875 0.34609375 0.01875 0.034375
0 0.815625 0.296875 0.021875 0.034375
0 0.70234375 0.2796875 0.0203125 0.0390625
4 0.65859375 0.303125 0.015625 0.040625
4 0.7484375 0.3421875 0.01875 0.0453125
