0 0.55234375 0.61015625 0.090625 0.159375
0 0.765625 0.6703125 0.0953125 0.1828125
0 0.49609375 0.45703125 0.06875 0.121875
0 0.57734375 0.41640625 0.046875 0.0765625
0 0.1171875 0.5 0.0578125 0.0953125
0 0.08515625 0.540625 0.0421875 0.09375
0 0.69375 0.40078125 0.0359375 0.0703125
0 0.64765625 0.38671875 0.0375 0.075
0 0.1171875 0.42890625 0.071875 0.103125
0 0.065625 0.4890625 0.040625 0.0828125
0 0.20390625 0.45078125 0.096875 0.096875
0 0.5453125 0.33359375 0.040625 0.046875
0 0.7078125 0.34453125 0.0265625 0.05
0 0.609375 0.36171875 0.034375 0.059375
0 0.6328125 0.32578125 0.0265625 0.046875
0 0.5921875 0.33515625 0.0328125 0.05
0 0.009375 0.40859375 0.01875 0.0671875
0 0.66640625 0.34296875 0.03125 0.0625
0 0.62734375 0.2875 0.021875 0.034375
1 0.1484375 0.85234375 0.0625 0.1453125
0 0.6890625 0.28671875 0.0234375 0.046875
0 0.54921875 0.38515625 0.0359375 0.059375
0 0.23125 0.46328125 0.0421875 0.06875
