0 0.44765625 0.71875 0.1515625 0.2109375
0 0.0828125 0.49453125 0.05 0.0828125
1 0.66875 0.4359375 0.0359375 0.075
0 0.11171875 0.61953125 0.05625 0.140625
0 0.840625 0.45234375 0.0390625 0.0859375
0 0.7 0.36171875 0.0328125 0.0515625
0 0.571875 0.35703125 0.040625 0.06875
0 0.61875 0.346875 0.028125 0.0609375
0 0.82421875 0.33203125 0.021875 0.0421875
0 0.65078125 0.37578125 0.034375 0.059375
0 0.48359375 0.3578125 0.0578125 0.0546875
0 0.03125 0.43125 0.0421875 0.0640625
0 0.665625 0.340625 0.0328125 0.04375
0 0.34453125 0.38046875 0.0734375 0.0671875
0 0.70390625 0.32578125 0.025 0.03125
0 0.60546875 0.53515625 0.1328125 0.1390625
0 0.7078125 0.30390625 0.0203125 0.0234375
0 0.0109375 0.39765625 0.021875 0.059375
0 0.875 0.32265625 0.025 0.0390625
2 0.071875 0.3984375 0.1046875 0.1171875
