0 0.6421875 0.5359375 0.121875 0.125
0 0.18359375 0.53984375 0.0671875 0.13125
0 0.803125 0.50703125 0.0734375 0.09375
0 0.1140625 0.63984375 0.059375 0.1453125
0 0.21796875 0.44765625 0.0703125 0.0796875
0 0.13359375 0.46875 0.05 0.0859375
0 0.06953125 0.49921875 0.0453125 0.0875
0 0.8484375 0.41953125 0.034375 0.06875
0 0.64921875 0.38125 0.0359375 0.0625
0 0.60859375 0.37265625 0.034375 0.0609375
0 0.68828125 0.378125 0.0328125 0.05625
0 0.025 0.44140625 0.0390625 0.05625
0 0.565625 0.359375 0.0375 0.0625
1 0.53984375 0.4046875 0.03125 0.0609375
0 0.87890625 0.334375 0.028125 0.05
0 0.6984375 0.33984375 0.0265625 0.0390625
0 0.5890625 0.33125 0.0328125 0.05625
0 0.834375 0.28515625 0.0234375 0.0546875
0 0.646875 0.29140625 0.025 0.0328125
0 0.70546875 0.3140625 0.0234375 0.028125
0 0.11953125 0.43046875 0.05625 0.0515625
0 0.66171875 0.33359375 0.0296875 0.0359375
0 0.071875 0.3640625 0.03125 0.0359375
0 0.19296875 0.38828125 0.040625 0.0359375
0 0.63203125 0.32109375 0.021875 0.034375
0 0.00859375 0.41015625 0.0171875 0.0515625
