0 0.35859375 0.63046875 0.09375 0.09296875
0 0.87421875 0.5765625 0.06015625 0.128125
0 0.40625 0.77421875 0.09921875 0.1421875
0 0.615625 0.6109375 0.1125 0.1171875
0 0.67890625 0.559375 0.09375 0.09296875
0 0.778125 0.546875 0.07265625 0.115625
0 0.26875 0.59140625 0.08125 0.0859375
0 0.88046875 0.48828125 0.0328125 0.0484375
0 0.9109375 0.51953125 0.0328125 0.05390625
0 0.9078125 0.43359375 0.021875 0.0390625
4 0.33828125 0.95078125 0.0640625 0.0984375
0 0.1640625 0.7 0.125 0.18203125
0 0.15234375 0.55390625 0.05625 0.0640625
0 0.72421875 0.90625 0.2125 0.17109375
0 0.2421875 0.88671875 0.1796875 0.1453125
