0 0.22109375 0.44921875 0.0703125 0.09375
0 0.565625 0.6 0.0828125 0.15625
0 0.3578125 0.7640625 0.140625 0.25625
0 0.14765625 0.4609375 0.053125 0.0734375
0 0.78671875 0.73984375 0.1140625 0.2125
0 0.5609375 0.4734375 0.059375 0.09375
0 0.53984375 0.39765625 0.0703125 0.134375
0 0.63125 0.4375 0.0421875 0.0875
0 0.0890625 0.49453125 0.040625 0.0890625
0 0.61953125 0.35234375 0.0390625 0.0625
0 0.1046875 0.4390625 0.0359375 0.059375
0 0.6953125 0.42578125 0.0359375 0.078125
0 0.70390625 0.35625 0.03125 0.0703125
0 0.66640625 0.34609375 0.0296875 0.053125
0 0.11875 0.38046875 0.034375 0.0359375
0 0.5765625 0.30546875 0.03125 0.046875
0 0.4171875 0.3703125 0.065625 0.0625
0 0.67421875 0.3078125 0.0234375 0.0390625
0 0.16328125 0.3765625 0.046875 0.053125
0 0.065625 0.46171875 0.0328125 0.0546875
0 0.64140625 0.303125 0.028125 0.0546875
0 0.7109375 0.3109375 0.0234375 0.0390625
