0 0.10625 0.54453125 0.053125 0.1125
0 0.80078125 0.44296875 0.0578125 0.06875
0 0.15078125 0.4265625 0.0359375 0.0671875
0 0.17265625 0.48984375 0.040625 0.0828125
0 0.16953125 0.3515625 0.0265625 0.046875
0 0.9015625 0.50078125 0.046875 0.0796875
0 0.4265625 0.36015625 0.034375 0.0609375
0 0.85859375 0.47109375 0.0515625 0.0734375
0 0.121875 0.4078125 0.0296875 0.05625
0 0.9109375 0.43203125 0.0390625 0.0609375
0 0.2984375 0.36015625 0.03125 0.06875
0 0.33828125 0.34609375 0.028125 0.053125
0 0.48671875 0.34453125 0.0546875 0.053125
0 0.21015625 0.33046875 0.025 0.046875
0 0.3640625 0.3796875 0.0359375 0.0625
0 0.93671875 0.4671875 0.0421875 0.06875
0 0.015625 0.5984375 0.03125 0.165625
0 0.32734375 0.3015625 0.0265625 0.046875
0 0.9703125 0.4421875 0.0328125 0.0578125
0 0.1234375 0.32421875 0.021875 0.0375
0 0.17265625 0.315625 0.021875 0.040625
0 0.184375 0.27421875 0.0203125 0.0296875
0 0.946875 0.41875 0.025 0.0421875
0 0.1453125 0.3046875 0.0171875 0.0328125
2 0.89609375 0.3875 0.140625 0.115625
