0 0.4875 0.74453125 0.11875 0.2328125
0 0.48984375 0.54609375 0.078125 0.1265625
0 0.1703125 0.4359375 0.0546875 0.0625
0 0.6109375 0.434375 0.046875 0.0828125
0 0.12890625 0.4640625 0.05 0.071875
0 0.08515625 0.47890625 0.040625 0.075
0 0.0359375 0.47109375 0.040625 0.0703125
0 0.3515625 0.3796875 0.0796875 0.0625
0 0.65 0.36796875 0.0359375 0.0765625
0 0.70234375 0.34453125 0.028125 0.059375
0 0.11875 0.41484375 0.0375 0.04375
0 0.671875 0.32734375 0.028125 0.059375
0 0.02265625 0.4125 0.03125 0.0515625
0 0.0515625 0.4234375 0.028125 0.046875
0 0.8765625 0.321875 0.0203125 0.0453125
