0 0.44375 0.60390625 0.0921875 0.14375
0 0.090625 0.51015625 0.046875 0.103125
0 0.29375 0.38828125 0.059375 0.0546875
0 0.14921875 0.428125 0.05625 0.0640625
0 0.12265625 0.38125 0.0359375 0.040625
0 0.6109375 0.35078125 0.0359375 0.059375
0 0.9234375 0.42890625 0.0453125 0.1078125
0 0.0640625 0.36640625 0.034375 0.0390625
0 0.67265625 0.30625 0.034375 0.075
4 0.95859375 0.88203125 0.0546875 0.109375
4 0.753125 0.484375 0.0453125 0.065625
0 0.7109375 0.309375 0.0234375 0.0515625
0 0.23828125 0.93046875 0.159375 0.1390625
