1 0.872396 0.622222 0.069792 0.081481
3 0.270052 0.150000 0.088021 0.107407
1 0.774740 0.543519 0.069271 0.074074
1 0.190104 0.107870 0.034375 0.043519
1 0.964844 0.704630 0.071354 0.090741
3 0.506771 0.154630 0.092708 0.112963
3 0.777604 0.341667 0.116667 0.138889
2 0.652083 0.732407 0.222917 0.316667
1 0.982292 0.857407 0.085417 0.122222
3 0.111458 0.712963 0.081250 0.162963
1 0.345313 0.351852 0.043750 0.057407
2 0.503125 0.469907 0.172917 0.219444
0 0.572917 0.765741 0.021875 0.046296
1 0.271354 0.870833 0.061458 0.113889
1 0.697396 0.604167 0.062500 0.080556
1 0.173437 0.803704 0.070833 0.111111
1 0.276042 0.351389 0.044792 0.060185
3 0.641406 0.292130 0.150521 0.165741
1 0.348438 0.150463 0.045833 0.047222
1 0.157292 0.244907 0.046875 0.056481
1 0.729688 0.112963 0.044792 0.031481
3 0.217188 0.982407 0.066667 0.072222
1 0.055990 0.100926 0.042188 0.050000
3 1.004948 0.508333 0.158854 0.155556
1 0.789844 0.477778 0.059896 0.068519
