1 0.766146 0.874074 0.075000 0.105556
1 0.580990 0.653241 0.071354 0.065741
1 0.177083 0.785185 0.069792 0.111111
1 0.088802 0.943056 0.073438 0.115741
1 -0.022656 0.900926 0.085938 0.140741
1 0.195312 0.541204 0.071875 0.108333
3 0.874740 0.605556 0.251563 0.279630
1 0.777083 0.467130 0.053125 0.039815
1 0.816927 0.410648 0.049479 0.054630
1 0.616667 0.147222 0.046875 0.037037
1 0.680208 0.140278 0.035417 0.037963
1 0.808594 0.175926 0.039062 0.037037
3 0.992188 0.168981 0.098958 0.087963
3 0.236198 0.931481 0.090104 0.140741
