0 0.880729 0.096296 0.018750 0.031481
1 0.838281 0.444444 0.071354 0.072222
0 0.183073 0.297685 0.016146 0.039815
1 0.413281 0.105093 0.038021 0.052778
1 0.941927 0.528704 0.065104 0.074074
1 0.268490 0.193056 0.045312 0.060185
1 0.217448 0.150463 0.043229 0.050926
3 0.214323 0.190741 0.064062 0.090741
3 0.191146 0.215741 0.078125 0.118519
3 0.110937 0.150000 0.087500 0.112963
1 0.772656 0.530093 0.064062 0.075000
1 0.860938 0.602778 0.075000 0.083333
1 0.834375 0.500926 0.072917 0.075926
1 0.964844 0.697222 0.083854 0.088889
3 0.046094 0.093981 0.049479 0.065741
2 0.094531 0.066667 0.127604 0.150000
1 0.347135 0.045370 0.035937 0.038889
