1 0.874740 0.623611 0.070312 0.080556
3 0.271615 0.150000 0.088021 0.107407
1 0.776823 0.544444 0.070312 0.074074
1 0.191667 0.108796 0.034375 0.043519
1 0.965625 0.706944 0.069792 0.091667
3 0.627865 0.236574 0.101562 0.123148
3 0.855469 0.374537 0.118229 0.089815
1 1.015885 0.900463 0.086979 0.112037
1 0.846875 0.832407 0.077083 0.103704
2 0.465104 0.524537 0.177083 0.241667
1 0.563281 0.479630 0.061979 0.085185
3 0.235417 0.374074 0.036458 0.111111
1 0.234896 0.250926 0.038542 0.051852
2 0.342708 0.322685 0.146875 0.182407
0 0.430729 0.600463 0.022917 0.049074
1 0.272396 0.871759 0.061458 0.113889
1 0.426302 0.354630 0.042188 0.062963
1 0.175000 0.803704 0.070833 0.111111
1 0.153646 0.236111 0.039583 0.051852
3 0.825000 0.422685 0.183333 0.193519
1 0.654427 0.375926 0.057813 0.064815
1 0.049479 0.143981 0.042708 0.050926
1 0.880469 0.119907 0.045312 0.036111
3 0.204167 1.016667 0.064583 0.074074
