1 0.869792 0.620370 0.069792 0.079630
3 0.267448 0.150000 0.088021 0.105556
1 0.772396 0.542130 0.069792 0.075000
1 0.186979 0.108796 0.034375 0.043519
1 0.963281 0.702778 0.074479 0.090741
3 0.228646 -0.028704 0.056250 0.079630
3 0.730990 0.195370 0.059896 0.127778
1 0.764844 0.753241 0.060937 0.086111
2 1.039062 0.983333 0.271875 0.333333
1 0.268750 0.872685 0.061458 0.113889
1 0.171354 0.804167 0.070833 0.112037
1 0.675000 0.758796 0.063542 0.087963
3 0.288542 0.050463 0.107292 0.117593
1 0.146354 0.647685 0.060417 0.110185
1 0.625000 0.129167 0.042708 0.034259
3 0.214062 0.984259 0.067708 0.072222
1 0.293490 0.304167 0.050521 0.062037
3 0.736979 0.321759 0.125000 0.130556
1 0.171615 0.032407 0.033854 0.037037
1 0.640885 0.331944 0.053646 0.054630
1 0.883333 0.114815 0.035417 0.033333
1 0.928125 0.582407 0.058333 0.068519
1 1.025000 0.550463 0.067708 0.069444
