0 0.545573 0.069444 0.019271 0.035185
1 0.822396 0.455093 0.068750 0.071296
1 0.002344 0.068056 0.009896 0.028704
0 0.197396 0.323611 0.013542 0.036111
3 0.900000 0.453704 0.085417 0.087037
1 0.939844 0.548148 0.064062 0.072222
1 0.273698 0.217130 0.045312 0.058333
1 0.222396 0.172685 0.040625 0.047222
3 0.235937 0.225463 0.061458 0.089815
3 0.203385 0.245370 0.076563 0.116667
3 0.119792 0.172222 0.088542 0.112963
1 0.775260 0.552315 0.064062 0.075000
1 0.863021 0.625926 0.075000 0.083333
1 0.826562 0.517593 0.072917 0.075926
1 0.965625 0.717593 0.082292 0.085185
3 0.052865 0.115278 0.049479 0.065741
2 0.117708 0.108796 0.128125 0.154630
