1 0.872656 0.612037 0.071354 0.079630
3 0.266406 0.144444 0.088021 0.105556
1 0.775000 0.534722 0.069792 0.075000
1 0.185417 0.102315 0.034375 0.043519
1 0.967448 0.692593 0.075521 0.090741
1 0.270313 0.867130 0.061458 0.113889
1 0.175521 0.792130 0.070833 0.112037
1 0.622917 0.124074 0.042708 0.035185
3 0.214844 0.978241 0.068229 0.073148
3 0.253646 -0.009722 0.077083 0.091667
1 0.689844 0.118519 0.035937 0.037037
1 0.421615 0.118519 0.043229 0.037037
1 0.208854 0.021296 0.032292 0.033333
1 0.332292 0.135648 0.040625 0.039815
1 0.785417 0.352778 0.058333 0.057407
1 0.648438 0.315741 0.054167 0.055556
1 0.829688 0.448611 0.058333 0.062037
