1 0.243490 0.016204 0.040104 0.043519
1 0.074740 0.134259 0.034896 0.051852
3 0.764583 0.399074 0.081250 0.094444
1 0.287760 0.868056 0.060937 0.110185
1 0.212760 0.986574 0.073438 0.080556
0 0.420833 0.578241 0.019792 0.039815
3 0.434115 0.104630 0.051562 0.062963
1 0.027604 0.037037 0.035417 0.044444
1 0.783854 0.147222 0.039583 0.040741
1 0.494531 0.200926 0.042188 0.046296
1 0.915625 0.814352 0.082292 0.110185
1 0.643750 0.549537 0.058333 0.080556
3 0.765885 0.835185 0.124479 0.209259
3 0.318750 0.362500 0.109375 0.136111
1 0.780990 0.551389 0.064062 0.075000
1 0.869271 0.625000 0.075000 0.083333
1 0.229687 0.050000 0.044792 0.046296
1 0.971354 0.717593 0.082292 0.085185
3 0.151302 0.198611 0.052604 0.069444
2 0.360677 0.323611 0.165104 0.208333
