1 0.840365 0.449074 0.072396 0.072222
0 0.180990 0.296759 0.016146 0.039815
1 0.472656 0.668519 0.067187 0.068519
1 0.352604 0.495370 0.063542 0.088889
1 0.361719 0.102315 0.038021 0.041667
1 0.266667 0.197222 0.044792 0.061111
1 0.214583 0.154167 0.042708 0.050926
3 0.209635 0.190278 0.061979 0.089815
3 0.188802 0.218981 0.077604 0.115741
3 0.109896 0.150463 0.089583 0.113889
1 0.772656 0.531481 0.064062 0.074074
1 0.859375 0.603704 0.075000 0.083333
1 0.833333 0.502778 0.072917 0.077778
1 0.963281 0.695370 0.083854 0.088889
3 0.043490 0.097685 0.049479 0.065741
2 0.069271 0.062500 0.123958 0.132407
3 0.236458 0.011111 0.057292 0.025926
1 0.448177 0.334259 0.039062 0.066667
