3 0.895833 0.425463 0.127083 0.152778
2 0.037500 0.047222 0.077083 0.094444
1 0.336198 0.527778 0.049479 0.074074
2 0.155729 0.200463 0.130208 0.160185
1 0.606510 0.189815 0.040104 0.046296
1 0.782552 0.539815 0.070312 0.075926
0 0.172656 0.293056 0.014063 0.036111
1 0.176042 0.797222 0.072917 0.116667
1 0.553125 0.366667 0.050000 0.059259
1 0.240365 0.237963 0.044271 0.055556
0 0.450781 0.009722 0.017188 0.026852
1 0.269271 0.212963 0.044792 0.055556
0 0.671354 0.894907 0.027083 0.050926
1 0.889583 0.628241 0.071875 0.082407
