0 0.366146 0.004630 0.016667 0.025926
1 0.595052 0.281019 0.054688 0.054630
1 -0.001042 0.064352 0.041667 0.052778
3 0.988542 0.587963 0.046875 0.064815
0 0.283073 0.411574 0.019271 0.039815
3 0.714583 0.309259 0.069792 0.075926
1 0.853125 0.050463 0.023958 0.047222
1 0.809375 0.442593 0.056250 0.062963
1 0.408594 0.331481 0.050521 0.064815
1 0.303906 0.243519 0.042188 0.057407
3 0.467448 0.445833 0.072396 0.112037
3 0.344271 0.377778 0.084375 0.137037
3 0.177344 0.224074 0.093229 0.114815
1 0.776302 0.552315 0.064062 0.075000
1 0.864583 0.626852 0.075000 0.083333
1 0.588281 0.326852 0.060937 0.064815
1 0.966146 0.721296 0.082292 0.085185
3 0.064323 0.122685 0.049479 0.065741
2 0.179427 0.162963 0.134896 0.164815
