1 0.948698 0.528241 0.079687 0.082407
0 0.180990 0.294907 0.016146 0.039815
1 0.057552 0.974074 0.063021 0.053704
1 0.397917 0.412963 0.045833 0.070370
1 0.266927 0.192593 0.044271 0.059259
1 0.213021 0.149537 0.041667 0.049074
3 0.208594 0.182407 0.061979 0.088889
3 0.188542 0.213889 0.077083 0.114815
3 0.109375 0.147685 0.089583 0.112037
1 0.772656 0.525000 0.064062 0.074074
1 0.860417 0.595370 0.075000 0.081481
1 0.842969 0.503704 0.075521 0.077778
1 0.961719 0.689352 0.076563 0.091667
3 0.041927 0.090278 0.049479 0.062037
2 0.041406 0.041667 0.084896 0.087037
3 0.445052 0.184259 0.040104 0.096296
1 0.200260 0.738426 0.064062 0.100926
