1 0.230990 0.489815 0.063021 0.087037
1 0.475781 0.373611 0.052604 0.050926
1 0.619531 0.432407 0.064062 0.059259
1 0.777865 0.474074 0.053646 0.061111
1 0.816667 0.405556 0.050000 0.055556
1 0.784115 0.556019 0.076563 0.080556
1 0.621094 0.141204 0.043229 0.037963
1 0.680990 0.137500 0.035937 0.036111
3 0.581250 0.272685 0.105208 0.100926
1 0.416406 0.279630 0.042188 0.046296
1 0.459115 0.652315 0.061979 0.063889
1 0.180469 0.784722 0.070312 0.110185
3 0.321875 0.768056 0.080208 0.136111
1 0.870833 0.544444 0.056250 0.066667
