1 0.872396 0.622222 0.069792 0.081481
3 0.269531 0.150000 0.088021 0.107407
1 0.774479 0.543519 0.069792 0.074074
1 0.190104 0.107870 0.034375 0.043519
1 0.964844 0.704630 0.071354 0.090741
3 0.499479 0.150000 0.087500 0.112963
3 0.773438 0.337037 0.116667 0.138889
2 0.663802 0.746296 0.225521 0.318519
1 1.013281 0.888889 0.086979 0.124074
3 0.094531 0.743981 0.084896 0.167593
1 0.354167 0.360185 0.043750 0.057407
2 0.514062 0.479630 0.173958 0.220370
0 0.582552 0.778704 0.022396 0.046296
1 0.271354 0.870833 0.061458 0.113889
1 0.719271 0.623611 0.063542 0.084259
1 0.173437 0.802778 0.070833 0.111111
1 0.284896 0.359722 0.044792 0.060185
3 0.628646 0.283796 0.148958 0.163889
1 0.331771 0.139352 0.043750 0.045370
1 0.163802 0.250463 0.047396 0.056481
1 0.721354 0.113426 0.041667 0.032407
3 0.216667 0.982407 0.066667 0.072222
1 0.061979 0.106944 0.042708 0.050926
3 0.996615 0.503241 0.158854 0.154630
1 0.764062 0.456944 0.057292 0.067593
