1 0.839844 0.449074 0.072396 0.072222
0 0.180990 0.296759 0.016146 0.039815
1 0.533073 0.672222 0.064062 0.066667
1 0.390885 0.434722 0.056771 0.082407
1 0.324219 0.070833 0.036979 0.041667
1 0.266667 0.197222 0.044792 0.061111
1 0.214583 0.154167 0.042708 0.050926
3 0.210156 0.190278 0.061979 0.089815
3 0.189062 0.218981 0.078125 0.117593
3 0.109896 0.151389 0.089583 0.113889
1 0.772656 0.531481 0.064062 0.074074
1 0.859375 0.603704 0.075000 0.083333
1 0.832812 0.502778 0.072917 0.077778
1 0.962760 0.696296 0.083854 0.088889
3 0.043490 0.097685 0.049479 0.065741
2 0.071875 0.063426 0.125000 0.128704
1 0.459115 0.290278 0.028646 0.060185
