0 0.449219 0.021296 0.019271 0.035185
1 0.732292 0.385185 0.063542 0.064815
1 0.004687 0.068519 0.009375 0.027778
3 0.996354 0.611574 0.007292 0.041667
0 0.234375 0.354630 0.017708 0.031481
3 0.812760 0.386111 0.078646 0.083333
1 0.824479 0.003704 0.017708 0.009259
1 0.916927 0.529630 0.064062 0.072222
1 0.314844 0.248611 0.045312 0.056481
1 0.239583 0.188426 0.042708 0.054630
3 0.328646 0.307870 0.066667 0.097222
3 0.259896 0.298611 0.079167 0.125000
3 0.134375 0.184722 0.088542 0.113889
1 0.775260 0.554167 0.064062 0.075000
1 0.863542 0.627778 0.075000 0.083333
1 0.736198 0.442130 0.067187 0.073148
1 0.966146 0.721296 0.082292 0.085185
3 0.055990 0.118056 0.049479 0.065741
2 0.136458 0.124537 0.129167 0.158333
