0 0.497135 0.045370 0.019271 0.035185
1 0.786458 0.427778 0.065625 0.068519
1 0.003906 0.068981 0.009896 0.028704
3 0.996354 0.611574 0.007292 0.041667
0 0.214062 0.340278 0.017708 0.034259
3 0.854167 0.420370 0.083333 0.085185
1 0.939323 0.550000 0.064062 0.072222
1 0.285156 0.225463 0.045312 0.056481
1 0.226302 0.178241 0.041146 0.050926
3 0.272917 0.257870 0.062500 0.087963
3 0.225260 0.267130 0.077604 0.119444
3 0.121875 0.175000 0.088542 0.112963
1 0.775260 0.554167 0.064062 0.075000
1 0.863021 0.626852 0.075000 0.083333
1 0.790885 0.489352 0.069271 0.073148
1 0.965625 0.718519 0.082292 0.085185
3 0.054948 0.118056 0.049479 0.065741
2 0.123698 0.116204 0.127604 0.154630
