3 0.900000 0.428241 0.127083 0.152778
2 0.032552 0.042593 0.066146 0.087037
1 0.313802 0.562963 0.051562 0.079630
2 0.155729 0.201389 0.130208 0.160185
1 0.615885 0.183333 0.041146 0.046296
1 0.782552 0.540741 0.070312 0.075926
0 0.172656 0.293056 0.014063 0.036111
1 0.164583 0.818519 0.073958 0.118519
1 0.525000 0.395833 0.053125 0.067593
1 0.240365 0.237963 0.044271 0.055556
0 0.464323 0.018056 0.017188 0.026852
1 0.268750 0.212963 0.044792 0.055556
0 0.657813 0.876389 0.026042 0.050926
1 0.894271 0.632870 0.071875 0.082407
