1 0.872396 0.622222 0.069792 0.081481
3 0.269531 0.150000 0.088021 0.107407
1 0.774479 0.543519 0.069792 0.074074
1 0.190104 0.107870 0.034375 0.043519
1 0.964844 0.704630 0.071354 0.090741
3 0.496875 0.148148 0.087500 0.112963
3 0.771875 0.334722 0.115625 0.137963
2 0.666146 0.748148 0.227083 0.320370
1 1.021615 0.896296 0.086979 0.124074
3 0.090104 0.752315 0.085417 0.169444
1 0.356771 0.362500 0.043750 0.058333
2 0.516667 0.482407 0.175000 0.220370
0 0.585156 0.781481 0.022396 0.046296
1 0.271354 0.870833 0.061458 0.113889
1 0.724479 0.629167 0.063542 0.084259
1 0.173437 0.802778 0.070833 0.111111
1 0.287500 0.362500 0.044792 0.060185
3 0.626042 0.281944 0.148958 0.163889
1 0.327604 0.136111 0.042708 0.044444
1 0.164844 0.252315 0.047396 0.056481
1 0.720052 0.113889 0.042188 0.033333
3 0.216667 0.982407 0.066667 0.072222
1 0.063542 0.107870 0.042708 0.050926
3 0.994531 0.500463 0.158854 0.154630
1 0.758854 0.453241 0.057292 0.067593
