3 0.599479 0.669907 0.079167 0.087963
1 0.875260 0.873148 0.070312 0.098148
1 0.197396 0.788889 0.060417 0.096296
2 0.163802 0.219907 0.127604 0.162037
3 0.329427 0.428704 0.072396 0.088889
1 0.691927 0.169444 0.041146 0.038889
1 0.841667 0.606019 0.076042 0.082407
1 -0.012500 0.948611 0.087500 0.147222
1 0.164583 0.672685 0.066667 0.110185
1 0.232031 0.837037 0.072396 0.131481
3 0.458854 0.385185 0.063542 0.062963
1 0.201823 0.206944 0.042188 0.047222
0 0.884635 0.113889 0.023438 0.029630
1 0.074219 0.055556 0.038021 0.044444
0 0.295573 0.941204 0.023438 0.052778
