1 0.884375 0.511111 0.066667 0.074074
1 0.235677 0.300463 0.039062 0.058333
3 0.397917 0.131019 0.056250 0.069444
1 0.288802 0.874074 0.060937 0.107407
1 0.225521 0.966667 0.072917 0.079630
0 0.630990 0.866667 0.026562 0.055556
1 0.050260 0.118981 0.034896 0.047222
1 0.428906 0.397685 0.050521 0.063889
1 0.696354 0.173611 0.042708 0.039815
3 0.628385 0.719907 0.152604 0.212037
1 0.778906 0.557870 0.064062 0.075000
1 0.867188 0.631481 0.075000 0.083333
1 0.970833 0.724074 0.082292 0.085185
3 0.370312 0.420833 0.063542 0.093519
2 0.810677 0.779630 0.272396 0.346296
