0 0.412500 0.012037 0.017708 0.025926
1 0.675781 0.342130 0.059896 0.062037
1 0.002344 0.066667 0.020313 0.033333
3 0.993750 0.601389 0.014583 0.054630
0 0.253125 0.375926 0.017708 0.031481
3 0.772656 0.354630 0.074479 0.079630
1 0.836198 0.017130 0.029687 0.041667
1 0.874740 0.495370 0.059896 0.070370
1 0.353646 0.281481 0.046875 0.059259
1 0.261979 0.207870 0.041667 0.054630
3 0.378646 0.356481 0.067708 0.103704
3 0.290625 0.326389 0.082292 0.128704
3 0.151302 0.196759 0.090104 0.112037
1 0.776302 0.553241 0.064062 0.075000
1 0.864062 0.626852 0.075000 0.083333
1 0.673698 0.391667 0.065104 0.070370
1 0.966146 0.721296 0.082292 0.085185
3 0.056510 0.117130 0.049479 0.065741
2 0.152604 0.138426 0.131250 0.160185
