1 0.879167 0.633333 0.070833 0.081481
3 0.277344 0.153241 0.088021 0.108333
1 0.781250 0.552315 0.070833 0.075000
1 0.198437 0.111574 0.034375 0.043519
1 0.970313 0.716204 0.067708 0.091667
3 0.883073 0.426852 0.123438 0.153704
3 1.035937 0.521759 0.141667 0.117593
1 0.267969 0.229630 0.045312 0.057407
1 0.242708 0.256481 0.045833 0.057407
2 0.152604 0.218519 0.130208 0.161111
1 0.207031 0.166667 0.041146 0.055556
3 0.063542 0.149537 0.044792 0.075000
1 0.085417 0.124074 0.017708 0.042593
2 0.156510 0.153241 0.116146 0.134259
0 0.181510 0.323148 0.014063 0.033333
1 0.275000 0.873611 0.062500 0.112037
1 0.809115 0.492593 0.070312 0.072222
1 0.138542 0.103704 0.022917 0.020370
1 0.179167 0.804167 0.070833 0.110185
1 0.000781 0.094907 0.035937 0.045370
