2 -0.004687 0.044907 0.041667 0.086111
1 0.608333 0.300926 0.051042 0.057407
1 0.347135 0.418056 0.044271 0.067593
3 0.251302 0.028241 0.051562 0.063889
1 0.289844 0.876852 0.060937 0.107407
1 0.227083 0.970370 0.072917 0.079630
0 0.723958 1.016667 0.029167 0.053704
1 0.132292 0.201389 0.038542 0.050926
1 0.764062 0.690741 0.067708 0.088889
1 0.695833 0.176389 0.041667 0.039815
3 0.864062 0.976852 0.191667 0.246296
1 0.778906 0.562500 0.064062 0.075000
1 0.866667 0.635185 0.075000 0.083333
1 0.970833 0.727778 0.082292 0.085185
3 0.522917 0.587500 0.070833 0.110185
