1 0.872396 0.612037 0.070833 0.079630
3 0.265885 0.144444 0.088021 0.105556
1 0.774219 0.534722 0.070312 0.076852
1 0.184896 0.102315 0.034375 0.043519
1 0.966927 0.692593 0.075521 0.090741
3 0.993490 0.144444 0.101562 0.077778
1 0.269792 0.866204 0.061458 0.113889
1 0.175000 0.792130 0.070833 0.112037
1 0.622917 0.124074 0.042708 0.035185
3 0.214844 0.978241 0.068229 0.073148
3 0.319792 0.032407 0.081250 0.092593
1 0.695052 0.116667 0.035937 0.037037
1 0.133594 -0.003704 0.031771 0.035185
1 0.489063 0.162037 0.045833 0.042593
1 0.304688 0.085185 0.034375 0.035185
1 0.430469 0.206019 0.045312 0.045370
1 0.847656 0.407407 0.063021 0.059259
1 0.785156 0.414352 0.058854 0.063889
1 1.019531 0.590278 0.064062 0.073148
