3 1.009115 1.009722 0.109896 0.154630
1 0.660937 0.774537 0.068750 0.091667
1 0.462760 0.648611 0.069271 0.067593
1 0.174479 0.788889 0.069792 0.111111
1 0.089323 0.943056 0.073438 0.115741
1 0.103906 0.689815 0.077604 0.118519
1 0.283854 0.447685 0.068750 0.084259
3 0.875521 0.606481 0.250000 0.279630
1 0.777083 0.467130 0.053125 0.039815
1 0.816927 0.409722 0.049479 0.054630
1 0.619531 0.146759 0.045312 0.036111
1 0.679688 0.140278 0.035417 0.037963
1 0.754427 0.195370 0.036979 0.038889
3 0.915365 0.155556 0.097396 0.074074
