0 0.417969 0.014815 0.018229 0.025926
1 0.686458 0.350000 0.060417 0.062963
1 0.004948 0.065278 0.011979 0.034259
3 0.994010 0.604167 0.013021 0.047222
0 0.248958 0.372222 0.017708 0.031481
3 0.780469 0.359259 0.074479 0.079630
1 0.834115 0.016204 0.028646 0.034259
1 0.883594 0.501389 0.059896 0.071296
1 0.347396 0.275926 0.046875 0.059259
1 0.256771 0.203241 0.041667 0.054630
3 0.368750 0.347222 0.067708 0.103704
3 0.285156 0.319907 0.080729 0.126852
3 0.147656 0.193981 0.090104 0.112037
1 0.776302 0.553241 0.064062 0.075000
1 0.864062 0.627778 0.075000 0.083333
1 0.684635 0.400926 0.065104 0.070370
1 0.966146 0.721296 0.082292 0.085185
3 0.055990 0.117130 0.049479 0.065741
2 0.148958 0.135648 0.131250 0.160185
