1 0.871094 0.619444 0.070312 0.081481
3 0.267448 0.148148 0.088021 0.107407
1 0.773177 0.541204 0.070312 0.076852
1 0.187500 0.106019 0.034375 0.043519
1 0.964323 0.701852 0.073438 0.090741
3 0.347656 0.052315 0.074479 0.099074
3 0.722656 0.255093 0.069271 0.143519
2 0.876302 1.014815 0.272396 0.405556
1 0.548438 0.544907 0.048958 0.069444
2 0.744531 0.697685 0.228646 0.284259
1 0.268229 0.870833 0.061458 0.113889
1 0.170833 0.801852 0.070833 0.111111
1 0.469531 0.549074 0.052604 0.072222
3 0.434375 0.150000 0.122917 0.140741
1 0.221094 0.412500 0.024479 0.084259
1 0.638021 0.125463 0.042708 0.036111
3 0.213802 0.981481 0.067187 0.072222
1 0.181771 0.204630 0.045833 0.057407
3 0.862240 0.405556 0.142187 0.144444
1 0.390885 0.186111 0.041146 0.044444
1 0.962240 0.563426 0.068229 0.073148
