1 0.878385 0.630093 0.069271 0.080556
3 0.277865 0.152778 0.088021 0.109259
1 0.780208 0.550000 0.069792 0.074074
1 0.195833 0.107870 0.034375 0.043519
1 0.968229 0.713426 0.067708 0.091667
3 0.882552 0.425000 0.123438 0.153704
3 1.036979 0.519907 0.141667 0.117593
1 0.268490 0.225926 0.045312 0.057407
1 0.241146 0.250926 0.045833 0.057407
2 0.152604 0.214815 0.129167 0.161111
1 0.150521 0.107870 0.035417 0.034259
3 0.064583 0.146759 0.043750 0.075000
1 0.083594 0.116667 0.019271 0.042593
2 0.156250 0.150926 0.115625 0.133333
1 0.859635 0.957407 0.079687 0.114815
1 0.229687 0.019444 0.035417 0.037037
1 0.246615 0.928704 0.064062 0.116667
1 1.012240 0.656481 0.079687 0.083333
