1 0.875260 0.630093 0.069271 0.082407
3 0.273177 0.154167 0.088021 0.108333
1 0.777604 0.551389 0.070833 0.076852
1 0.194271 0.113426 0.034375 0.043519
1 0.966146 0.712500 0.069792 0.091667
3 0.754948 0.331481 0.111979 0.138889
3 0.942708 0.448611 0.140625 0.113889
1 0.520312 0.450000 0.056250 0.070370
1 0.475260 0.476852 0.054688 0.064815
2 0.298958 0.359722 0.153125 0.189815
1 0.343490 0.290741 0.052604 0.068519
3 0.154948 0.233796 0.056771 0.082407
1 0.140104 0.166667 0.035417 0.046296
2 0.242969 0.233333 0.129688 0.150000
0 0.306771 0.462500 0.015625 0.034259
1 0.273438 0.875926 0.061458 0.114815
1 0.382812 0.147685 0.045833 0.045370
1 0.259115 0.205556 0.026562 0.024074
1 0.177083 0.806944 0.070833 0.110185
1 0.067448 0.159259 0.036979 0.048148
3 1.000521 0.557870 0.201042 0.208333
