3 0.896354 0.425463 0.127083 0.152778
2 0.036979 0.045833 0.073958 0.093519
1 0.330990 0.535185 0.050521 0.075926
2 0.155729 0.201389 0.130208 0.160185
1 0.608594 0.188889 0.040104 0.046296
1 0.782552 0.540741 0.070312 0.075926
0 0.172656 0.293056 0.014063 0.036111
1 0.172917 0.801852 0.072917 0.116667
1 0.547656 0.372685 0.049479 0.060185
1 0.240365 0.237963 0.044271 0.055556
0 0.451823 0.011574 0.017188 0.026852
1 0.269271 0.212963 0.044792 0.055556
0 0.669271 0.891204 0.027083 0.050926
1 0.890625 0.630093 0.071875 0.082407
