1 0.874219 0.638426 0.069271 0.080556
3 0.275781 0.160648 0.088021 0.108333
1 0.777865 0.557407 0.071354 0.075926
1 0.196875 0.117130 0.034375 0.043519
1 0.965625 0.721759 0.069792 0.091667
3 0.819792 0.388889 0.119792 0.150000
3 1.011979 0.511574 0.141667 0.117593
1 0.347917 0.304630 0.048958 0.061111
1 0.329167 0.342593 0.047917 0.061111
2 0.212500 0.282870 0.138542 0.169444
1 0.251563 0.214352 0.046875 0.063889
3 0.090104 0.178241 0.054167 0.075000
1 0.098177 0.133796 0.034896 0.045370
2 0.178646 0.182870 0.118750 0.137963
0 0.242969 0.390278 0.014063 0.034259
1 0.275000 0.881944 0.061458 0.112037
1 0.590885 0.324074 0.055729 0.055556
1 0.185938 0.150463 0.020833 0.019444
1 0.179688 0.812500 0.070833 0.110185
1 0.030469 0.129167 0.035937 0.045370
3 1.089063 0.636574 0.203125 0.208333
