3 0.828906 0.831944 0.098437 0.143519
1 0.564583 0.689815 0.066667 0.077778
1 0.368490 0.705556 0.066146 0.098148
1 0.175000 0.788889 0.069792 0.111111
1 0.089323 0.943056 0.073438 0.115741
1 0.005469 0.893981 0.077604 0.137963
1 0.203125 0.551389 0.071875 0.093519
1 0.371094 0.388889 0.068229 0.070370
3 0.882031 0.618981 0.235937 0.287963
1 0.777604 0.471759 0.053125 0.049074
1 0.816927 0.409722 0.049479 0.054630
1 0.619531 0.143981 0.045312 0.036111
1 0.679688 0.138426 0.035417 0.037963
1 0.709375 0.217593 0.036458 0.038889
3 0.848958 0.149537 0.089583 0.084259
