1 0.869271 0.620370 0.070833 0.079630
3 0.267448 0.150926 0.088021 0.105556
1 0.772135 0.542130 0.069271 0.075000
1 0.186979 0.108796 0.034375 0.043519
1 0.963281 0.702778 0.074479 0.090741
3 0.741927 0.181481 0.066146 0.118519
1 0.846354 0.833333 0.064583 0.090741
1 0.268750 0.872685 0.061458 0.113889
1 0.171354 0.804167 0.070833 0.112037
1 0.750521 0.833796 0.067708 0.093519
3 0.246094 0.023148 0.103646 0.118519
1 0.105208 0.736111 0.068750 0.120370
1 0.624479 0.130093 0.042708 0.034259
3 0.214062 0.984259 0.067708 0.072222
1 0.330990 0.336574 0.051562 0.065741
3 0.696615 0.294444 0.118229 0.124074
1 0.119010 -0.003704 0.033854 0.033333
1 0.559896 0.278704 0.051042 0.051852
1 0.850260 0.109722 0.035937 0.032407
1 0.825260 0.504167 0.053646 0.060185
1 0.970573 0.512963 0.066146 0.068519
