1 0.872917 0.611111 0.070833 0.079630
3 0.265885 0.144444 0.088021 0.105556
1 0.775000 0.534722 0.069792 0.075000
1 0.185417 0.103241 0.034375 0.043519
1 0.967448 0.692593 0.075521 0.090741
1 0.270313 0.867130 0.061458 0.113889
1 0.176563 0.790278 0.070833 0.112037
1 0.622917 0.123148 0.042708 0.035185
3 0.214844 0.978241 0.068229 0.073148
1 0.685677 0.118519 0.035937 0.037037
1 0.342448 0.067130 0.041146 0.034259
1 0.223958 0.059722 0.037500 0.036111
1 0.739844 0.286574 0.045312 0.058333
1 0.502344 0.215741 0.046354 0.048148
1 0.635417 0.306481 0.048958 0.051852
1 1.022656 0.536111 0.056771 0.062963
