3 0.884375 0.416204 0.123958 0.149074
2 0.119531 0.107407 0.114062 0.131481
1 0.429948 0.147222 0.030729 0.044444
2 0.153646 0.199537 0.130208 0.162037
1 0.969010 0.704630 0.067187 0.092593
1 0.511198 0.315278 0.033854 0.065741
1 0.782031 0.539815 0.071354 0.075926
0 0.173177 0.293981 0.014063 0.036111
1 0.389323 0.443981 0.049479 0.076852
1 0.924740 0.161111 0.051562 0.038889
3 0.197135 0.078241 0.079687 0.095370
1 0.239323 0.237037 0.044271 0.055556
1 0.361979 0.701389 0.058333 0.089815
1 0.269792 0.212963 0.044792 0.055556
3 0.030208 0.096296 0.051042 0.072222
1 0.880208 0.622222 0.070833 0.081481
1 0.013802 0.034259 0.029687 0.040741
3 0.997656 0.535648 0.005729 0.028704
