1 0.868750 0.620370 0.071875 0.079630
3 0.266406 0.150926 0.088021 0.105556
1 0.771875 0.542130 0.068750 0.075000
1 0.186458 0.108796 0.034375 0.043519
1 0.962760 0.701852 0.075521 0.090741
3 0.759635 0.166204 0.076563 0.112037
1 0.979688 0.963426 0.070833 0.099074
1 0.268229 0.872685 0.061458 0.113889
1 0.171354 0.804167 0.070833 0.112037
1 0.874740 0.957870 0.075521 0.104630
3 0.188542 -0.014815 0.101042 0.118519
1 0.031771 0.883796 0.083333 0.143519
1 0.623958 0.129167 0.042708 0.034259
3 0.213542 0.984259 0.067708 0.072222
1 0.389844 0.389815 0.052604 0.072222
3 0.643229 0.258333 0.112500 0.120370
1 0.453125 0.207407 0.046875 0.048148
1 0.811198 0.106944 0.034896 0.034259
1 0.696875 0.406944 0.047917 0.054630
1 0.895573 0.455556 0.066146 0.066667
1 1.000521 0.595833 0.057292 0.071296
