1 0.873437 0.609259 0.070833 0.079630
3 0.265885 0.144444 0.088021 0.105556
1 0.775000 0.532407 0.069792 0.075926
1 0.184375 0.100463 0.034375 0.043519
1 0.967969 0.690741 0.075521 0.090741
1 0.268229 0.867130 0.061458 0.113889
1 0.176563 0.786574 0.070833 0.112037
1 0.622396 0.120370 0.042708 0.035185
3 0.213021 0.978241 0.069792 0.073148
1 0.683594 0.116667 0.035937 0.037037
1 0.254427 0.009259 0.036979 0.031481
1 0.726823 0.223611 0.022396 0.054630
1 0.365885 0.118056 0.042188 0.043519
1 0.466406 0.186574 0.043229 0.045370
1 0.937760 0.474074 0.054688 0.059259
1 0.960156 0.596296 0.063021 0.072222
