1 0.122396 0.179630 0.037500 0.051852
3 0.614323 0.282870 0.073438 0.084259
1 0.288802 0.867130 0.060937 0.110185
1 0.225781 0.960648 0.073438 0.080556
0 0.503385 0.683333 0.022396 0.046296
3 0.308073 0.017593 0.046354 0.059259
1 0.149219 0.145833 0.040104 0.047222
1 0.719010 0.162037 0.040104 0.040741
1 0.358333 0.100000 0.037500 0.040741
1 0.994271 0.899537 0.082292 0.113889
3 0.417448 0.469907 0.118229 0.160185
1 0.780990 0.550463 0.064062 0.075000
1 0.869271 0.625000 0.075000 0.083333
1 0.971354 0.717593 0.082292 0.085185
3 0.217448 0.262963 0.054688 0.075926
2 0.495052 0.454167 0.188021 0.241667
