1 0.778646 0.427315 0.059375 0.063889
1 0.270313 0.336574 0.040625 0.062037
3 0.345573 0.094907 0.053646 0.065741
1 0.289323 0.875000 0.060937 0.107407
1 0.226042 0.967593 0.072917 0.079630
0 0.664844 0.917593 0.026562 0.053704
1 0.078646 0.147685 0.036458 0.049074
1 0.529427 0.484259 0.053646 0.068519
1 0.695833 0.174537 0.041667 0.039815
3 0.705469 0.807407 0.166146 0.229630
1 0.778906 0.559722 0.064062 0.075000
1 0.867188 0.633333 0.075000 0.083333
1 0.970833 0.726852 0.082292 0.085185
3 0.417708 0.472222 0.064583 0.098148
2 0.925521 0.901389 0.291667 0.371296
