1 0.869531 0.615741 0.070312 0.079630
3 0.265885 0.147222 0.088021 0.105556
1 0.771875 0.537500 0.068750 0.073148
1 0.184896 0.106019 0.034375 0.043519
1 0.963802 0.697222 0.075521 0.090741
3 0.902344 0.132407 0.098437 0.074074
1 0.267708 0.868981 0.061458 0.113889
1 0.172396 0.798611 0.070833 0.112037
1 0.622917 0.126852 0.042708 0.035185
3 0.213281 0.981019 0.068229 0.073148
1 0.758073 0.731944 0.077604 0.104630
3 0.429688 0.108333 0.090625 0.101852
1 0.710938 0.115278 0.034375 0.036111
1 0.283333 0.105093 0.033333 0.034259
1 0.608073 0.247685 0.051562 0.047222
1 0.486979 0.216667 0.040625 0.042593
1 0.625000 0.349537 0.054167 0.054630
1 0.998437 0.522685 0.068750 0.069444
