1 0.872656 0.604630 0.071354 0.081481
3 0.271615 0.143519 0.088021 0.105556
1 0.763021 0.516204 0.069792 0.073148
1 0.182812 0.096759 0.034375 0.043519
1 0.967969 0.686111 0.075521 0.090741
1 0.266667 0.862500 0.061458 0.113889
1 0.175781 0.781019 0.070312 0.112037
1 0.622396 0.118519 0.042708 0.035185
3 0.210417 0.974537 0.070833 0.073148
1 0.683073 0.112037 0.035937 0.037037
1 0.740885 0.181019 0.031771 0.049074
1 0.265885 0.048148 0.036979 0.040741
1 0.346354 0.106481 0.039583 0.040741
1 0.885417 0.432870 0.051042 0.056481
1 0.889062 0.537037 0.059375 0.066667
