1 0.873437 0.607407 0.070833 0.081481
3 0.266406 0.141667 0.088021 0.105556
1 0.772917 0.527315 0.070833 0.075000
1 0.183854 0.099537 0.034375 0.043519
1 0.967969 0.689815 0.075521 0.090741
1 0.267708 0.865278 0.061458 0.113889
1 0.176042 0.784722 0.070833 0.112037
1 0.622396 0.119444 0.042708 0.035185
3 0.211979 0.976389 0.069792 0.073148
1 0.683594 0.113889 0.035937 0.037037
1 0.224219 -0.010185 0.038021 0.031481
1 0.729948 0.203241 0.021354 0.052778
1 0.322917 0.087963 0.038542 0.042593
1 0.414583 0.150000 0.040625 0.042593
1 0.915365 0.455556 0.052604 0.057407
1 0.927604 0.568519 0.061458 0.070370
