1 0.374479 0.368056 0.061458 0.052778
1 0.599740 0.413889 0.054688 0.059259
1 0.728646 0.501389 0.069792 0.071296
1 0.776823 0.468056 0.053646 0.062037
1 0.815885 0.398148 0.048438 0.055556
1 0.919531 0.661574 0.089063 0.099074
1 0.620573 0.135648 0.043229 0.037963
1 0.680469 0.130093 0.035937 0.036111
3 0.473438 0.279630 0.103125 0.100000
1 0.325260 0.218056 0.038021 0.045370
1 0.336719 0.736574 0.059896 0.097222
1 0.181250 0.776852 0.069792 0.109259
3 0.241406 0.927315 0.088021 0.165741
1 0.978125 0.622222 0.061458 0.074074
