0 0.885417 0.096296 0.018750 0.031481
1 0.838281 0.444444 0.071354 0.072222
0 0.182552 0.296759 0.016146 0.039815
1 0.416927 0.109722 0.036979 0.052778
1 0.941927 0.528704 0.065104 0.074074
1 0.268490 0.193056 0.045312 0.060185
1 0.216406 0.150463 0.043229 0.050926
3 0.214323 0.190741 0.064062 0.090741
3 0.191146 0.215741 0.078125 0.118519
3 0.110937 0.150000 0.087500 0.112963
1 0.772656 0.529167 0.064062 0.075000
1 0.860417 0.601852 0.075000 0.083333
1 0.834375 0.500926 0.072917 0.075926
1 0.964323 0.696296 0.083854 0.088889
3 0.046094 0.093056 0.049479 0.065741
2 0.093490 0.065741 0.128646 0.148148
1 0.351823 0.048148 0.035937 0.038889
