1 0.312760 0.067130 0.042188 0.045370
1 0.057292 0.118519 0.035417 0.050000
3 0.830729 0.451852 0.086458 0.098148
1 0.283594 0.874537 0.060937 0.110185
1 0.196615 1.018981 0.073438 0.080556
0 0.388021 0.537963 0.018750 0.042593
3 0.490625 0.146759 0.055208 0.067593
1 0.814323 0.137500 0.036979 0.041667
1 0.552865 0.246296 0.043229 0.050000
1 0.761719 0.663426 0.070312 0.095370
1 0.537240 0.450926 0.051562 0.070370
3 1.014844 1.011111 0.119271 0.177778
3 0.640104 0.696759 0.108333 0.189815
3 0.277865 0.317593 0.104688 0.131481
1 0.779427 0.551389 0.064062 0.075000
1 0.867708 0.624074 0.075000 0.083333
1 0.301042 0.103704 0.044792 0.046296
1 0.970313 0.717593 0.082292 0.085185
3 0.126042 0.177315 0.051042 0.067593
2 0.309635 0.277315 0.154688 0.193519
