1 0.837760 0.572685 0.069271 0.078704
3 0.301302 0.164815 0.088021 0.105556
1 0.690625 0.456481 0.064583 0.068519
1 0.184896 0.094907 0.034375 0.043519
1 0.964844 0.679630 0.075521 0.090741
1 0.264583 0.859722 0.061458 0.113889
1 0.175781 0.772685 0.070312 0.112037
1 0.622396 0.112963 0.042708 0.035185
3 0.207031 0.970370 0.072396 0.074074
1 0.682552 0.109259 0.035937 0.037037
1 0.800000 0.141204 0.045833 0.039815
1 0.179688 0.005093 0.034375 0.036111
1 0.830729 0.389815 0.050000 0.055556
1 0.819010 0.479630 0.055729 0.062963
