2 -0.002604 0.046759 0.041667 0.086111
1 0.604167 0.296296 0.051042 0.057407
1 0.350260 0.420833 0.044271 0.067593
3 0.248438 0.024537 0.047917 0.060185
1 0.289844 0.876852 0.060937 0.107407
1 0.227083 0.970370 0.072917 0.079630
0 0.726042 1.019444 0.029167 0.053704
1 0.134375 0.203241 0.038542 0.050926
1 0.771615 0.698148 0.069271 0.090741
1 0.695833 0.176389 0.041667 0.039815
3 0.868229 0.980556 0.191667 0.246296
1 0.778906 0.562500 0.064062 0.075000
1 0.866667 0.635185 0.075000 0.083333
1 0.970833 0.727778 0.082292 0.085185
3 0.526302 0.592130 0.071354 0.110185
