1 0.874479 0.623611 0.070833 0.080556
3 0.271615 0.150000 0.088021 0.107407
1 0.776823 0.544444 0.070312 0.074074
1 0.191146 0.108796 0.034375 0.043519
1 0.965365 0.706944 0.070312 0.091667
3 0.605729 0.221296 0.100000 0.122222
3 0.840625 0.385185 0.118750 0.131481
1 0.940104 0.926852 0.080208 0.114815
2 0.499479 0.562963 0.183333 0.253704
1 0.624479 0.532870 0.065625 0.091667
3 0.232031 0.418519 0.030729 0.116667
1 0.252344 0.266667 0.039062 0.051852
2 0.365885 0.347685 0.152604 0.191667
0 0.454688 0.631019 0.022917 0.049074
1 0.272396 0.871759 0.061458 0.113889
1 0.466667 0.392130 0.048958 0.065741
1 0.175000 0.802778 0.070833 0.111111
1 0.172656 0.253704 0.040104 0.053704
3 0.792969 0.401852 0.179688 0.192593
1 0.588281 0.326389 0.052604 0.058333
1 0.069271 0.162500 0.042708 0.050926
1 0.846094 0.117130 0.045312 0.034259
3 0.212760 0.995833 0.065104 0.073148
