1 0.876823 0.635648 0.070312 0.080556
3 0.276302 0.156944 0.088021 0.108333
1 0.779167 0.555093 0.069792 0.076852
1 0.197917 0.115278 0.034375 0.043519
1 0.967187 0.719907 0.067708 0.091667
3 0.869010 0.421296 0.123438 0.153704
3 1.033333 0.524537 0.141667 0.117593
1 0.278385 0.243519 0.045312 0.057407
1 0.258854 0.276852 0.044792 0.057407
2 0.168490 0.237963 0.132812 0.162963
1 0.216146 0.179630 0.041667 0.061111
3 0.067708 0.154167 0.053125 0.075000
1 0.086198 0.128704 0.019271 0.044444
2 0.156510 0.158333 0.116146 0.133333
0 0.203906 0.341667 0.015104 0.033333
1 0.275000 0.878241 0.062500 0.112037
1 0.731510 0.434722 0.064062 0.067593
1 0.160938 0.127315 0.020833 0.019444
1 0.178646 0.809722 0.070833 0.110185
1 0.017448 0.114352 0.035937 0.045370
