1 0.872656 0.612037 0.071354 0.079630
3 0.266406 0.144444 0.088021 0.105556
1 0.775000 0.534722 0.069792 0.075000
1 0.185417 0.102315 0.034375 0.043519
1 0.967448 0.692593 0.075521 0.090741
1 0.270313 0.867130 0.061458 0.113889
1 0.175521 0.792130 0.070833 0.112037
1 0.622917 0.124074 0.042708 0.035185
3 0.214844 0.978241 0.068229 0.073148
3 0.255729 -0.008796 0.077083 0.091667
1 0.689844 0.118519 0.035937 0.037037
1 0.425000 0.120370 0.042708 0.037037
1 0.212500 0.023148 0.033333 0.033333
1 0.335938 0.138426 0.040625 0.039815
1 0.787500 0.354630 0.058333 0.057407
1 0.653125 0.320370 0.054167 0.055556
1 0.837240 0.453241 0.058854 0.062037
