0 0.425781 0.011111 0.019271 0.035185
1 0.696875 0.357870 0.061458 0.063889
1 0.003906 0.065278 0.011979 0.034259
3 0.996354 0.609722 0.007292 0.041667
0 0.245833 0.369444 0.017708 0.031481
3 0.787500 0.365278 0.076042 0.080556
1 0.832031 0.012500 0.026562 0.030556
1 0.891146 0.509259 0.060417 0.072222
1 0.340104 0.270370 0.046875 0.057407
1 0.252604 0.200463 0.042708 0.054630
3 0.360417 0.337037 0.067708 0.103704
3 0.279427 0.316204 0.080729 0.126852
3 0.145052 0.192130 0.090104 0.112037
1 0.776302 0.554167 0.064062 0.075000
1 0.864062 0.627778 0.075000 0.083333
1 0.695573 0.409259 0.065104 0.070370
1 0.966146 0.721296 0.082292 0.085185
3 0.055990 0.117130 0.049479 0.065741
2 0.146354 0.133796 0.129167 0.158333
