1 0.926562 0.509722 0.078125 0.080556
0 0.180990 0.294907 0.016146 0.039815
1 0.065625 0.952778 0.087500 0.098148
1 0.413281 0.383796 0.043229 0.067593
1 0.266667 0.193519 0.044792 0.061111
1 0.213021 0.150463 0.042708 0.050926
3 0.208594 0.184259 0.061979 0.088889
3 0.188542 0.213889 0.077083 0.114815
3 0.109375 0.147685 0.089583 0.112037
1 0.772656 0.525000 0.064062 0.074074
1 0.860417 0.595370 0.075000 0.081481
1 0.840104 0.501852 0.072917 0.075926
1 0.961719 0.689352 0.076563 0.091667
3 0.041927 0.090278 0.049479 0.062037
2 0.043490 0.043519 0.089063 0.090741
3 0.438542 0.165278 0.044792 0.093519
1 0.221094 0.702315 0.063021 0.097222
