1 0.868750 0.620370 0.071875 0.079630
3 0.266927 0.150926 0.088021 0.105556
1 0.772135 0.542130 0.069271 0.075000
1 0.186979 0.108796 0.034375 0.043519
1 0.962760 0.702778 0.075521 0.090741
3 0.749479 0.173611 0.073958 0.115741
1 0.909896 0.895370 0.066667 0.098148
1 0.268750 0.872685 0.061458 0.113889
1 0.171354 0.804167 0.070833 0.112037
1 0.809635 0.893519 0.071354 0.098148
3 0.217708 0.002778 0.101042 0.118519
1 0.071615 0.804630 0.075521 0.131481
1 0.623958 0.130093 0.042708 0.034259
3 0.213542 0.984259 0.067708 0.072222
1 0.359375 0.362500 0.053125 0.069444
3 0.669271 0.275000 0.116667 0.124074
1 0.505990 0.242593 0.047396 0.050000
1 0.829427 0.109259 0.034896 0.033333
1 0.758854 0.453704 0.052083 0.061111
1 0.933073 0.484259 0.067187 0.066667
