1 0.875000 0.631019 0.068750 0.082407
3 0.273698 0.155093 0.088021 0.108333
1 0.777604 0.552315 0.070833 0.075000
1 0.194271 0.113426 0.034375 0.043519
1 0.966146 0.713426 0.069792 0.091667
3 0.760677 0.336574 0.114062 0.139815
3 0.947396 0.454167 0.140625 0.115741
1 0.506250 0.437963 0.055208 0.070370
1 0.462760 0.464815 0.053646 0.064815
2 0.292187 0.353704 0.152083 0.187037
1 0.336198 0.285648 0.051562 0.067593
3 0.149740 0.228704 0.056771 0.081481
1 0.135417 0.163889 0.035417 0.046296
2 0.238802 0.230093 0.128646 0.149074
0 0.302083 0.457870 0.015625 0.034259
1 0.273438 0.876852 0.061458 0.112963
1 0.396354 0.160648 0.045833 0.045370
1 0.253906 0.201852 0.026562 0.024074
1 0.177604 0.806944 0.070833 0.110185
1 0.063802 0.156019 0.036979 0.047222
3 1.007812 0.563426 0.201042 0.208333
