1 0.378125 0.114352 0.045833 0.049074
1 0.041406 0.103704 0.034896 0.050000
3 0.886458 0.496759 0.093750 0.106481
1 0.273438 0.892593 0.062500 0.112963
0 0.359115 0.504630 0.019271 0.040741
3 0.545052 0.184259 0.057813 0.070370
1 0.837500 0.123148 0.033333 0.044444
1 0.609896 0.287500 0.046875 0.052778
1 0.650521 0.556019 0.063542 0.084259
1 0.464844 0.381944 0.050521 0.065741
3 0.834115 0.819907 0.107813 0.156481
3 0.552083 0.598611 0.098958 0.171296
3 0.248438 0.291667 0.101042 0.122222
1 0.779427 0.549537 0.064062 0.075000
1 0.867188 0.623148 0.075000 0.083333
1 0.365885 0.152315 0.047396 0.049074
1 0.970313 0.717593 0.082292 0.085185
3 0.108333 0.160185 0.048958 0.064815
2 0.271615 0.241667 0.148438 0.187037
