0 0.529427 0.062963 0.019271 0.035185
1 0.813281 0.448611 0.068229 0.071296
1 0.002865 0.068056 0.009896 0.028704
0 0.202083 0.330093 0.017708 0.036111
3 0.884635 0.442593 0.083854 0.087037
1 0.939844 0.548148 0.064062 0.072222
1 0.275781 0.218981 0.045312 0.058333
1 0.223698 0.173611 0.040104 0.045370
3 0.245312 0.232870 0.062500 0.089815
3 0.209115 0.251389 0.076563 0.117593
3 0.119792 0.172222 0.088542 0.112963
1 0.774740 0.553241 0.064062 0.075000
1 0.863021 0.625926 0.075000 0.083333
1 0.817708 0.510185 0.072917 0.075926
1 0.965625 0.717593 0.082292 0.085185
3 0.053906 0.117130 0.049479 0.065741
2 0.118229 0.111111 0.128125 0.155556
