1 0.090885 0.148611 0.034896 0.050926
3 0.701562 0.347685 0.080208 0.093519
1 0.288802 0.867130 0.060937 0.110185
1 0.221094 0.970833 0.073438 0.080556
0 0.450781 0.620833 0.023438 0.045370
3 0.383333 0.068981 0.048958 0.060185
1 0.072656 0.076852 0.036979 0.048148
1 0.754427 0.153704 0.041146 0.040741
1 0.440885 0.160648 0.040104 0.045370
1 0.767188 0.672685 0.067708 0.089815
3 0.914583 0.998611 0.142708 0.232407
3 0.357552 0.403241 0.111979 0.145370
1 0.780990 0.550463 0.064062 0.075000
1 0.869271 0.625000 0.075000 0.083333
1 0.169271 0.002315 0.041667 0.043519
1 0.971354 0.717593 0.082292 0.085185
3 0.175521 0.222222 0.053125 0.072222
2 0.412500 0.373148 0.175000 0.224074
