1 0.722135 0.384722 0.058854 0.063889
1 0.291927 0.359259 0.042188 0.062963
3 0.316406 0.072685 0.052604 0.065741
1 0.289844 0.875926 0.060937 0.107407
1 0.226562 0.969444 0.072917 0.079630
0 0.683594 0.948611 0.028646 0.054630
1 0.094531 0.164815 0.036979 0.046296
1 0.594010 0.538426 0.058854 0.075000
1 0.695833 0.175463 0.041667 0.039815
3 0.753646 0.860648 0.175000 0.241667
1 0.778906 0.559722 0.064062 0.075000
1 0.867188 0.634259 0.075000 0.083333
1 0.970833 0.727778 0.082292 0.085185
3 0.448177 0.503704 0.066146 0.101852
2 0.998177 0.980556 0.295312 0.377778
