3 0.625781 0.681481 0.080729 0.096296
1 0.922656 0.919907 0.072396 0.104630
1 0.196615 0.787963 0.060937 0.096296
2 0.162760 0.217593 0.127604 0.161111
3 0.303125 0.448611 0.072917 0.099074
1 0.691667 0.168519 0.041667 0.038889
1 0.828646 0.593519 0.073958 0.081481
0 -0.000260 0.140278 0.013021 0.032407
1 0.132292 0.731944 0.069792 0.115741
1 0.232552 0.836111 0.072396 0.131481
3 0.434115 0.387963 0.065104 0.068519
1 0.207813 0.213426 0.040625 0.049074
0 0.865885 0.107870 0.023438 0.026852
1 0.088281 0.067593 0.038021 0.044444
0 0.306250 0.915278 0.021875 0.052778
