0 0.375521 0.010185 0.016667 0.025926
1 0.616667 0.296759 0.056250 0.056481
1 -0.005469 0.065278 0.047396 0.052778
3 0.992708 0.593981 0.046875 0.063889
0 0.276562 0.401852 0.017708 0.037037
3 0.729427 0.321296 0.071354 0.077778
1 0.849219 0.042593 0.025521 0.048148
1 0.826042 0.455093 0.057292 0.065741
1 0.394271 0.318519 0.048958 0.064815
1 0.291927 0.233333 0.041146 0.055556
3 0.442188 0.419444 0.070833 0.107407
3 0.329167 0.363889 0.084375 0.135185
3 0.170052 0.217593 0.093229 0.114815
1 0.776302 0.552315 0.064062 0.075000
1 0.864583 0.626852 0.075000 0.083333
1 0.610677 0.343519 0.060937 0.066667
1 0.966146 0.721296 0.082292 0.085185
3 0.061198 0.120833 0.049479 0.065741
2 0.172396 0.155556 0.133333 0.162963
