1 0.889583 0.514352 0.067708 0.075000
1 0.234115 0.298611 0.039062 0.058333
3 0.400521 0.133796 0.056250 0.071296
1 0.288802 0.874074 0.060937 0.107407
1 0.225521 0.966667 0.072917 0.079630
0 0.629427 0.862963 0.026562 0.055556
1 0.048698 0.118981 0.034896 0.047222
1 0.423698 0.394444 0.050521 0.062963
1 0.696354 0.173611 0.042708 0.039815
3 0.625000 0.716204 0.151042 0.210185
1 0.778906 0.557870 0.064062 0.075000
1 0.867188 0.631481 0.075000 0.083333
1 0.971354 0.723148 0.082292 0.085185
3 0.367708 0.418056 0.063542 0.093519
2 0.803906 0.772222 0.272396 0.344444
