1 0.843490 0.446759 0.072396 0.075000
0 0.181510 0.295833 0.016146 0.039815
1 0.319271 0.765741 0.065625 0.105556
1 0.236719 0.673148 0.074479 0.112963
1 0.433854 0.197222 0.029167 0.053704
1 0.266667 0.194444 0.044792 0.061111
1 0.214062 0.151389 0.042708 0.050926
3 0.209635 0.187500 0.061979 0.089815
3 0.189323 0.217130 0.077604 0.115741
3 0.109896 0.149537 0.089583 0.113889
1 0.772656 0.527778 0.064062 0.074074
1 0.860417 0.600000 0.075000 0.083333
1 0.834896 0.499074 0.072917 0.077778
1 0.963802 0.691667 0.083854 0.088889
3 0.043490 0.095833 0.049479 0.065741
2 0.053906 0.052315 0.125521 0.125000
3 0.332031 0.050463 0.061979 0.080556
1 0.375260 0.472222 0.050521 0.074074
