1 0.875521 0.626852 0.069792 0.081481
3 0.273698 0.151389 0.088021 0.108333
1 0.777344 0.547685 0.070312 0.075000
1 0.193229 0.112500 0.034375 0.043519
1 0.966667 0.709722 0.069792 0.091667
3 0.732812 0.313426 0.111458 0.134259
3 0.923177 0.432407 0.139063 0.112963
1 0.591406 0.508796 0.060937 0.076852
1 0.536198 0.533333 0.057813 0.070370
2 0.330990 0.387963 0.158854 0.200000
1 0.376823 0.318519 0.054688 0.074074
3 0.177604 0.253704 0.058333 0.085185
1 0.158854 0.182870 0.035417 0.047222
2 0.262500 0.247222 0.132292 0.153704
0 0.330469 0.485185 0.015104 0.033333
1 0.273958 0.873611 0.061458 0.113889
1 0.326302 0.103704 0.043229 0.040741
1 0.285156 0.224074 0.028646 0.025926
1 0.176563 0.804630 0.070833 0.111111
1 0.083073 0.171296 0.036979 0.048148
3 0.966667 0.528704 0.198958 0.207407
1 1.024479 0.668981 0.072917 0.086111
