1 0.869010 0.617130 0.070312 0.080556
3 0.265885 0.148148 0.088021 0.105556
1 0.771094 0.539352 0.069271 0.075000
1 0.185938 0.106019 0.034375 0.043519
1 0.962760 0.698148 0.075521 0.090741
3 0.817708 0.139815 0.087500 0.088889
1 0.267708 0.869907 0.061458 0.113889
1 0.170313 0.801389 0.070833 0.112037
1 0.623958 0.128704 0.042708 0.035185
3 0.212760 0.981019 0.068229 0.073148
1 0.528125 0.514352 0.059375 0.080556
3 0.549479 0.189352 0.100000 0.112037
1 0.263021 0.080093 0.040625 0.041667
1 0.752083 0.108333 0.035417 0.033333
1 0.488281 0.254167 0.040104 0.045370
1 0.757552 0.352778 0.057813 0.055556
1 0.740625 0.397222 0.048958 0.055556
1 0.892188 0.551389 0.067708 0.071296
