3 0.883854 0.418981 0.123958 0.149074
2 0.127344 0.116667 0.115104 0.133333
1 0.398698 0.108333 0.032813 0.038889
2 0.153646 0.202315 0.130208 0.162037
1 0.968750 0.707870 0.067708 0.093519
1 0.503906 0.342593 0.030729 0.070370
1 0.780990 0.542593 0.071354 0.075926
0 0.173177 0.299537 0.014063 0.036111
1 0.415885 0.388889 0.042188 0.072222
1 0.995573 0.177315 0.053646 0.043519
3 0.222656 0.098148 0.082812 0.098148
1 0.239323 0.238889 0.044271 0.055556
1 0.412500 0.651852 0.058333 0.074074
1 0.269792 0.215741 0.044792 0.055556
3 0.044531 0.112037 0.052604 0.074074
1 0.878646 0.624074 0.070833 0.081481
1 0.029948 0.051389 0.033854 0.041667
3 1.000781 0.517593 0.039062 0.105556
