3 0.882292 0.423611 0.123958 0.149074
2 0.145052 0.138889 0.117188 0.135185
2 0.154688 0.209722 0.130208 0.162037
1 0.967187 0.712500 0.067708 0.093519
1 0.513802 0.504167 0.034896 0.084259
1 0.780469 0.547222 0.071354 0.075926
0 0.173698 0.303241 0.014063 0.036111
1 0.430990 0.196759 0.029687 0.050926
3 0.276823 0.145833 0.085938 0.102778
1 0.239844 0.244444 0.044271 0.055556
1 0.632292 0.696296 0.059375 0.083333
1 0.269792 0.222222 0.044792 0.055556
3 0.067448 0.139815 0.049479 0.075926
1 0.877604 0.627778 0.071875 0.081481
1 0.072917 0.096759 0.031250 0.043519
3 0.981250 0.506481 0.039583 0.105556
1 0.124479 0.044907 0.031250 0.039815
1 0.017708 0.005556 0.042708 0.050000
