1 0.877865 0.634259 0.070312 0.081481
3 0.276823 0.154167 0.088021 0.108333
1 0.780469 0.553241 0.070312 0.075000
1 0.197917 0.112500 0.034375 0.043519
1 0.968750 0.718056 0.067708 0.091667
3 0.879948 0.425926 0.123438 0.153704
3 1.034896 0.522685 0.141667 0.117593
1 0.269010 0.232407 0.045312 0.057407
1 0.246875 0.262037 0.045833 0.057407
2 0.157292 0.225000 0.130208 0.161111
1 0.209635 0.172222 0.041146 0.059259
3 0.065104 0.151389 0.047917 0.075000
1 0.086198 0.125926 0.019271 0.044444
2 0.156510 0.155093 0.116146 0.134259
0 0.191146 0.331481 0.014583 0.033333
1 0.274479 0.876389 0.062500 0.112037
1 0.783854 0.475463 0.067708 0.071296
1 0.150260 0.115741 0.022396 0.020370
1 0.178646 0.806944 0.070833 0.110185
1 0.009635 0.104167 0.035937 0.045370
