1 0.876563 0.626852 0.069792 0.081481
3 0.276823 0.149074 0.088021 0.109259
1 0.779687 0.547222 0.070833 0.074074
1 0.164844 0.080093 0.033854 0.043519
1 0.966667 0.709259 0.067708 0.090741
3 0.882031 0.422222 0.123438 0.153704
3 1.034375 0.517130 0.141667 0.117593
1 0.267969 0.223148 0.045312 0.057407
1 0.240104 0.247222 0.045833 0.057407
2 0.152344 0.211111 0.129688 0.161111
1 0.080729 0.058333 0.041667 0.055556
3 0.064583 0.143981 0.043750 0.075000
1 0.077344 0.106481 0.023438 0.044444
2 0.152083 0.144907 0.115625 0.134259
1 0.827344 0.908333 0.070312 0.107407
1 0.594010 0.654630 0.056771 0.092593
1 0.367708 0.112037 0.038542 0.040741
