1 0.874479 0.623611 0.070833 0.080556
3 0.271615 0.150000 0.088021 0.107407
1 0.776823 0.544444 0.070312 0.074074
1 0.191146 0.108796 0.034375 0.043519
1 0.965365 0.706944 0.070312 0.091667
3 0.601042 0.217593 0.100000 0.122222
3 0.838021 0.386111 0.118750 0.140741
1 0.961979 0.949537 0.082292 0.115741
2 0.507031 0.571759 0.185938 0.256481
1 0.639323 0.546759 0.067187 0.091667
3 0.231250 0.430093 0.034375 0.119444
1 0.256510 0.270370 0.039062 0.051852
2 0.371875 0.351389 0.153125 0.193519
0 0.460938 0.636574 0.022917 0.049074
1 0.272396 0.871759 0.061458 0.113889
1 0.477604 0.402315 0.048958 0.065741
1 0.175000 0.802778 0.070833 0.111111
1 0.176823 0.258796 0.041146 0.054630
3 0.783854 0.395370 0.176042 0.188889
1 0.573698 0.316667 0.052604 0.057407
1 0.073438 0.166204 0.042708 0.050926
1 0.839323 0.116204 0.045312 0.034259
3 0.214323 0.992130 0.065104 0.073148
