3 0.913802 0.442130 0.128646 0.156481
2 0.016667 0.028704 0.034375 0.059259
1 0.256771 0.656481 0.056250 0.085185
2 0.156250 0.202315 0.130208 0.160185
1 0.641406 0.170370 0.042188 0.044444
1 0.783073 0.542593 0.070312 0.075926
0 0.167969 0.290278 0.014063 0.036111
1 0.130469 0.883796 0.078646 0.130556
1 0.448958 0.485648 0.058333 0.080556
1 0.240885 0.238889 0.044271 0.055556
0 0.498698 0.032870 0.017188 0.026852
1 0.267969 0.212963 0.044271 0.055556
0 0.620573 0.828241 0.026562 0.052778
1 0.912240 0.651389 0.073438 0.086111
