1 0.868750 0.618056 0.070833 0.080556
3 0.265885 0.148148 0.088021 0.105556
1 0.771094 0.540278 0.069271 0.073148
1 0.185938 0.106019 0.034375 0.043519
1 0.962760 0.699074 0.075521 0.090741
3 0.800521 0.142130 0.084375 0.095370
1 0.267708 0.869907 0.061458 0.113889
1 0.170313 0.802315 0.070833 0.112037
1 0.623958 0.129167 0.042708 0.034259
3 0.212760 0.981944 0.068229 0.073148
1 0.491146 0.481019 0.057292 0.078704
3 0.571875 0.205556 0.105208 0.114815
1 0.306771 0.108333 0.041667 0.042593
1 0.764323 0.106481 0.036979 0.035185
1 0.534896 0.287963 0.042708 0.046296
1 0.789062 0.375463 0.059375 0.056481
1 0.797135 0.441204 0.051562 0.056481
1 0.950781 0.597685 0.072396 0.076852
