1 0.989583 0.594444 0.071875 0.074074
1 0.207292 0.271759 0.038542 0.058333
3 0.445312 0.164352 0.059375 0.071296
1 0.288802 0.873611 0.060937 0.110185
1 0.225521 0.965741 0.072917 0.079630
0 0.603385 0.823611 0.024479 0.050926
1 0.027604 0.095833 0.036458 0.045370
1 0.350781 0.327778 0.047396 0.059259
1 0.697917 0.170833 0.040625 0.039815
1 0.204167 -0.005093 0.033333 0.037963
3 0.567448 0.650463 0.141146 0.197222
1 0.778906 0.555093 0.064062 0.075000
1 0.867188 0.630556 0.075000 0.083333
1 0.971354 0.723148 0.082292 0.085185
3 0.330729 0.379167 0.062500 0.087963
2 0.717969 0.683796 0.248438 0.317593
