1 0.874740 0.633796 0.068229 0.082407
3 0.274740 0.157870 0.088021 0.108333
1 0.777344 0.554167 0.071354 0.076852
1 0.195312 0.115278 0.034375 0.043519
1 0.966146 0.716204 0.069792 0.091667
3 0.777344 0.352778 0.115104 0.140741
3 0.964844 0.469907 0.141146 0.117593
1 0.458333 0.397222 0.054167 0.066667
1 0.419792 0.425463 0.052083 0.062037
2 0.268229 0.331944 0.147917 0.180556
1 0.312240 0.264815 0.049479 0.066667
3 0.131250 0.212963 0.055208 0.079630
1 0.121094 0.153241 0.034896 0.045370
2 0.222135 0.217130 0.126562 0.145370
0 0.284375 0.437500 0.015625 0.034259
1 0.275000 0.878704 0.061458 0.112963
1 0.449479 0.205093 0.046875 0.047222
1 0.234375 0.184722 0.020833 0.019444
1 0.178125 0.809722 0.070833 0.110185
1 0.052604 0.146759 0.036458 0.047222
3 1.034375 0.585648 0.202083 0.208333
