0 0.525781 0.060185 0.019271 0.035185
1 0.810677 0.446759 0.068229 0.071296
1 0.002865 0.068981 0.009896 0.028704
0 0.203646 0.331019 0.017708 0.036111
3 0.881510 0.439815 0.083854 0.087037
1 0.939844 0.548148 0.064062 0.072222
1 0.276302 0.218981 0.045312 0.058333
1 0.225000 0.174537 0.042708 0.047222
3 0.248958 0.235648 0.062500 0.089815
3 0.210677 0.252315 0.076563 0.117593
3 0.119792 0.172222 0.088542 0.112963
1 0.774740 0.553241 0.064062 0.075000
1 0.863021 0.625926 0.075000 0.083333
1 0.815104 0.508333 0.072917 0.075926
1 0.965625 0.718519 0.082292 0.085185
3 0.053906 0.117130 0.049479 0.065741
2 0.118229 0.111111 0.128125 0.155556
