3 0.895312 0.424537 0.127083 0.152778
2 0.039323 0.048148 0.078646 0.098148
1 0.341667 0.518519 0.048958 0.072222
2 0.155729 0.200463 0.130208 0.160185
1 0.998177 0.728241 0.004687 0.026852
1 0.604427 0.190741 0.040104 0.046296
1 0.782552 0.539815 0.070312 0.075926
0 0.172656 0.293056 0.014063 0.036111
1 0.178906 0.792130 0.072396 0.115741
1 0.558854 0.360185 0.050000 0.059259
1 0.240365 0.237963 0.044271 0.055556
0 0.447135 0.007870 0.017188 0.026852
1 0.269271 0.212963 0.044792 0.055556
0 0.674479 0.897685 0.027083 0.050926
1 0.889583 0.628241 0.071875 0.082407
