1 0.862760 0.461574 0.074479 0.075000
0 0.181510 0.295833 0.016146 0.039815
1 0.236719 0.912963 0.066146 0.125926
1 0.159115 0.805556 0.083854 0.135185
1 0.442448 0.276389 0.024479 0.058333
1 0.266667 0.193519 0.044792 0.061111
1 0.214062 0.150463 0.042708 0.050926
3 0.209635 0.186574 0.061979 0.089815
3 0.189062 0.216204 0.078125 0.117593
3 0.109375 0.147685 0.089583 0.112037
1 0.772656 0.525926 0.064062 0.074074
1 0.860417 0.597222 0.075000 0.083333
1 0.834896 0.498148 0.072917 0.077778
1 0.960417 0.691204 0.078125 0.091667
3 0.043490 0.095833 0.049479 0.065741
2 0.050521 0.051852 0.110417 0.111111
3 0.390885 0.097685 0.059896 0.087963
1 0.310156 0.568981 0.055729 0.082407
