1 0.868750 0.616204 0.070833 0.080556
3 0.265885 0.147222 0.088021 0.105556
1 0.771354 0.539352 0.068750 0.075000
1 0.185417 0.106019 0.034375 0.043519
1 0.962760 0.697222 0.075521 0.090741
3 0.856510 0.132407 0.093229 0.075926
1 0.267708 0.869907 0.061458 0.113889
1 0.170833 0.800463 0.070833 0.112037
1 0.623437 0.126852 0.042708 0.035185
3 0.212760 0.981019 0.068229 0.073148
1 0.629948 0.610648 0.068229 0.091667
3 0.489844 0.148611 0.095312 0.106481
1 0.159115 0.013426 0.036979 0.037963
1 0.728125 0.111111 0.034375 0.035185
1 0.380990 0.176389 0.038021 0.041667
1 0.680469 0.297685 0.052604 0.050926
1 0.608073 0.303241 0.044271 0.047222
1 0.754427 0.444907 0.058854 0.062037
