1 0.840365 0.449074 0.072396 0.072222
0 0.180990 0.295833 0.016146 0.039815
1 0.445312 0.675000 0.066667 0.072222
1 0.334896 0.520833 0.063542 0.091667
1 0.377344 0.117130 0.038021 0.045370
1 0.266667 0.196296 0.044792 0.061111
1 0.214583 0.153241 0.042708 0.050926
3 0.209635 0.190278 0.061979 0.089815
3 0.188802 0.217593 0.077604 0.116667
3 0.109896 0.149537 0.089583 0.113889
1 0.772656 0.531481 0.064062 0.074074
1 0.859375 0.603704 0.075000 0.083333
1 0.833854 0.502778 0.072917 0.077778
1 0.963281 0.694444 0.083854 0.088889
3 0.044010 0.097685 0.049479 0.065741
2 0.065885 0.064815 0.128646 0.125926
3 0.250260 0.016667 0.057813 0.037037
1 0.439323 0.355556 0.040104 0.066667
