1 0.871615 0.620370 0.070312 0.081481
3 0.268490 0.149074 0.088021 0.107407
1 0.773698 0.542130 0.070312 0.075000
1 0.188542 0.106019 0.034375 0.043519
1 0.964323 0.701852 0.072396 0.090741
3 0.411719 0.093519 0.080729 0.100000
3 0.737760 0.288426 0.097396 0.139815
2 0.789844 0.901852 0.265104 0.385185
1 0.459115 0.459722 0.046354 0.063889
2 0.636198 0.595833 0.204687 0.254630
0 0.682031 0.921759 0.019271 0.045370
1 0.269271 0.870833 0.061458 0.113889
1 1.004948 0.900926 0.080729 0.107407
1 0.171875 0.801852 0.070833 0.111111
1 0.386458 0.463426 0.050000 0.067593
3 0.513542 0.206481 0.134375 0.146296
1 0.176823 0.032870 0.038021 0.037963
1 0.213802 0.327315 0.038021 0.073148
1 0.663802 0.120833 0.044271 0.036111
3 0.214583 0.981481 0.066667 0.072222
1 0.131250 0.162963 0.043750 0.053704
3 0.918750 0.444444 0.153125 0.150000
1 0.532292 0.288889 0.046875 0.053704
