1 0.951302 0.530556 0.080729 0.083333
0 0.180990 0.294907 0.016146 0.039815
1 0.058073 0.976389 0.058854 0.049074
1 0.396615 0.416204 0.047396 0.069444
1 0.266146 0.192593 0.044792 0.061111
1 0.213021 0.149537 0.041667 0.049074
3 0.208594 0.182407 0.061979 0.088889
3 0.188281 0.213889 0.077604 0.114815
3 0.109375 0.147685 0.089583 0.112037
1 0.772656 0.525000 0.064062 0.074074
1 0.860417 0.595370 0.075000 0.081481
1 0.843490 0.503704 0.075521 0.077778
1 0.961719 0.689352 0.076563 0.091667
3 0.041927 0.090278 0.049479 0.062037
2 0.040885 0.040741 0.083854 0.085185
3 0.446094 0.187037 0.040104 0.098148
1 0.198437 0.742130 0.064583 0.102778
