1 0.338542 0.085185 0.043750 0.046296
1 0.051562 0.112963 0.035417 0.050000
1 0.280469 0.880093 0.060937 0.110185
1 0.187760 1.035648 0.073438 0.080556
0 0.376563 0.526852 0.018750 0.042593
1 0.824479 0.132407 0.035417 0.042593
1 0.574219 0.262037 0.045312 0.050000
1 0.718229 0.622222 0.066667 0.088889
1 0.508594 0.424537 0.050521 0.069444
1 0.779427 0.549537 0.064062 0.075000
1 0.867188 0.623148 0.075000 0.083333
1 0.325781 0.122685 0.045312 0.047222
1 0.970313 0.717593 0.082292 0.085185
1 0.338542 0.085185 0.043750 0.046296
1 0.051562 0.112963 0.035417 0.050000
3 0.852344 0.470370 0.090104 0.103704
1 0.280469 0.880093 0.060937 0.110185
1 0.187760 1.035648 0.073438 0.080556
0 0.376563 0.526852 0.018750 0.042593
3 0.511458 0.161111 0.056250 0.068519
1 0.824479 0.132407 0.035417 0.042593
1 0.574219 0.262037 0.045312 0.050000
1 0.718229 0.622222 0.066667 0.088889
1 0.508594 0.424537 0.050521 0.069444
3 0.942448 0.933796 0.119271 0.178704
3 0.603385 0.656481 0.105729 0.179630
3 0.266667 0.309722 0.103125 0.121296
1 0.779427 0.549537 0.064062 0.075000
1 0.867188 0.623148 0.075000 0.083333
1 0.325781 0.122685 0.045312 0.047222
1 0.970313 0.717593 0.082292 0.085185
3 0.118229 0.170370 0.048958 0.064815
2 0.294010 0.262963 0.152604 0.190741
