1 0.872396 0.612963 0.070833 0.079630
1 0.773698 0.536111 0.070312 0.075926
1 0.185417 0.102315 0.034375 0.043519
1 0.966927 0.692593 0.075521 0.090741
1 0.269271 0.867130 0.061458 0.113889
1 0.174479 0.793056 0.070833 0.112037
1 0.622917 0.125926 0.042708 0.035185
1 0.922917 0.889815 0.091667 0.124074
1 0.699740 0.115741 0.035937 0.037037
1 0.191667 0.037037 0.032292 0.033333
1 0.535417 0.193519 0.047917 0.044444
1 0.373437 0.133333 0.037500 0.038889
1 0.504427 0.260185 0.048438 0.048148
1 0.903385 0.449537 0.066146 0.063889
1 0.892708 0.495833 0.064583 0.069444
1 0.872396 0.612963 0.070833 0.079630
3 0.265885 0.144444 0.088021 0.105556
1 0.773698 0.536111 0.070312 0.075926
1 0.185417 0.102315 0.034375 0.043519
1 0.966927 0.692593 0.075521 0.090741
3 0.954948 0.137037 0.101562 0.079630
1 0.269271 0.867130 0.061458 0.113889
1 0.174479 0.793056 0.070833 0.112037
1 0.622917 0.125926 0.042708 0.035185
3 0.214323 0.979167 0.068229 0.073148
1 0.922917 0.889815 0.091667 0.124074
3 0.364583 0.061574 0.084375 0.095370
1 0.699740 0.115741 0.035937 0.037037
1 0.191667 0.037037 0.032292 0.033333
1 0.535417 0.193519 0.047917 0.044444
1 0.373437 0.133333 0.037500 0.038889
1 0.504427 0.260185 0.048438 0.048148
1 0.903385 0.449537 0.066146 0.063889
1 0.892708 0.495833 0.064583 0.069444
