1 0.871875 0.620833 0.069792 0.080556
1 0.774219 0.543519 0.070312 0.074074
1 0.189062 0.106019 0.034375 0.043519
1 0.964844 0.703704 0.072396 0.090741
1 0.394792 0.398148 0.044792 0.061111
0 0.622396 0.831481 0.016667 0.042593
1 0.270313 0.870833 0.061458 0.113889
1 0.822135 0.720833 0.070312 0.093519
1 0.172396 0.801852 0.070833 0.111111
1 0.325781 0.400463 0.047396 0.063889
1 0.265625 0.093519 0.041667 0.040741
1 0.187760 0.278704 0.046354 0.061111
1 0.693490 0.115741 0.044271 0.033333
1 0.090625 0.127778 0.042708 0.051852
1 0.662500 0.380093 0.052083 0.058333
