1 0.871875 0.621296 0.069792 0.081481
1 0.774219 0.543519 0.070312 0.074074
1 0.189062 0.106019 0.034375 0.043519
1 0.964844 0.703704 0.072396 0.090741
1 0.392708 0.395370 0.044792 0.061111
0 0.619271 0.827778 0.016667 0.042593
1 0.270313 0.870833 0.061458 0.113889
1 0.815885 0.714815 0.069271 0.092593
1 0.172396 0.801852 0.070833 0.111111
1 0.323177 0.397685 0.047396 0.063889
1 0.267969 0.096759 0.042188 0.039815
1 0.186719 0.276852 0.046354 0.061111
1 0.694531 0.115741 0.044271 0.033333
1 0.088542 0.126852 0.042708 0.051852
1 0.667969 0.384722 0.053646 0.060185
1 0.871875 0.621296 0.069792 0.081481
3 0.269010 0.149074 0.088021 0.107407
1 0.774219 0.543519 0.070312 0.074074
1 0.189062 0.106019 0.034375 0.043519
1 0.964844 0.703704 0.072396 0.090741
3 0.466667 0.127778 0.087500 0.105556
3 0.758854 0.317130 0.111458 0.137963
2 0.710938 0.802778 0.239583 0.344444
3 0.017188 0.886574 0.096875 0.182407
1 0.392708 0.395370 0.044792 0.061111
2 0.559896 0.519907 0.185417 0.226852
0 0.619271 0.827778 0.016667 0.042593
1 0.270313 0.870833 0.061458 0.113889
1 0.815885 0.714815 0.069271 0.092593
1 0.172396 0.801852 0.070833 0.111111
1 0.323177 0.397685 0.047396 0.063889
3 0.581510 0.250463 0.142187 0.156481
1 0.267969 0.096759 0.042188 0.039815
1 0.186719 0.276852 0.046354 0.061111
1 0.694531 0.115741 0.044271 0.033333
3 0.216146 0.981481 0.066667 0.072222
1 0.088542 0.126852 0.042708 0.051852
3 0.965104 0.479630 0.158333 0.155556
1 0.667969 0.384722 0.053646 0.060185
