1 0.843750 0.447685 0.071875 0.071296
0 0.181510 0.295833 0.016146 0.039815
1 0.321875 0.762037 0.065625 0.105556
1 0.238281 0.669444 0.074479 0.112963
1 0.432292 0.195370 0.028125 0.050000
1 0.266667 0.194444 0.044792 0.061111
1 0.214062 0.151389 0.042708 0.050926
1 0.772656 0.527778 0.064062 0.074074
1 0.860417 0.600000 0.075000 0.083333
1 0.834375 0.499074 0.072917 0.077778
1 0.963802 0.691667 0.083854 0.088889
1 0.377865 0.468519 0.050521 0.074074
1 0.843750 0.447685 0.071875 0.071296
0 0.181510 0.295833 0.016146 0.039815
1 0.321875 0.762037 0.065625 0.105556
1 0.238281 0.669444 0.074479 0.112963
1 0.432292 0.195370 0.028125 0.050000
1 0.266667 0.194444 0.044792 0.061111
1 0.214062 0.151389 0.042708 0.050926
3 0.209635 0.187500 0.061979 0.089815
3 0.189323 0.217130 0.077604 0.115741
3 0.109896 0.149537 0.089583 0.113889
1 0.772656 0.527778 0.064062 0.074074
1 0.860417 0.600000 0.075000 0.083333
1 0.834375 0.499074 0.072917 0.077778
1 0.963802 0.691667 0.083854 0.088889
3 0.043490 0.095833 0.049479 0.065741
2 0.054427 0.052315 0.125521 0.125000
3 0.330990 0.049074 0.061979 0.079630
1 0.377865 0.468519 0.050521 0.074074
