1 0.128125 0.184259 0.036458 0.051852
1 0.288802 0.867130 0.060937 0.110185
1 0.225781 0.960648 0.073438 0.080556
0 0.509115 0.689815 0.022396 0.046296
1 0.160417 0.154630 0.039583 0.050000
1 0.716406 0.162037 0.040104 0.040741
1 0.348177 0.092593 0.038021 0.040741
1 1.028125 0.932870 0.082292 0.113889
1 0.780990 0.550463 0.064062 0.075000
1 0.869271 0.625000 0.075000 0.083333
1 0.971354 0.717593 0.082292 0.085185
1 0.128125 0.184259 0.036458 0.051852
3 0.602083 0.274537 0.071875 0.084259
1 0.288802 0.867130 0.060937 0.110185
1 0.225781 0.960648 0.073438 0.080556
0 0.509115 0.689815 0.022396 0.046296
3 0.297656 0.011111 0.046354 0.055556
1 0.160417 0.154630 0.039583 0.050000
1 0.716406 0.162037 0.040104 0.040741
1 0.348177 0.092593 0.038021 0.040741
1 1.028125 0.932870 0.082292 0.113889
3 0.424740 0.478241 0.119271 0.162037
1 0.780990 0.550463 0.064062 0.075000
1 0.869271 0.625000 0.075000 0.083333
1 0.971354 0.717593 0.082292 0.085185
3 0.223698 0.269444 0.054688 0.075926
2 0.506250 0.466204 0.192708 0.245370
