1 0.874219 0.623611 0.070312 0.080556
1 0.776823 0.544444 0.070312 0.074074
1 0.191146 0.108796 0.034375 0.043519
1 0.965365 0.706481 0.070312 0.090741
1 0.977604 0.964815 0.083333 0.116667
1 0.650781 0.555556 0.067187 0.094444
1 0.259115 0.272222 0.039062 0.051852
0 0.464583 0.641204 0.022917 0.049074
1 0.271875 0.871759 0.061458 0.113889
1 0.485417 0.409259 0.050000 0.066667
1 0.175000 0.802778 0.070833 0.111111
1 0.179948 0.261574 0.041146 0.054630
1 0.563542 0.307407 0.052083 0.059259
1 0.077083 0.168981 0.042708 0.050926
1 0.834375 0.114815 0.044792 0.033333
