1 0.498958 0.204630 0.048958 0.051852
1 0.011458 0.076852 0.041667 0.044444
1 0.232292 0.976389 0.065625 0.119444
0 0.316146 0.448611 0.016667 0.041667
1 0.859635 0.084259 0.019271 0.050000
1 0.723177 0.370833 0.052604 0.060185
1 0.493490 0.406019 0.052604 0.071296
1 0.365885 0.293981 0.047396 0.062037
1 0.778906 0.549537 0.064062 0.075000
1 0.866667 0.624074 0.075000 0.083333
1 0.490625 0.247222 0.057292 0.061111
1 0.969792 0.718519 0.082292 0.085185
1 0.498958 0.204630 0.048958 0.051852
1 0.011458 0.076852 0.041667 0.044444
3 0.960156 0.562037 0.080729 0.105556
1 0.232292 0.976389 0.065625 0.119444
0 0.316146 0.448611 0.016667 0.041667
3 0.641927 0.252778 0.065104 0.074074
1 0.859635 0.084259 0.019271 0.050000
1 0.723177 0.370833 0.052604 0.060185
1 0.493490 0.406019 0.052604 0.071296
1 0.365885 0.293981 0.047396 0.062037
3 0.605208 0.581481 0.085417 0.133333
3 0.425781 0.460185 0.089063 0.150000
3 0.207031 0.250000 0.099479 0.114815
1 0.778906 0.549537 0.064062 0.075000
1 0.866667 0.624074 0.075000 0.083333
1 0.490625 0.247222 0.057292 0.061111
1 0.969792 0.718519 0.082292 0.085185
3 0.080729 0.134722 0.050000 0.065741
2 0.219271 0.194907 0.142708 0.173148
