1 0.092969 0.150926 0.035937 0.050000
1 0.288802 0.867130 0.060937 0.110185
1 0.221615 0.967593 0.073438 0.079630
0 0.455990 0.624074 0.023438 0.046296
1 0.079427 0.082870 0.038021 0.047222
1 0.750260 0.154630 0.040104 0.040741
1 0.432292 0.153241 0.039583 0.043519
1 0.786198 0.690741 0.070312 0.092593
1 0.780990 0.550463 0.064062 0.075000
1 0.869271 0.625000 0.075000 0.083333
1 0.160938 -0.005093 0.041667 0.043519
1 0.971354 0.717593 0.082292 0.085185
1 0.092969 0.150926 0.035937 0.050000
3 0.692708 0.343056 0.080208 0.093519
1 0.288802 0.867130 0.060937 0.110185
1 0.221615 0.967593 0.073438 0.079630
0 0.455990 0.624074 0.023438 0.046296
3 0.376042 0.063889 0.048958 0.059259
1 0.079427 0.082870 0.038021 0.047222
1 0.750260 0.154630 0.040104 0.040741
1 0.432292 0.153241 0.039583 0.043519
1 0.786198 0.690741 0.070312 0.092593
3 0.939063 1.024537 0.142708 0.232407
3 0.363542 0.410648 0.112500 0.145370
1 0.780990 0.550463 0.064062 0.075000
1 0.869271 0.625000 0.075000 0.083333
1 0.160938 -0.005093 0.041667 0.043519
1 0.971354 0.717593 0.082292 0.085185
3 0.179167 0.225000 0.053125 0.072222
2 0.419792 0.381019 0.176042 0.225000
