0 0.738235 0.290196 0.027941 0.041830
0 0.979779 0.172549 0.025735 0.026144
0 0.800368 0.043137 0.015441 0.020915
4 0.802574 0.055556 0.008088 0.022222
4 0.768015 0.067320 0.015441 0.022222
1 0.248529 0.020915 0.036765 0.028758
1 0.175368 0.020261 0.038971 0.030065
1 0.201471 0.035294 0.038235 0.039216
1 0.163235 0.054248 0.048529 0.032680
1 0.086765 0.049673 0.038235 0.033987
1 0.057353 0.022876 0.044118 0.040523
1 0.018015 0.041176 0.036029 0.032680
0 0.101838 0.084314 0.008088 0.024837
1 0.027574 0.128758 0.049265 0.045752
