1 0.309559 0.960131 0.070588 0.079739
4 0.024265 0.973856 0.048529 0.052288
0 0.404044 0.943791 0.044853 0.049673
4 0.979412 0.421569 0.041176 0.040523
0 0.685294 0.232680 0.017647 0.049673
1 0.743750 0.247059 0.083088 0.088889
4 0.255147 0.458824 0.029412 0.036601
4 0.203676 0.226144 0.032353 0.033987
1 0.039338 0.326797 0.078676 0.086275
1 0.126103 0.177778 0.086029 0.065359
1 0.041176 0.143791 0.082353 0.070588
0 0.203676 0.106536 0.014706 0.040523
4 0.215074 0.117647 0.011029 0.041830
4 0.228676 0.113072 0.010294 0.048366
1 0.259926 0.107843 0.043382 0.082353
1 0.315074 0.071895 0.049265 0.083660
4 0.661029 0.103922 0.010294 0.040523
4 0.749632 0.166013 0.030147 0.033987
4 0.756250 0.062745 0.024265 0.033987
4 0.786029 0.079739 0.011765 0.041830
1 0.569485 0.325490 0.040441 0.117647
