4 0.680515 0.769281 0.028676 0.064052
1 0.691544 0.881046 0.055147 0.154248
1 0.336765 0.615033 0.069118 0.147712
4 0.196691 0.421569 0.016912 0.048366
4 0.228309 0.353595 0.013971 0.035294
1 0.284191 0.300654 0.072794 0.044444
4 0.390441 0.526144 0.013235 0.048366
1 0.433456 0.401307 0.037500 0.081046
1 0.281985 0.027451 0.021324 0.023529
1 0.290809 0.038562 0.021324 0.022222
1 0.284926 0.010458 0.015441 0.018301
1 0.319485 0.033333 0.018382 0.022222
1 0.358456 0.097386 0.028676 0.035294
1 0.388235 0.123529 0.025000 0.032680
1 0.406250 0.152288 0.028676 0.037908
4 0.368750 0.251634 0.009559 0.030065
4 0.383088 0.240523 0.007353 0.028758
1 0.446324 0.207190 0.029412 0.043137
1 0.478309 0.300654 0.031618 0.052288
1 0.494118 0.383007 0.036765 0.065359
1 0.507721 0.471895 0.041912 0.078431
1 0.565809 0.515033 0.043382 0.078431
1 0.509926 0.696078 0.050735 0.129412
1 0.612132 0.495425 0.044853 0.096732
1 0.631985 0.132680 0.031618 0.037908
1 0.616544 0.107843 0.025735 0.030065
1 0.538235 0.066667 0.033824 0.023529
1 0.515809 0.054902 0.033088 0.020915
1 0.474265 0.067320 0.036765 0.024837
