1 0.395313 0.283333 0.015625 0.046296
1 0.398438 0.566204 0.015625 0.060185
3 0.520573 0.923611 0.030729 0.152778
4 0.489844 0.202778 0.005729 0.020370
0 0.319792 0.306481 0.010417 0.014815
1 0.442708 0.345833 0.030208 0.034259
1 0.433854 0.372222 0.031250 0.037037
1 0.360677 0.269444 0.013021 0.046296
1 0.302865 0.243056 0.023438 0.047222
1 0.289062 0.222685 0.014583 0.043519
1 0.338021 0.281481 0.013542 0.033333
4 0.521094 0.289352 0.003646 0.012037
1 0.004948 0.109722 0.009896 0.043519
1 0.018490 0.103241 0.020313 0.036111
1 0.038021 0.100926 0.020833 0.038889
1 0.041927 0.225000 0.021354 0.048148
1 0.091406 0.220833 0.020313 0.049074
2 0.107552 0.222685 0.021354 0.056481
2 0.142448 0.227778 0.023438 0.064815
1 0.233854 0.114815 0.021875 0.042593
1 0.255208 0.113889 0.022917 0.040741
1 0.223698 0.228704 0.016146 0.051852
1 0.255990 0.231019 0.016146 0.052778
1 0.285156 0.108333 0.029687 0.027778
1 0.339844 0.012037 0.026562 0.024074
1 0.341927 0.028241 0.026562 0.036111
1 0.341406 0.059259 0.023438 0.033333
1 0.425260 0.043519 0.025521 0.033333
1 0.425260 0.072222 0.028646 0.031481
1 0.423177 0.098611 0.028646 0.028704
1 0.509635 0.018519 0.028646 0.037037
1 0.467708 0.100463 0.012500 0.041667
1 0.512240 0.052778 0.026562 0.037037
1 0.516927 0.112037 0.025521 0.038889
1 0.511458 0.084722 0.028125 0.037963
1 0.519531 0.140741 0.025521 0.038889
1 0.519271 0.178241 0.025000 0.043519
1 0.524219 0.206481 0.025521 0.040741
4 0.413281 0.237500 0.005729 0.019444
0 0.369010 0.217593 0.003646 0.018519
2 0.436198 0.239815 0.041146 0.042593
1 0.529167 0.313889 0.018750 0.038889
1 0.535417 0.362500 0.019792 0.052778
4 0.298698 0.364815 0.010937 0.007407
4 0.346354 0.300926 0.009375 0.022222
4 0.308333 0.300463 0.006250 0.021296
4 0.293229 0.308796 0.004167 0.023148
4 0.346094 0.411111 0.008854 0.016667
4 0.322396 0.468519 0.012500 0.016667
4 0.323177 0.477778 0.009896 0.016667
1 0.392448 0.405093 0.015104 0.056481
1 0.417969 0.423611 0.016146 0.058333
1 0.339844 0.495370 0.016146 0.057407
1 0.421615 0.496759 0.014063 0.056481
1 0.345052 0.579167 0.031771 0.047222
1 0.372917 0.580093 0.016667 0.065741
1 0.346094 0.619444 0.030729 0.046296
0 0.320052 0.587037 0.006771 0.022222
1 0.345833 0.706481 0.021875 0.027778
1 0.337240 0.759259 0.022396 0.066667
1 0.347656 0.816667 0.033854 0.053704
1 0.350260 0.858796 0.032813 0.054630
4 0.324740 0.883796 0.006771 0.025000
4 0.308854 0.903704 0.006250 0.027778
1 0.350781 0.901852 0.032813 0.055556
1 0.350521 0.950463 0.035417 0.063889
1 0.361198 0.975000 0.035937 0.050000
1 0.433073 0.977315 0.014063 0.045370
1 0.396354 0.918056 0.015625 0.067593
1 0.430469 0.904630 0.016146 0.070370
1 0.470313 0.408796 0.015625 0.050926
1 0.524740 0.424074 0.014063 0.046296
1 0.542188 0.445833 0.015625 0.052778
1 0.471094 0.546759 0.014063 0.049074
1 0.471354 0.634259 0.014583 0.057407
1 0.545573 0.506481 0.016146 0.055556
1 0.548177 0.567130 0.015104 0.056481
1 0.554688 0.626852 0.017708 0.059259
1 0.499219 0.661111 0.016146 0.062963
4 0.522917 0.640278 0.005208 0.023148
1 0.560937 0.706019 0.017708 0.062037
1 0.476302 0.725926 0.015104 0.053704
0 0.584635 0.653241 0.003646 0.019444
0 0.587760 0.700926 0.004687 0.018519
1 0.575521 0.960185 0.017708 0.066667
