1 0.712132 0.883007 0.074265 0.176471
1 0.545956 0.583007 0.046324 0.107190
1 0.455882 0.767974 0.051471 0.163399
1 0.426103 0.545752 0.047794 0.129412
1 0.558456 0.179085 0.025735 0.047059
1 0.506618 0.067974 0.023529 0.041830
2 0.580147 0.064052 0.025000 0.054902
1 0.706250 0.177124 0.049265 0.040523
2 0.686397 0.079085 0.043382 0.071895
2 0.770956 0.103268 0.056618 0.057516
1 0.798529 0.257516 0.058824 0.049673
1 0.391544 0.156209 0.030147 0.045752
1 0.331618 0.024837 0.020588 0.039216
1 0.391176 0.222876 0.033824 0.077124
1 0.207721 0.083660 0.043382 0.036601
4 0.132721 0.073203 0.022794 0.026144
4 0.115809 0.077778 0.008088 0.030065
4 0.104412 0.096732 0.023529 0.026144
4 0.047426 0.124837 0.012500 0.027451
2 0.079412 0.113072 0.035294 0.035294
1 0.076471 0.149673 0.055882 0.056209
2 0.234926 0.237255 0.034559 0.079739
1 0.025735 0.259477 0.051471 0.061438
4 0.365809 0.703922 0.019853 0.082353
4 0.249265 0.562745 0.026471 0.074510
2 0.303309 0.508497 0.063971 0.143791
