1 0.866544 0.843791 0.159559 0.126797
4 0.796324 0.724183 0.039706 0.054902
1 0.652941 0.879739 0.120588 0.190850
0 0.373162 0.977778 0.058088 0.044444
1 0.381985 0.644444 0.053676 0.130719
1 0.374265 0.537255 0.047059 0.096732
4 0.154044 0.693464 0.040441 0.050980
4 0.658824 0.571242 0.035294 0.036601
4 0.545956 0.511111 0.018382 0.044444
4 0.601103 0.396732 0.019853 0.040523
4 0.587868 0.377778 0.024265 0.031373
4 0.572059 0.357516 0.023529 0.027451
4 0.538971 0.420915 0.027941 0.031373
4 0.547794 0.424183 0.026471 0.035294
4 0.509926 0.347712 0.022794 0.028758
1 0.468750 0.252288 0.050735 0.036601
4 0.461765 0.224183 0.016176 0.022222
4 0.441912 0.245752 0.017647 0.033987
0 0.413971 0.186275 0.016176 0.022222
1 0.263235 0.142484 0.020588 0.028758
1 0.350368 0.217647 0.025735 0.035294
0 0.383824 0.196732 0.007353 0.027451
0 0.368750 0.160131 0.006618 0.022222
0 0.397059 0.176471 0.016176 0.018301
1 0.417279 0.170588 0.037500 0.027451
1 0.402574 0.162092 0.033088 0.023529
1 0.401471 0.140523 0.033824 0.022222
1 0.397059 0.143137 0.032353 0.024837
0 0.319853 0.131373 0.005882 0.019608
1 0.340441 0.111765 0.016176 0.024837
4 0.344118 0.094771 0.004412 0.011765
1 0.314338 0.090850 0.012500 0.022222
1 0.328309 0.079085 0.013971 0.022222
1 0.307353 0.077124 0.013235 0.020915
1 0.306250 0.062745 0.012500 0.020915
1 0.284191 0.079085 0.013971 0.022222
1 0.277941 0.063399 0.011765 0.022222
1 0.296691 0.050980 0.011029 0.015686
1 0.278676 0.033333 0.010294 0.014379
1 0.286029 0.005229 0.008824 0.010458
1 0.297794 0.013072 0.008824 0.013072
1 0.287868 0.015686 0.009559 0.013072
1 0.298529 0.031373 0.008824 0.013072
1 0.294853 0.026144 0.010294 0.015686
1 0.286765 0.015686 0.007353 0.013072
1 0.290809 0.020261 0.009559 0.014379
1 0.308456 0.044444 0.012500 0.015686
1 0.266176 0.018301 0.010294 0.015686
1 0.263603 0.025490 0.009559 0.014379
1 0.265809 0.030719 0.011029 0.016993
