1 0.120313 0.518519 0.063542 0.048148
2 0.166667 0.643519 0.116667 0.116667
4 0.350000 0.426852 0.014583 0.024074
4 0.390104 0.417593 0.015625 0.027778
4 0.423438 0.389815 0.011458 0.016667
2 0.616667 0.365741 0.122917 0.124074
1 0.646354 0.291667 0.030208 0.031481
1 0.800000 0.196296 0.022917 0.022222
1 0.817187 0.189815 0.015625 0.016667
1 0.840104 0.177778 0.017708 0.018519
1 0.883333 0.208333 0.020833 0.016667
1 0.866146 0.163889 0.017708 0.016667
1 0.881250 0.158333 0.014583 0.016667
1 0.901563 0.147222 0.015625 0.020370
1 0.915625 0.142593 0.014583 0.014815
1 0.926042 0.137037 0.010417 0.014815
1 0.954688 0.126852 0.013542 0.012963
1 0.964583 0.121296 0.010417 0.012963
1 0.971875 0.116667 0.010417 0.014815
1 0.983333 0.113889 0.012500 0.012963
1 0.994792 0.107407 0.008333 0.014815
2 0.941146 0.160185 0.044792 0.050000
1 0.941667 0.190741 0.020833 0.018519
