1 0.850000 0.257516 0.066176 0.044444
1 0.875000 0.280392 0.083824 0.048366
1 0.914338 0.303268 0.096324 0.052288
1 0.952206 0.337908 0.079412 0.056209
1 0.860662 0.156209 0.043382 0.037908
1 0.829779 0.153595 0.038971 0.035294
1 0.798529 0.157516 0.048529 0.037908
1 0.904044 0.199346 0.066912 0.035294
1 0.906250 0.157516 0.047794 0.045752
1 0.152941 0.118301 0.054412 0.037908
1 0.944485 0.162092 0.043382 0.036601
1 0.166544 0.073856 0.043382 0.037908
1 0.338235 0.011111 0.033824 0.022222
4 0.569118 0.064706 0.010294 0.019608
4 0.583088 0.061438 0.011765 0.015686
4 0.602941 0.062092 0.010294 0.016993
4 0.474265 0.058170 0.014706 0.014379
4 0.759926 0.064706 0.012500 0.016993
2 0.797426 0.185621 0.056618 0.057516
