4 0.302206 0.585621 0.057353 0.062745
1 0.810294 0.425490 0.088235 0.084967
1 0.261765 0.320261 0.100000 0.062745
1 0.006985 0.104575 0.013971 0.044444
1 0.006985 0.062745 0.013971 0.036601
4 0.158088 0.248366 0.027941 0.031373
1 0.653676 0.317647 0.082353 0.062745
2 0.394853 0.261438 0.070588 0.070588
1 0.733456 0.216340 0.043382 0.053595
1 0.772794 0.221569 0.042647 0.050980
1 0.867279 0.205229 0.061029 0.052288
4 0.764706 0.143791 0.011765 0.028758
4 0.829412 0.132026 0.016176 0.028758
0 0.810662 0.109150 0.011029 0.022222
4 0.849632 0.097386 0.011029 0.027451
0 0.874632 0.124183 0.021324 0.031373
