1 0.146354 0.078704 0.026042 0.046296
1 0.175000 0.176852 0.066667 0.053704
1 0.195312 0.200000 0.051042 0.044444
1 0.193229 0.309259 0.078125 0.066667
4 0.033854 0.196296 0.017708 0.037037
1 0.044792 0.325926 0.041667 0.081481
2 0.105208 0.454630 0.054167 0.124074
1 0.192708 0.355556 0.079167 0.066667
2 0.200521 0.547222 0.107292 0.101852
2 0.198958 0.630556 0.125000 0.116667
1 0.177604 0.810185 0.115625 0.131481
2 0.218229 0.867593 0.134375 0.131481
1 0.267188 0.009259 0.034375 0.018519
1 0.251042 0.177778 0.031250 0.062963
0 0.338021 0.343519 0.023958 0.068519
1 0.381250 0.443519 0.039583 0.101852
1 0.361979 0.912037 0.067708 0.175926
1 0.555729 0.709259 0.069792 0.151852
1 0.343750 0.015741 0.022917 0.031481
1 0.473438 0.137963 0.034375 0.046296
0 0.600000 0.211111 0.022917 0.033333
1 0.584896 0.126852 0.051042 0.042593
1 0.569792 0.107407 0.045833 0.044444
2 0.560937 0.091667 0.046875 0.050000
1 0.550000 0.075926 0.043750 0.037037
1 0.617188 0.087963 0.028125 0.046296
1 0.652083 0.011111 0.039583 0.022222
1 0.663542 0.017593 0.041667 0.035185
1 0.671875 0.035185 0.041667 0.033333
1 0.655729 0.082407 0.036458 0.042593
1 0.675000 0.100000 0.041667 0.048148
4 0.686979 0.114815 0.017708 0.033333
1 0.745833 0.176852 0.054167 0.050000
4 0.752604 0.199074 0.026042 0.035185
1 0.684375 0.288889 0.064583 0.055556
1 0.748437 0.358333 0.059375 0.057407
1 0.779687 0.405556 0.065625 0.077778
1 0.895833 0.581481 0.089583 0.088889
1 0.972396 0.578704 0.055208 0.112963
2 0.718229 0.944444 0.082292 0.111111
2 0.839583 0.824074 0.139583 0.214815
2 0.880729 0.748148 0.111458 0.188889
1 0.707292 0.631481 0.095833 0.114815
1 0.638021 0.461111 0.057292 0.096296
1 0.845313 0.237963 0.059375 0.061111
1 0.892188 0.280556 0.059375 0.057407
1 0.939583 0.312963 0.068750 0.066667
1 0.964063 0.349074 0.063542 0.057407
1 0.979688 0.378704 0.040625 0.068519
