4 0.014338 0.577124 0.028676 0.032680
4 0.808824 0.781046 0.010294 0.043137
0 0.794853 0.646405 0.026471 0.037908
0 0.765809 0.641830 0.008088 0.036601
4 0.820956 0.554248 0.011029 0.039216
0 0.772426 0.488889 0.008088 0.031373
1 0.721324 0.452941 0.026471 0.050980
1 0.804044 0.398693 0.024265 0.039216
4 0.705882 0.314379 0.014706 0.016993
4 0.784559 0.366667 0.014706 0.024837
1 0.733456 0.323529 0.019853 0.040523
2 0.992279 0.132680 0.015441 0.024837
2 0.955515 0.161438 0.027206 0.043137
1 0.775000 0.116993 0.008824 0.014379
1 0.689338 0.233333 0.030147 0.019608
1 0.749265 0.211111 0.027941 0.016993
1 0.759559 0.241830 0.033824 0.020915
1 0.807721 0.241830 0.033088 0.023529
