1 0.616927 0.740278 0.046354 0.080556
1 0.688802 0.675000 0.049479 0.066667
1 0.567448 0.405093 0.036979 0.025000
1 0.473438 0.315741 0.009375 0.014815
1 0.486719 0.299074 0.007812 0.014815
1 0.072656 0.335648 0.029687 0.017593
1 0.053646 0.354630 0.028125 0.018519
1 0.038281 0.372685 0.040104 0.023148
2 0.135937 0.325463 0.043750 0.028704
2 0.077604 0.289815 0.017708 0.024074
1 0.059115 0.294907 0.015104 0.012037
1 0.040104 0.292130 0.013542 0.013889
1 0.028646 0.295833 0.014583 0.013889
1 0.021354 0.318056 0.019792 0.015741
1 0.016406 0.321296 0.021354 0.016667
1 0.011719 0.324537 0.019271 0.019444
1 0.626563 0.405093 0.036458 0.025000
1 0.466406 0.275463 0.007812 0.012037
1 0.495833 0.282870 0.008333 0.012037
1 0.479687 0.269444 0.007292 0.011111
1 0.473438 0.250463 0.005208 0.008333
1 0.448698 0.235185 0.004687 0.007407
1 0.439323 0.229167 0.004687 0.008333
1 0.456250 0.235185 0.004167 0.005556
1 0.457552 0.225926 0.003646 0.005556
1 0.446354 0.231019 0.003125 0.004630
1 0.445573 0.227315 0.003646 0.006481
1 0.464062 0.236574 0.004167 0.006481
1 0.487500 0.256481 0.004167 0.009259
1 0.483594 0.251389 0.004687 0.008333
2 0.482552 0.242130 0.006771 0.012037
1 0.479427 0.242130 0.004687 0.008333
1 0.476562 0.237963 0.004167 0.007407
2 0.469531 0.239815 0.004687 0.011111
1 0.472396 0.244444 0.004167 0.007407
4 0.564583 0.380093 0.011458 0.012037
2 0.116146 0.284259 0.032292 0.025926
