1 0.168750 0.879739 0.096324 0.190850
1 0.041544 0.826797 0.083088 0.163399
1 0.063603 0.708497 0.122794 0.149020
1 0.650735 0.934641 0.072059 0.130719
1 0.514706 0.712418 0.052941 0.117647
1 0.588971 0.458170 0.038235 0.071895
1 0.343750 0.511765 0.047794 0.098039
1 0.461397 0.504575 0.069853 0.075817
1 0.520588 0.428105 0.035294 0.064052
1 0.572059 0.375163 0.032353 0.049673
1 0.774265 0.640523 0.076471 0.120261
4 0.715074 0.454248 0.031618 0.035294
4 0.768382 0.424837 0.030882 0.033987
1 0.688235 0.422876 0.042647 0.064052
2 0.731618 0.373856 0.073529 0.057516
1 0.719118 0.326144 0.057353 0.040523
4 0.726838 0.301307 0.022794 0.024837
1 0.700000 0.282353 0.054412 0.039216
0 0.686397 0.215686 0.015441 0.023529
1 0.670956 0.196732 0.041912 0.035294
4 0.589338 0.214379 0.006618 0.028758
0 0.596324 0.200000 0.008824 0.020915
1 0.598529 0.152941 0.020588 0.028758
1 0.637868 0.152288 0.038971 0.022222
1 0.632353 0.141830 0.033824 0.027451
1 0.534926 0.188889 0.024265 0.037908
1 0.533456 0.152288 0.016912 0.030065
1 0.619118 0.105229 0.033824 0.024837
1 0.619853 0.095425 0.033824 0.020915
1 0.600000 0.028105 0.020588 0.022222
1 0.587500 0.009150 0.023529 0.018301
4 0.552206 0.008497 0.002941 0.011765
4 0.198162 0.582353 0.016912 0.056209
1 0.244853 0.491503 0.044118 0.091503
1 0.209559 0.466013 0.050000 0.082353
1 0.280147 0.416340 0.042647 0.074510
1 0.154779 0.456209 0.083088 0.075817
1 0.210294 0.326144 0.067647 0.048366
1 0.232353 0.292810 0.064706 0.044444
1 0.268015 0.256863 0.058088 0.037908
1 0.312868 0.264052 0.031618 0.047059
1 0.323529 0.211111 0.052941 0.040523
3 0.391544 0.213725 0.055147 0.108497
1 0.343750 0.189542 0.024265 0.036601
1 0.352574 0.116993 0.036029 0.032680
1 0.381250 0.098693 0.028676 0.027451
1 0.439706 0.130065 0.019118 0.035294
1 0.365809 0.080392 0.033088 0.019608
1 0.362132 0.070588 0.033088 0.020915
1 0.372059 0.065359 0.030882 0.023529
1 0.371691 0.060131 0.030147 0.020915
4 0.390809 0.073203 0.005147 0.018301
