1 0.444853 0.172549 0.008824 0.013072
1 0.440074 0.185621 0.015441 0.018301
1 0.484926 0.195425 0.011029 0.014379
1 0.510294 0.192157 0.010294 0.015686
4 0.500368 0.315686 0.008088 0.022222
1 0.517279 0.230065 0.013971 0.018301
1 0.525735 0.271895 0.014706 0.026144
1 0.528309 0.309150 0.018382 0.030065
1 0.534559 0.344444 0.023529 0.035294
1 0.570956 0.481046 0.033088 0.054902
1 0.548897 0.198693 0.015441 0.015686
1 0.555882 0.216340 0.014706 0.019608
1 0.572426 0.212418 0.015441 0.014379
1 0.574632 0.235948 0.022794 0.014379
2 0.573529 0.251634 0.011765 0.016993
1 0.580882 0.263399 0.014706 0.019608
1 0.599265 0.279085 0.036765 0.022222
1 0.616544 0.339216 0.022794 0.032680
1 0.687132 0.496732 0.041912 0.054902
4 0.570588 0.292157 0.005882 0.016993
4 0.612132 0.407190 0.005147 0.019608
4 0.633824 0.454902 0.010294 0.028758
4 0.712132 0.521569 0.025735 0.020915
1 0.722059 0.554248 0.045588 0.060131
0 0.694853 0.606536 0.013235 0.044444
1 0.429412 0.209804 0.008824 0.019608
1 0.421691 0.234641 0.012500 0.019608
4 0.422794 0.262745 0.011765 0.013072
1 0.481250 0.340523 0.021324 0.037908
4 0.450000 0.267320 0.005882 0.016993
1 0.763235 0.635294 0.058824 0.073203
1 0.863971 0.818301 0.083824 0.130719
1 0.348162 0.900654 0.075735 0.193464
1 0.390809 0.203268 0.012500 0.019608
1 0.386765 0.210458 0.013235 0.015686
1 0.379412 0.226797 0.013235 0.016993
1 0.367279 0.237255 0.015441 0.019608
1 0.364338 0.211765 0.024265 0.015686
1 0.323897 0.262745 0.028676 0.020915
1 0.021324 0.416340 0.042647 0.045752
1 0.104779 0.523529 0.078676 0.066667
1 0.183456 0.425490 0.065441 0.048366
1 0.255882 0.398693 0.033824 0.047059
1 0.311397 0.320915 0.024265 0.032680
1 0.309559 0.307190 0.044118 0.028758
1 0.326471 0.294771 0.017647 0.027451
3 0.046324 0.692157 0.092647 0.231373
