1 0.147143 0.484772 0.065714 0.083756
1 0.785714 0.312817 0.034286 0.074873
1 0.726071 0.277919 0.039286 0.081218
1 0.868571 0.296954 0.037143 0.071066
1 0.808929 0.244924 0.033571 0.060914
1 0.693214 0.181472 0.032143 0.055838
1 0.751071 0.206218 0.033571 0.067259
1 0.782857 0.223985 0.035714 0.069797
1 0.843571 0.264594 0.037143 0.069797
1 0.667857 0.160533 0.037143 0.069797
1 0.731786 0.074239 0.035000 0.064721
1 0.783929 0.093274 0.026429 0.054569
4 0.560357 0.923858 0.023571 0.063452
4 0.585357 0.935279 0.020714 0.081218
4 0.595000 0.947970 0.020000 0.065990
4 0.607500 0.951777 0.032143 0.083756
4 0.625714 0.959391 0.025714 0.078680
4 0.636786 0.978426 0.019286 0.040609
4 0.655714 0.987310 0.014286 0.022843
4 0.671429 0.986041 0.015714 0.025381
4 0.688214 0.991117 0.019286 0.015228
4 0.929286 0.181472 0.014286 0.045685
4 0.943214 0.187817 0.015000 0.038071
4 0.956071 0.193528 0.016429 0.039340
4 0.966429 0.197335 0.017143 0.044416
4 0.980357 0.191624 0.015000 0.032995
4 0.802143 0.116751 0.015714 0.038071
4 0.815357 0.118020 0.016429 0.038071
4 0.635357 0.034264 0.017857 0.027919
4 0.677500 0.057741 0.022143 0.026650
4 0.680357 0.043782 0.022143 0.019036
4 0.685000 0.032995 0.021429 0.017766
4 0.641071 0.017132 0.019286 0.029188
4 0.650000 0.011421 0.015714 0.020305
