0 0.516500 0.928333 0.055000 0.074000
0 0.307750 0.977333 0.060500 0.045333
4 0.339000 0.646667 0.050000 0.048000
4 0.273000 0.619000 0.050000 0.040667
4 0.318750 0.387000 0.015500 0.035333
2 0.375000 0.420667 0.084000 0.066667
4 0.372250 0.339000 0.007500 0.023333
4 0.400000 0.347667 0.016000 0.023333
4 0.469000 0.341333 0.016000 0.024000
4 0.464750 0.357667 0.019500 0.023333
4 0.469750 0.361333 0.020500 0.024000
4 0.476000 0.362667 0.018000 0.025333
4 0.480000 0.366667 0.018000 0.024000
4 0.486750 0.369333 0.024500 0.026667
4 0.947000 0.507667 0.040000 0.040667
4 0.984750 0.443333 0.018500 0.034667
1 0.954500 0.333333 0.046000 0.040000
1 0.893750 0.158667 0.026500 0.012000
1 0.942750 0.210000 0.040500 0.018667
1 0.883000 0.201000 0.039000 0.018000
1 0.822750 0.295000 0.057500 0.034000
1 0.868500 0.279000 0.056000 0.031333
2 0.879250 0.265667 0.064500 0.042000
1 0.911500 0.254000 0.050000 0.026667
1 0.916250 0.248000 0.045500 0.024000
1 0.919000 0.240667 0.049000 0.025333
1 0.814750 0.224000 0.040500 0.021333
1 0.784750 0.187333 0.029500 0.014667
1 0.734000 0.140333 0.018000 0.010000
0 0.824750 0.231667 0.015500 0.014000
1 0.268750 0.210333 0.032500 0.015333
1 0.257250 0.203333 0.027500 0.017333
1 0.245000 0.162000 0.023000 0.012000
1 0.230250 0.157667 0.021500 0.011333
1 0.213750 0.152000 0.019500 0.010667
1 0.210000 0.150333 0.017000 0.008667
1 0.206000 0.149333 0.018000 0.009333
1 0.202000 0.149333 0.016000 0.008000
1 0.191250 0.177333 0.029500 0.013333
1 0.184750 0.175000 0.019500 0.012667
1 0.154750 0.180000 0.025500 0.013333
2 0.198750 0.191000 0.057500 0.026000
3 0.267750 0.163000 0.027500 0.027333
2 0.220750 0.152000 0.024500 0.014667
2 0.192750 0.144000 0.026500 0.013333
2 0.186750 0.140333 0.022500 0.016667
2 0.181000 0.139333 0.024000 0.018667
2 0.160750 0.135000 0.024500 0.014000
2 0.152000 0.133333 0.032000 0.017333
2 0.173750 0.168667 0.030500 0.020000
2 0.161750 0.159000 0.030500 0.023333
2 0.162750 0.164667 0.026500 0.017333
1 0.161000 0.143333 0.009000 0.008000
2 0.155500 0.159000 0.028000 0.018000
1 0.142750 0.156667 0.017500 0.009333
1 0.138750 0.155333 0.017500 0.009333
1 0.144750 0.173000 0.022500 0.011333
1 0.134000 0.172333 0.024000 0.014000
1 0.039500 0.421333 0.079000 0.057333
1 0.039500 0.420667 0.079000 0.057333
