1 0.250500 0.612333 0.185000 0.090000
4 0.374750 0.610000 0.023500 0.050667
2 0.257250 0.362000 0.075500 0.025333
1 0.211000 0.395000 0.034000 0.022000
1 0.194750 0.397333 0.029500 0.020000
1 0.191500 0.402000 0.026000 0.017333
1 0.229500 0.392000 0.027000 0.018667
2 0.229750 0.383667 0.045500 0.026000
1 0.302250 0.391333 0.026500 0.024000
1 0.277000 0.393667 0.021000 0.019333
4 0.446250 0.438667 0.027500 0.026667
4 0.406500 0.518667 0.024000 0.042667
0 0.441000 0.554000 0.035000 0.044000
4 0.459750 0.526000 0.017500 0.048000
4 0.528500 0.613667 0.034000 0.060667
0 0.558250 0.578667 0.053500 0.048000
4 0.745000 0.601333 0.040000 0.060000
0 0.779750 0.551667 0.016500 0.052667
0 0.810750 0.548000 0.015500 0.034667
4 0.837750 0.543000 0.025500 0.047333
4 0.713750 0.758333 0.091500 0.070000
0 0.665000 0.676000 0.048000 0.052000
1 0.928000 0.581000 0.144000 0.106000
1 0.166500 0.366667 0.030000 0.012000
1 0.185750 0.377333 0.029500 0.014667
1 0.267750 0.375000 0.035500 0.015333
1 0.315500 0.386000 0.017000 0.020000
1 0.331750 0.381000 0.014500 0.018000
