1 0.215714 0.509518 0.027143 0.069797
1 0.364643 0.733503 0.029286 0.091371
1 0.485000 0.968909 0.030000 0.059645
3 0.508929 0.829315 0.060714 0.250000
4 0.476429 0.866751 0.011429 0.040609
1 0.597500 0.855330 0.049286 0.053299
1 0.589643 0.806472 0.047857 0.049492
4 0.578929 0.677665 0.010714 0.038071
4 0.576071 0.650381 0.027857 0.024112
2 0.650357 0.534898 0.042143 0.156091
2 0.626071 0.348985 0.039286 0.167513
1 0.463929 0.606599 0.025000 0.081218
1 0.455357 0.432741 0.020714 0.073604
1 0.400357 0.406726 0.020714 0.074873
1 0.441786 0.318528 0.019286 0.076142
1 0.413929 0.211294 0.019286 0.064721
1 0.589643 0.162437 0.019286 0.053299
1 0.568571 0.527284 0.041429 0.059645
