4 0.451000 0.036000 0.014000 0.030667
4 0.490250 0.110000 0.010500 0.032000
2 0.312000 0.157333 0.089000 0.092000
1 0.549250 0.265000 0.037500 0.071333
1 0.093750 0.256000 0.073500 0.045333
1 0.200750 0.253333 0.084500 0.052000
1 0.297750 0.239333 0.062500 0.046667
1 0.118750 0.544667 0.093500 0.060000
0 0.052500 0.745667 0.025000 0.055333
0 0.038500 0.842333 0.033000 0.062000
2 0.340750 0.956667 0.064500 0.086667
2 0.484000 0.771000 0.055000 0.172667
0 0.505500 0.722333 0.014000 0.052667
4 0.610500 0.809667 0.018000 0.054000
4 0.510250 0.611667 0.014500 0.046000
4 0.513250 0.508333 0.013500 0.044667
4 0.538250 0.390333 0.018500 0.032667
1 0.564500 0.362667 0.043000 0.078667
1 0.598000 0.499333 0.049000 0.101333
1 0.642250 0.712333 0.059500 0.127333
4 0.553000 0.747333 0.018000 0.061333
4 0.580500 0.749333 0.014000 0.052000
