4 0.575000 0.207143 0.005714 0.018095
1 0.586786 0.127619 0.009286 0.009524
1 0.600357 0.114762 0.010714 0.008571
1 0.467857 0.192857 0.014286 0.016190
0 0.509286 0.158571 0.007143 0.006667
4 0.534286 0.153333 0.011429 0.009524
4 0.522857 0.099048 0.004286 0.005714
1 0.505714 0.102857 0.014286 0.009524
1 0.457857 0.114286 0.014286 0.007619
1 0.459286 0.108571 0.014286 0.007619
1 0.460357 0.104762 0.013571 0.007619
1 0.453929 0.101905 0.010714 0.005714
1 0.466786 0.098095 0.012143 0.009524
1 0.431071 0.109048 0.012143 0.006667
1 0.429643 0.113333 0.015000 0.007619
1 0.428214 0.121429 0.013571 0.012381
1 0.454643 0.128571 0.016429 0.007619
1 0.427500 0.072857 0.003571 0.008571
1 0.471429 0.080476 0.004286 0.008571
1 0.466786 0.071905 0.006429 0.008571
1 0.457143 0.072381 0.004286 0.005714
1 0.498571 0.012381 0.004286 0.005714
1 0.503571 0.011429 0.004286 0.005714
2 0.528929 0.034762 0.010714 0.018095
2 0.515357 0.037143 0.007857 0.011429
1 0.900714 0.253333 0.031429 0.013333
1 0.895714 0.246190 0.027143 0.012381
1 0.886071 0.234762 0.025000 0.014286
1 0.835000 0.142857 0.015714 0.011429
1 0.848929 0.149524 0.009286 0.013333
1 0.943571 0.166667 0.024286 0.011429
1 0.915000 0.205714 0.015714 0.019048
1 0.720714 0.130952 0.008571 0.008571
1 0.686786 0.086190 0.006429 0.008571
1 0.707857 0.110952 0.008571 0.008571
1 0.649643 0.048571 0.006429 0.005714
1 0.870000 0.213333 0.024286 0.013333
1 0.876071 0.223810 0.026429 0.011429
1 0.880000 0.227143 0.027143 0.012381
4 0.928571 0.204286 0.011429 0.006667
4 0.933929 0.210000 0.009286 0.010476
3 0.741071 0.131905 0.013571 0.029524
3 0.680714 0.057619 0.011429 0.014286
3 0.658929 0.040952 0.010714 0.015238
1 0.720000 0.104286 0.010000 0.006667
4 0.966786 0.157619 0.010714 0.008571
4 0.983571 0.162381 0.005714 0.008571
4 0.746786 0.170000 0.007857 0.006667
4 0.753929 0.164762 0.009286 0.005714
4 0.760357 0.160000 0.009286 0.005714
4 0.727857 0.120476 0.004286 0.004762
4 0.714643 0.149524 0.005000 0.005714
1 0.752143 0.068571 0.010000 0.009524
1 0.750357 0.080952 0.007857 0.007619
1 0.744286 0.081429 0.004286 0.008571
1 0.738214 0.077143 0.003571 0.009524
1 0.805000 0.077143 0.007143 0.007619
1 0.797143 0.077143 0.007143 0.007619
1 0.812857 0.077143 0.005714 0.007619
1 0.844286 0.116667 0.014286 0.006667
1 0.841429 0.114762 0.010000 0.006667
1 0.836071 0.111905 0.013571 0.010476
1 0.830714 0.106667 0.011429 0.007619
1 0.821786 0.100476 0.009286 0.008571
1 0.817857 0.097143 0.010000 0.007619
1 0.815000 0.093810 0.008571 0.006667
1 0.809643 0.088095 0.012143 0.006667
1 0.792857 0.087143 0.012857 0.006667
1 0.795000 0.090952 0.011429 0.008571
1 0.799643 0.094286 0.012143 0.007619
1 0.805357 0.097619 0.016429 0.008571
1 0.813929 0.107143 0.017857 0.008571
1 0.810714 0.104286 0.015714 0.010476
1 0.773214 0.093333 0.010714 0.007619
1 0.763214 0.092857 0.010714 0.006667
1 0.759643 0.090000 0.007857 0.006667
1 0.768571 0.090000 0.011429 0.006667
1 0.788929 0.082381 0.006429 0.008571
1 0.795714 0.082381 0.005714 0.008571
1 0.781429 0.081429 0.010000 0.010476
1 0.773929 0.081905 0.009286 0.009524
1 0.747143 0.051429 0.007143 0.005714
1 0.750357 0.054286 0.006429 0.005714
1 0.856071 0.093810 0.012143 0.008571
1 0.857857 0.088571 0.014286 0.005714
1 0.846786 0.085714 0.012143 0.007619
1 0.675000 0.027143 0.005714 0.004762
1 0.607500 0.007143 0.005000 0.004762
