1 0.441750 0.724333 0.081500 0.058000
1 0.453000 0.660000 0.075000 0.049333
4 0.458500 0.509667 0.010000 0.022000
0 0.434750 0.491000 0.012500 0.026000
0 0.459250 0.489667 0.010500 0.020667
4 0.476750 0.501667 0.011500 0.020667
0 0.473750 0.512667 0.012500 0.021333
1 0.475000 0.281667 0.016000 0.026000
1 0.450000 0.268667 0.022000 0.018667
1 0.418750 0.199667 0.017500 0.015333
1 0.390250 0.186333 0.013500 0.015333
1 0.366500 0.166333 0.015000 0.014000
1 0.364000 0.197333 0.015000 0.014667
1 0.351750 0.186333 0.016500 0.014000
4 0.564000 0.738333 0.014000 0.043333
4 0.416500 0.301000 0.006000 0.015333
1 0.493000 0.296667 0.024000 0.025333
1 0.518250 0.293000 0.026500 0.026000
2 0.085000 0.276333 0.062000 0.042000
4 0.566250 0.286667 0.010500 0.012000
0 0.564000 0.283333 0.010000 0.010667
2 0.596750 0.270000 0.030500 0.025333
0 0.588250 0.568000 0.013500 0.029333
4 0.735750 0.755333 0.026500 0.040000
1 0.960500 0.592667 0.079000 0.064000
1 0.863000 0.521333 0.067000 0.052000
1 0.738750 0.434667 0.054500 0.042667
1 0.620250 0.377333 0.039500 0.032000
1 0.616000 0.285000 0.031000 0.022000
0 0.575250 0.274667 0.009500 0.010667
2 0.690750 0.287000 0.045500 0.038000
4 0.722250 0.259000 0.010500 0.011333
4 0.737750 0.271000 0.012500 0.011333
1 0.732250 0.217667 0.030500 0.019333
1 0.744750 0.187667 0.025500 0.015333
