1 0.293214 0.884286 0.072143 0.187619
1 0.225000 0.670476 0.061429 0.135238
1 0.493571 0.477143 0.040000 0.095238
1 0.312857 0.392381 0.045714 0.095238
1 0.275714 0.383810 0.047143 0.091429
2 0.502500 0.371429 0.039286 0.100952
1 0.354643 0.212857 0.032143 0.061905
1 0.322143 0.196667 0.040000 0.071429
1 0.543929 0.095714 0.032143 0.056190
1 0.558214 0.043810 0.030714 0.053333
1 0.524286 0.041905 0.028571 0.043810
1 0.342500 0.140000 0.037857 0.060952
2 0.444643 0.072857 0.046429 0.094286
0 0.473571 0.363810 0.008571 0.034286
4 0.602857 0.185714 0.022857 0.030476
4 0.617143 0.216190 0.027143 0.026667
1 0.646786 0.870000 0.055000 0.160952
4 0.665357 0.782857 0.043571 0.032381
4 0.663571 0.765238 0.042857 0.031429
