1 0.173750 0.714333 0.099500 0.123333
1 0.243500 0.598333 0.070000 0.096667
1 0.314250 0.486000 0.052500 0.069333
1 0.350000 0.426333 0.047000 0.062000
1 0.512750 0.388000 0.038500 0.060000
4 0.390500 0.470333 0.018000 0.034000
1 0.937250 0.971000 0.068500 0.058000
4 0.920000 0.903000 0.048000 0.036667
1 0.897000 0.780333 0.066000 0.118000
4 0.923500 0.604333 0.013000 0.039333
4 0.885250 0.708000 0.041500 0.057333
4 0.887750 0.694000 0.033500 0.045333
4 0.874500 0.638000 0.036000 0.033333
4 0.867750 0.612333 0.036500 0.027333
0 0.865000 0.604000 0.036000 0.028000
1 0.812500 0.583667 0.040000 0.062000
4 0.860500 0.562333 0.037000 0.035333
1 0.827750 0.440667 0.039500 0.052000
1 0.799750 0.337667 0.030500 0.036667
1 0.786750 0.291667 0.027500 0.036667
1 0.782500 0.253333 0.025000 0.032000
1 0.781000 0.228000 0.021000 0.024000
4 0.743250 0.202667 0.008500 0.020000
1 0.770750 0.143333 0.018500 0.021333
1 0.766000 0.112667 0.016000 0.021333
0 0.742750 0.086667 0.004500 0.013333
1 0.442250 0.281667 0.031500 0.039333
0 0.492500 0.254333 0.007000 0.020667
0 0.478000 0.250333 0.006000 0.020667
1 0.533000 0.132000 0.019000 0.024000
1 0.546250 0.109000 0.017500 0.026000
1 0.554000 0.098667 0.016000 0.021333
0 0.568500 0.102333 0.004000 0.014000
1 0.563500 0.081333 0.016000 0.018667
1 0.576500 0.062000 0.013000 0.017333
0 0.603750 0.035000 0.003500 0.011333
0 0.598750 0.035000 0.003500 0.011333
0 0.758000 0.054667 0.003000 0.010667
1 0.759750 0.019000 0.011500 0.011333
1 0.757250 0.014000 0.010500 0.010667
1 0.674750 0.008000 0.011500 0.014667
1 0.657000 0.010333 0.011000 0.012667
