0 0.141250 0.543000 0.077500 0.060667
1 0.130750 0.478000 0.185500 0.109333
1 0.233750 0.370667 0.139500 0.077333
4 0.266250 0.329000 0.033500 0.042000
1 0.355250 0.176000 0.081500 0.053333
1 0.543250 0.179667 0.062500 0.056667
1 0.660500 0.149333 0.089000 0.049333
1 0.611500 0.127667 0.089000 0.047333
1 0.463000 0.103333 0.044000 0.048000
1 0.377750 0.123667 0.088500 0.047333
1 0.399750 0.110333 0.088500 0.047333
1 0.553500 0.024000 0.029000 0.037333
1 0.437750 0.041333 0.088500 0.048000
1 0.452750 0.012667 0.075500 0.025333
4 0.702500 0.399667 0.061000 0.058000
0 0.080250 0.658333 0.081500 0.066000
4 0.664000 0.691000 0.046000 0.111333
1 0.685500 0.478000 0.175000 0.098667
1 0.610750 0.546333 0.174500 0.108667
1 0.828500 0.582000 0.065000 0.081333
