2 0.359500 0.898000 0.194000 0.134667
1 0.689000 0.971333 0.066000 0.057333
1 0.678500 0.871333 0.094000 0.113333
1 0.784000 0.525667 0.039000 0.044667
1 0.711750 0.470000 0.029500 0.032000
1 0.692500 0.429667 0.042000 0.027333
1 0.939000 0.604667 0.042000 0.048000
1 0.976750 0.682333 0.046500 0.080667
1 0.340250 0.742667 0.106500 0.064000
1 0.354500 0.695333 0.103000 0.057333
1 0.375000 0.651333 0.091000 0.057333
1 0.359500 0.629333 0.088000 0.053333
2 0.452500 0.664000 0.052000 0.097333
1 0.419750 0.581000 0.072500 0.056667
1 0.367750 0.553333 0.070500 0.048000
1 0.420000 0.541000 0.068000 0.043333
1 0.376750 0.508333 0.068500 0.035333
2 0.387500 0.486333 0.106000 0.051333
1 0.539750 0.461667 0.043500 0.028667
2 0.548000 0.420000 0.069000 0.049333
2 0.526500 0.404667 0.043000 0.026667
1 0.395250 0.394333 0.040500 0.026000
1 0.405500 0.388667 0.040000 0.022667
2 0.405750 0.371333 0.056500 0.036000
1 0.390500 0.362000 0.034000 0.026667
3 0.422750 0.314000 0.027500 0.036000
1 0.448750 0.291333 0.010500 0.016000
0 0.454750 0.271667 0.004500 0.007333
1 0.467250 0.264667 0.010500 0.010667
1 0.453500 0.214667 0.010000 0.006667
