1 0.426786 0.652284 0.037857 0.060914
1 0.495714 0.456218 0.030000 0.052030
1 0.492143 0.517766 0.031429 0.055838
1 0.526071 0.395305 0.029286 0.049492
1 0.604286 0.233503 0.022857 0.038071
1 0.596429 0.345812 0.022857 0.044416
1 0.663929 0.201777 0.022143 0.038071
1 0.662143 0.159898 0.024286 0.040609
1 0.714286 0.089467 0.020000 0.031726
1 0.684643 0.156726 0.020714 0.039340
1 0.341429 0.810914 0.042857 0.076142
1 0.391786 0.783629 0.037857 0.079949
1 0.426429 0.713832 0.034286 0.069797
1 0.460000 0.527284 0.030000 0.054569
1 0.635714 0.170685 0.021429 0.039340
1 0.651429 0.137690 0.022857 0.036802
1 0.700000 0.119924 0.020000 0.034264
1 0.673929 0.096447 0.019286 0.035533
1 0.077857 0.961294 0.050000 0.074873
1 0.232857 0.982868 0.052857 0.031726
1 0.012143 0.951142 0.024286 0.062183
