4 0.603000 0.956000 0.031000 0.058667
4 0.440250 0.827667 0.042500 0.023333
4 0.658000 0.737000 0.033000 0.047333
0 0.899500 0.917000 0.039000 0.059333
4 0.929500 0.844000 0.036000 0.052000
4 0.861750 0.624667 0.029500 0.048000
1 0.750750 0.429333 0.082500 0.128000
0 0.904000 0.410667 0.008000 0.033333
4 0.936000 0.458000 0.035000 0.036000
4 0.926750 0.411667 0.019500 0.043333
0 0.989000 0.457000 0.022000 0.032667
4 0.596750 0.156667 0.012500 0.030667
1 0.594500 0.100333 0.073000 0.063333
4 0.461750 0.069667 0.027500 0.023333
0 0.359750 0.133000 0.031500 0.030000
4 0.568000 0.332000 0.030000 0.034667
1 0.536750 0.243667 0.074500 0.096667
4 0.468250 0.230333 0.024500 0.022000
4 0.942750 0.092000 0.023500 0.042667
4 0.963750 0.067000 0.028500 0.032667
4 0.266500 0.051667 0.015000 0.028667
2 0.032750 0.009333 0.065500 0.017333
1 0.018000 0.030667 0.036000 0.053333
0 0.346000 0.327333 0.025000 0.033333
4 0.360500 0.366667 0.015000 0.041333
4 0.382000 0.373000 0.026000 0.040667
4 0.411250 0.421000 0.021500 0.028667
4 0.438750 0.553000 0.028500 0.036667
4 0.419750 0.562667 0.024500 0.030667
4 0.280250 0.675667 0.037500 0.039333
1 0.400500 0.457667 0.083000 0.106000
