1 0.495000 0.966371 0.012857 0.054569
1 0.490000 0.817893 0.011429 0.049492
4 0.446786 0.822970 0.005000 0.021574
4 0.450357 0.891497 0.005000 0.024112
4 0.450000 0.669416 0.005714 0.013959
1 0.464643 0.684010 0.013571 0.040609
1 0.448929 0.422589 0.007857 0.030457
1 0.407143 0.895305 0.024286 0.077411
2 0.501786 0.468909 0.012143 0.062183
1 0.466786 0.356599 0.007857 0.022843
1 0.463571 0.201777 0.007143 0.020305
4 0.483571 0.334391 0.002857 0.011421
1 0.477857 0.176396 0.005714 0.020305
2 0.474643 0.064721 0.012143 0.040609
1 0.446786 0.057741 0.006429 0.016497
3 0.492857 0.185914 0.014286 0.067259
1 0.213571 0.125635 0.012857 0.015228
1 0.194286 0.123731 0.018571 0.013959
1 0.199286 0.173223 0.011429 0.021574
1 0.212857 0.152284 0.010000 0.015228
1 0.222143 0.150381 0.010000 0.013959
1 0.203214 0.155457 0.013571 0.016497
1 0.192500 0.155457 0.009286 0.013959
