1 0.066071 0.078680 0.022143 0.043147
4 0.382143 0.160533 0.014286 0.013959
1 0.321429 0.248731 0.032857 0.027919
1 0.242143 0.283629 0.038571 0.029188
1 0.301071 0.284898 0.036429 0.026650
4 0.310714 0.701777 0.005714 0.025381
4 0.366786 0.164975 0.015000 0.017766
1 0.566429 0.017132 0.012857 0.034264
3 0.598929 0.477157 0.073571 0.048223
3 0.599286 0.435914 0.067143 0.036802
4 0.661071 0.395305 0.017857 0.013959
1 0.700357 0.394670 0.036429 0.030457
1 0.716071 0.428934 0.032143 0.030457
1 0.676071 0.434645 0.037857 0.026650
1 0.675714 0.475888 0.042857 0.030457
1 0.827500 0.426396 0.037857 0.030457
3 0.845714 0.373731 0.107143 0.062183
4 0.906786 0.066624 0.006429 0.016497
