1 0.479000 0.465333 0.064000 0.133333
1 0.343750 0.310333 0.053500 0.084667
1 0.422250 0.275000 0.065500 0.046000
1 0.203000 0.155667 0.029000 0.024667
1 0.217250 0.141333 0.027500 0.028000
1 0.235500 0.128667 0.024000 0.021333
1 0.249000 0.113000 0.022000 0.024667
1 0.164500 0.167000 0.045000 0.028667
1 0.155250 0.151333 0.028500 0.024000
1 0.267000 0.098667 0.018000 0.017333
1 0.232250 0.172333 0.023500 0.036667
1 0.274750 0.090333 0.016500 0.019333
1 0.282000 0.084333 0.015000 0.015333
1 0.250000 0.194333 0.044000 0.036667
4 0.368000 0.239333 0.026000 0.020000
4 0.478500 0.244000 0.027000 0.024000
4 0.329500 0.403667 0.030000 0.040667
4 0.468250 0.922333 0.042500 0.142000
4 0.521000 0.711000 0.067000 0.075333
0 0.573000 0.612000 0.057000 0.057333
4 0.618500 0.567000 0.056000 0.050000
4 0.527500 0.463667 0.025000 0.056667
0 0.844750 0.163333 0.020500 0.018667
4 0.816000 0.166000 0.016000 0.022667
2 0.477750 0.180667 0.082500 0.044000
4 0.475750 0.163667 0.010500 0.026000
4 0.206250 0.662000 0.067500 0.057333
4 0.069750 0.624667 0.060500 0.048000
4 0.120750 0.900333 0.108500 0.102000
1 0.556500 0.041667 0.018000 0.010000
1 0.548500 0.037667 0.018000 0.010000
1 0.480750 0.049667 0.017500 0.010000
1 0.508250 0.049333 0.021500 0.009333
1 0.543000 0.034667 0.016000 0.010667
1 0.536000 0.031667 0.016000 0.010000
1 0.539500 0.033333 0.016000 0.010667
2 0.528250 0.027000 0.018500 0.012667
2 0.522750 0.023333 0.021500 0.012000
1 0.507250 0.027667 0.007500 0.007333
1 0.478000 0.047000 0.018000 0.011333
1 0.471000 0.044000 0.015000 0.009333
1 0.468000 0.040667 0.015000 0.009333
1 0.465000 0.035000 0.016000 0.010000
1 0.461750 0.033000 0.016500 0.010000
1 0.460000 0.029667 0.016000 0.010000
1 0.419250 0.057000 0.019500 0.011333
2 0.496250 0.033333 0.023500 0.013333
2 0.498500 0.041667 0.023000 0.016667
4 0.864250 0.293333 0.037500 0.037333
