4 0.255750 0.841000 0.068500 0.059333
4 0.287750 0.822333 0.060500 0.059333
4 0.334250 0.794667 0.065500 0.056000
0 0.219500 0.799000 0.066000 0.039333
4 0.229500 0.775667 0.063000 0.055333
4 0.240000 0.718667 0.055000 0.046667
4 0.272750 0.707667 0.057500 0.050000
0 0.274000 0.740000 0.061000 0.053333
0 0.391500 0.803333 0.055000 0.045333
4 0.387250 0.772000 0.062500 0.048000
4 0.430000 0.742333 0.058000 0.051333
0 0.541750 0.598667 0.016500 0.053333
1 0.613750 0.579667 0.069500 0.132667
4 0.815250 0.930667 0.053500 0.114667
0 0.887000 0.919000 0.053000 0.099333
4 0.844750 0.847667 0.062500 0.051333
0 0.730500 0.512333 0.026000 0.042000
3 0.557000 0.353667 0.041000 0.091333
4 0.480250 0.334667 0.017500 0.026667
4 0.686500 0.390333 0.032000 0.023333
4 0.696250 0.376000 0.028500 0.026667
4 0.637750 0.337667 0.030500 0.024667
0 0.616500 0.308000 0.010000 0.025333
4 0.577000 0.291000 0.022000 0.020667
4 0.568250 0.283333 0.020500 0.020000
4 0.577000 0.271667 0.018000 0.024667
0 0.545750 0.291000 0.013500 0.020667
0 0.550250 0.275000 0.023500 0.019333
4 0.602000 0.267667 0.017000 0.020667
1 0.565250 0.246667 0.026500 0.037333
4 0.492000 0.194667 0.015000 0.016000
4 0.507000 0.179333 0.014000 0.010667
2 0.573000 0.150667 0.051000 0.021333
4 0.392250 0.212333 0.008500 0.015333
4 0.399250 0.214000 0.008500 0.016000
2 0.657000 0.202000 0.047000 0.028000
1 0.765500 0.181000 0.045000 0.027333
1 0.415250 0.137333 0.025500 0.017333
1 0.417500 0.124333 0.014000 0.015333
1 0.406250 0.119000 0.014500 0.012667
1 0.421500 0.100333 0.010000 0.011333
1 0.428750 0.090333 0.010500 0.010000
1 0.439750 0.077333 0.006500 0.009333
1 0.444750 0.072000 0.008500 0.009333
1 0.447250 0.067333 0.008500 0.008000
1 0.452000 0.062333 0.006000 0.008667
1 0.453500 0.061000 0.006000 0.007333
2 0.599250 0.071000 0.032500 0.015333
1 0.604250 0.065667 0.018500 0.008667
1 0.601750 0.064333 0.013500 0.008667
2 0.597000 0.058333 0.019000 0.014000
2 0.593750 0.052667 0.021500 0.014667
1 0.580500 0.065000 0.015000 0.008667
1 0.606000 0.044333 0.005000 0.007333
1 0.573750 0.059667 0.011500 0.008667
1 0.572500 0.059000 0.012000 0.007333
1 0.570000 0.059667 0.013000 0.008667
1 0.572500 0.056667 0.013000 0.006667
1 0.572500 0.054667 0.014000 0.006667
1 0.568500 0.050667 0.014000 0.008000
1 0.567500 0.048667 0.016000 0.006667
1 0.564000 0.046000 0.013000 0.008000
2 0.566000 0.041667 0.018000 0.011333
1 0.581750 0.047333 0.018500 0.008000
1 0.588250 0.050667 0.018500 0.006667
1 0.646500 0.058667 0.015000 0.008000
1 0.640500 0.055000 0.014000 0.007333
2 0.638500 0.051000 0.016000 0.012667
1 0.633500 0.051000 0.012000 0.008667
1 0.631500 0.049333 0.013000 0.008000
2 0.624250 0.045667 0.016500 0.010000
2 0.622500 0.043000 0.015000 0.014000
2 0.619250 0.041333 0.018500 0.014667
2 0.609750 0.039000 0.018500 0.012667
2 0.605500 0.036000 0.023000 0.014667
