1 0.156315 0.167904 0.038100 0.040816
1 0.173800 0.145640 0.036534 0.037106
1 0.227035 0.088126 0.034447 0.035250
1 0.243998 0.069109 0.032881 0.034323
1 0.277662 0.028757 0.020877 0.042672
1 0.296190 0.032468 0.015136 0.046382
1 0.310021 0.172542 0.033403 0.027829
2 0.394833 0.252783 0.027662 0.141929
4 0.295668 0.382189 0.019311 0.020408
4 0.314457 0.400742 0.014092 0.025974
4 0.460856 0.084416 0.006263 0.016698
2 0.523747 0.264378 0.048539 0.048237
2 0.526357 0.387755 0.031837 0.094620
1 0.654489 0.377087 0.046973 0.041744
1 0.556889 0.685529 0.057411 0.051948
1 0.558716 0.752319 0.060021 0.051948
1 0.729906 0.714750 0.057933 0.041744
1 0.688674 0.577458 0.053758 0.045455
1 0.683455 0.535250 0.055846 0.044527
1 0.904489 0.095547 0.036534 0.038961
1 0.891701 0.187848 0.023486 0.052876
1 0.928758 0.039425 0.018267 0.039889
1 0.909708 0.030148 0.015658 0.038033
1 0.903967 0.153989 0.021921 0.038961
1 0.985647 0.195269 0.019311 0.045455
1 0.566545 0.914193 0.068372 0.060297
2 0.382307 0.673933 0.032881 0.156772
4 0.460073 0.417904 0.005741 0.023191
