4 0.514643 0.013959 0.003571 0.010152
2 0.538214 0.286168 0.016429 0.052030
1 0.573571 0.407995 0.011429 0.031726
2 0.499286 0.572335 0.018571 0.073604
1 0.627857 0.897843 0.015714 0.046954
1 0.644643 0.777919 0.015000 0.045685
1 0.595357 0.727157 0.016429 0.045685
1 0.622500 0.576142 0.015000 0.045685
1 0.637500 0.664340 0.015000 0.041878
3 0.629286 0.706853 0.021429 0.063452
3 0.657143 0.845178 0.024286 0.076142
1 0.765357 0.021574 0.009286 0.020305
3 0.816786 0.270305 0.017857 0.045685
3 0.888929 0.510152 0.019286 0.055838
