1 0.436587 0.795918 0.042276 0.090909
1 0.478079 0.591373 0.045929 0.039889
1 0.450418 0.549629 0.042797 0.034323
1 0.433194 0.503247 0.039666 0.036178
4 0.561065 0.595547 0.008351 0.029685
4 0.454854 0.313544 0.007829 0.018553
4 0.457724 0.333952 0.007307 0.016698
4 0.453549 0.337662 0.009395 0.020408
4 0.467119 0.338590 0.009395 0.018553
4 0.471816 0.346939 0.011482 0.016698
1 0.518789 0.318646 0.031315 0.028757
1 0.522704 0.350186 0.033925 0.028757
4 0.535491 0.332096 0.014614 0.016698
4 0.612735 0.138683 0.010438 0.010204
4 0.601775 0.165584 0.004175 0.013915
4 0.598904 0.222171 0.005741 0.012059
4 0.597338 0.267161 0.006785 0.012987
4 0.584290 0.300093 0.007829 0.013915
2 0.627088 0.283395 0.036013 0.049165
2 0.563152 0.290816 0.028184 0.028757
4 0.620825 0.208256 0.005741 0.019481
4 0.586117 0.063080 0.006263 0.011132
0 0.609081 0.114100 0.008351 0.009276
1 0.662839 0.175325 0.011482 0.024119
1 0.654228 0.084879 0.009916 0.015770
1 0.651096 0.070037 0.008873 0.015770
1 0.639614 0.016234 0.010960 0.012059
4 0.603340 0.007885 0.002088 0.006494
0 0.602818 0.067254 0.003132 0.008349
4 0.671973 0.023191 0.002610 0.009276
1 0.713205 0.014842 0.016180 0.011132
1 0.710856 0.008349 0.014614 0.009276
1 0.736169 0.061688 0.008873 0.017625
1 0.757307 0.069109 0.018789 0.012059
1 0.761221 0.072356 0.016180 0.012987
1 0.769572 0.105288 0.021399 0.017625
1 0.798017 0.111317 0.020877 0.012987
1 0.780010 0.145176 0.023486 0.015770
1 0.790188 0.164657 0.022965 0.017625
4 0.743737 0.123840 0.004175 0.010204
4 0.771138 0.159091 0.006785 0.017625
2 0.779749 0.694805 0.054280 0.139147
