1 0.282500 0.813810 0.107857 0.071429
1 0.270000 0.649524 0.092857 0.074286
1 0.328571 0.572857 0.102857 0.067619
1 0.289286 0.502381 0.094286 0.060000
1 0.380357 0.451905 0.047857 0.107619
1 0.294286 0.442381 0.087143 0.056190
1 0.309643 0.382857 0.087857 0.055238
1 0.339643 0.332857 0.083571 0.050476
1 0.415357 0.328095 0.017857 0.035238
1 0.395357 0.254762 0.037857 0.090476
1 0.851786 0.916667 0.110714 0.075238
1 0.836071 0.827619 0.099286 0.066667
1 0.816786 0.669048 0.100714 0.069524
1 0.978571 0.634286 0.042857 0.057143
1 0.778929 0.405714 0.082143 0.051429
2 0.754643 0.216667 0.080714 0.067619
1 0.745357 0.060000 0.060714 0.047619
1 0.741071 0.017143 0.059286 0.034286
