4 0.639250 0.887000 0.019500 0.051333
4 0.688250 0.954667 0.017500 0.070667
1 0.579000 0.689333 0.038000 0.077333
1 0.463500 0.550333 0.031000 0.051333
1 0.536500 0.471333 0.025000 0.040000
1 0.465000 0.433000 0.019000 0.030000
1 0.521250 0.404000 0.019500 0.028000
1 0.513000 0.371333 0.032000 0.018667
0 0.250250 0.592333 0.018500 0.020667
1 0.395250 0.403333 0.040500 0.024000
1 0.361250 0.389667 0.035500 0.023333
1 0.376000 0.376667 0.033000 0.018667
1 0.369000 0.359333 0.028000 0.018667
1 0.400500 0.355667 0.029000 0.018000
1 0.458500 0.336667 0.013000 0.016000
1 0.476000 0.344667 0.020000 0.016000
1 0.483250 0.361333 0.017500 0.020000
1 0.977250 0.664333 0.045500 0.087333
4 0.913000 0.658000 0.022000 0.036000
4 0.889000 0.655000 0.018000 0.035333
4 0.878000 0.579667 0.013000 0.028667
4 0.910000 0.571333 0.014000 0.026667
4 0.915000 0.522333 0.011000 0.027333
0 0.913000 0.460000 0.007000 0.020000
0 0.888500 0.438333 0.021000 0.016667
4 0.910250 0.379333 0.016500 0.013333
4 0.979000 0.380667 0.016000 0.014667
4 0.990750 0.391333 0.018500 0.010667
4 0.777750 0.451000 0.021500 0.014000
4 0.779750 0.456000 0.020500 0.013333
4 0.760000 0.407000 0.010000 0.016667
0 0.714250 0.400667 0.017500 0.014667
0 0.695750 0.399667 0.013500 0.014000
4 0.684250 0.400667 0.011500 0.016000
4 0.690250 0.403000 0.012500 0.012667
1 0.622000 0.210333 0.012000 0.006000
2 0.693750 0.237667 0.053500 0.027333
1 0.707000 0.253000 0.021000 0.010000
1 0.731500 0.242333 0.018000 0.010000
0 0.725750 0.231000 0.002500 0.007333
1 0.747500 0.240000 0.019000 0.008000
2 0.768500 0.246000 0.040000 0.014667
1 0.743750 0.256000 0.021500 0.010667
2 0.732250 0.264000 0.026500 0.017333
1 0.723750 0.274667 0.020500 0.010667
1 0.751500 0.267000 0.012000 0.012667
1 0.773750 0.253000 0.021500 0.010000
4 0.727750 0.305000 0.006500 0.007333
2 0.767750 0.281667 0.013500 0.010000
1 0.794500 0.242333 0.019000 0.008667
1 0.822250 0.244000 0.021500 0.009333
1 0.852500 0.244333 0.022000 0.010000
1 0.823000 0.255333 0.021000 0.009333
1 0.827000 0.259000 0.018000 0.011333
1 0.801750 0.258000 0.023500 0.010667
2 0.810250 0.319333 0.015500 0.018667
4 0.893000 0.333333 0.006000 0.013333
4 0.853500 0.369667 0.010000 0.010000
4 0.674500 0.365667 0.013000 0.012667
4 0.696500 0.337667 0.006000 0.011333
