4 0.441429 0.909048 0.011429 0.033333
4 0.469643 0.885238 0.012143 0.033333
2 0.922857 0.915238 0.068571 0.055238
1 0.364643 0.308095 0.033571 0.023810
1 0.463214 0.426667 0.020714 0.038095
1 0.446071 0.353333 0.016429 0.036190
1 0.449286 0.166190 0.011429 0.018095
1 0.424643 0.077143 0.007857 0.015238
1 0.489286 0.400000 0.018571 0.034286
1 0.616429 0.378571 0.022857 0.027619
1 0.328571 0.147143 0.022857 0.018095
1 0.452143 0.245714 0.014286 0.024762
1 0.457500 0.270000 0.013571 0.025714
2 0.472143 0.335714 0.030000 0.080952
2 0.530714 0.436667 0.027143 0.050476
2 0.468929 0.494286 0.032143 0.097143
2 0.504286 0.472857 0.042857 0.113333
2 0.400357 0.030476 0.010714 0.022857
2 0.402857 0.117143 0.012857 0.030476
3 0.432857 0.270476 0.024286 0.070476
3 0.423571 0.223333 0.021429 0.050476
3 0.443571 0.209524 0.022857 0.055238
3 0.417857 0.184762 0.018571 0.043810
3 0.433571 0.172857 0.020000 0.048571
3 0.410714 0.156667 0.017143 0.046667
3 0.420357 0.129524 0.019286 0.043810
4 0.691429 0.498571 0.011429 0.016190
1 0.491071 0.225714 0.022143 0.020952
2 0.421786 0.019524 0.010714 0.021905
