3 0.444643 0.263325 0.032143 0.100254
1 0.457857 0.027919 0.011429 0.020305
1 0.465714 0.074873 0.010000 0.022843
1 0.465000 0.118655 0.011429 0.024112
1 0.768214 0.809010 0.022143 0.077411
1 0.793571 0.970812 0.021429 0.048223
1 0.899643 0.966371 0.060714 0.064721
1 0.891786 0.918147 0.037857 0.062183
1 0.905357 0.807741 0.052143 0.054569
1 0.906786 0.775381 0.050714 0.050761
4 0.921786 0.691624 0.007857 0.030457
4 0.925000 0.676396 0.028571 0.032995
1 0.946429 0.600888 0.037143 0.057107
1 0.990714 0.378807 0.018571 0.044416
1 0.995357 0.248731 0.009286 0.032995
3 0.816429 0.652919 0.022857 0.110406
3 0.838214 0.464467 0.039286 0.134518
3 0.881786 0.348350 0.046429 0.130711
3 0.924286 0.189086 0.042857 0.104061
1 0.951786 0.094543 0.015000 0.026650
1 0.920000 0.019036 0.014286 0.022843
1 0.897143 0.174492 0.017143 0.031726
1 0.804643 0.098985 0.012143 0.027919
1 0.773214 0.482234 0.017857 0.050761
2 0.763214 0.121193 0.022143 0.059645
1 0.720714 0.199873 0.014286 0.029188
3 0.637143 0.265228 0.024286 0.119289
3 0.663571 0.140228 0.012857 0.026650
1 0.723214 0.060914 0.013571 0.022843
1 0.414643 0.423858 0.022143 0.040609
