1 0.348929 0.057619 0.036429 0.094286
1 0.417143 0.022857 0.032857 0.045714
1 0.578929 0.069524 0.035000 0.097143
1 0.573214 0.180476 0.035000 0.096190
1 0.243214 0.972381 0.086429 0.047619
1 0.413214 0.887143 0.040714 0.113333
4 0.238929 0.830952 0.025000 0.037143
1 0.597857 0.906667 0.037143 0.129524
1 0.414286 0.731429 0.038571 0.125714
1 0.588214 0.657619 0.035000 0.103810
1 0.588929 0.538571 0.032143 0.094286
1 0.482500 0.609524 0.039286 0.123810
1 0.413214 0.605714 0.035000 0.102857
4 0.515000 0.545238 0.018571 0.067619
1 0.326429 0.573333 0.037143 0.102857
0 0.366429 0.480952 0.028571 0.013333
1 0.282857 0.406190 0.084286 0.044762
1 0.370000 0.316190 0.037143 0.108571
2 0.409286 0.244286 0.041429 0.138095
0 0.276786 0.212857 0.015000 0.033333
4 0.247143 0.198095 0.014286 0.026667
0 0.252857 0.285714 0.018571 0.026667
