1 0.685000 0.828046 0.044286 0.102792
1 0.311071 0.723350 0.047857 0.093909
3 0.478571 0.171954 0.085714 0.077411
1 0.257143 0.236675 0.037143 0.052030
1 0.221429 0.284898 0.035714 0.052030
1 0.193571 0.332487 0.032857 0.048223
1 0.151071 0.381980 0.043571 0.078680
1 0.070000 0.496193 0.050000 0.071066
3 0.164643 0.287437 0.066429 0.100254
3 0.020000 0.564721 0.035714 0.121827
4 0.106786 0.843274 0.026429 0.039340
4 0.064286 0.899746 0.032857 0.040609
4 0.054286 0.865482 0.025714 0.038071
4 0.020714 0.927665 0.024286 0.040609
3 0.804286 0.119924 0.055714 0.115482
3 0.456429 0.092640 0.085714 0.081218
3 0.485000 0.067259 0.075714 0.086294
3 0.584643 0.076142 0.072143 0.088832
3 0.553571 0.026650 0.084286 0.045685
4 0.093214 0.791878 0.032143 0.035533
