4 0.252088 0.879870 0.027140 0.034323
1 0.491649 0.367811 0.041754 0.026902
4 0.432933 0.375696 0.009916 0.020408
1 0.480689 0.523191 0.048017 0.042672
1 0.474426 0.557978 0.050104 0.041744
1 0.470511 0.591837 0.056889 0.046382
1 0.444676 0.668831 0.059499 0.048237
4 0.520355 0.738404 0.019833 0.027829
4 0.340031 0.653989 0.020355 0.035250
4 0.842119 0.739796 0.024530 0.028757
1 0.772965 0.692022 0.066806 0.048237
4 0.782359 0.607607 0.028184 0.025974
1 0.669624 0.557514 0.027140 0.059369
2 0.651357 0.202690 0.016701 0.039889
1 0.660230 0.140074 0.017745 0.016698
1 0.659969 0.134045 0.021399 0.015770
1 0.659969 0.129870 0.022443 0.014842
1 0.656837 0.106215 0.016180 0.019481
4 0.584812 0.559833 0.006785 0.032468
4 0.639875 0.506030 0.008351 0.023191
4 0.629436 0.304731 0.005219 0.017625
4 0.693111 0.190167 0.005219 0.012987
4 0.687630 0.186920 0.004697 0.012059
1 0.586378 0.114100 0.009916 0.016698
4 0.577244 0.081633 0.003132 0.007421
0 0.599687 0.049165 0.002088 0.005566
4 0.581681 0.032468 0.002610 0.005566
0 0.582463 0.011596 0.002088 0.004638
2 0.905532 0.240724 0.038622 0.045455
4 0.096033 0.968924 0.031315 0.030612
