1 0.432500 0.208756 0.005000 0.006345
1 0.456786 0.225254 0.005000 0.006345
1 0.472500 0.265228 0.005000 0.007614
1 0.469643 0.326142 0.006429 0.010152
1 0.413571 0.319162 0.005714 0.008883
1 0.494643 0.392766 0.007857 0.016497
1 0.476071 0.403553 0.007857 0.012690
1 0.461071 0.428299 0.007857 0.013959
1 0.556071 0.465102 0.007857 0.013959
1 0.323214 0.580584 0.015000 0.021574
1 0.393571 0.715736 0.015714 0.030457
1 0.448571 0.592005 0.012857 0.021574
3 0.623929 0.586929 0.035000 0.029188
1 0.653571 0.602792 0.025714 0.017766
1 0.662500 0.578046 0.022143 0.019036
0 0.666071 0.592640 0.005000 0.010152
1 0.732143 0.582487 0.027143 0.017766
1 0.751071 0.571066 0.020714 0.017766
1 0.771786 0.587563 0.022143 0.017766
1 0.768929 0.579949 0.026429 0.017766
1 0.910357 0.574239 0.026429 0.016497
1 0.806786 0.575508 0.020714 0.016497
1 0.784643 0.566624 0.025000 0.019036
1 0.842857 0.571066 0.024286 0.017766
1 0.799286 0.543782 0.025714 0.016497
1 0.754286 0.516497 0.012857 0.017766
4 0.589286 0.956218 0.008571 0.036802
