3 0.705000 0.857234 0.042857 0.161168
3 0.200357 0.263325 0.097857 0.118020
3 0.091429 0.365482 0.117143 0.142132
3 0.574643 0.935279 0.043571 0.126904
3 0.461786 0.876904 0.067857 0.129442
3 0.487500 0.920685 0.062143 0.140863
3 0.401786 0.950508 0.073571 0.096447
1 0.586429 0.820431 0.031429 0.046954
1 0.576071 0.758249 0.042143 0.046954
1 0.516429 0.623731 0.032857 0.059645
1 0.442500 0.519036 0.029286 0.055838
2 0.212143 0.545685 0.072857 0.058376
1 0.622500 0.456853 0.032143 0.065990
2 0.620357 0.237944 0.063571 0.082487
1 0.555714 0.344543 0.022857 0.044416
1 0.531071 0.335660 0.022143 0.044416
1 0.501786 0.324873 0.017857 0.050761
