0 0.204250 0.756667 0.059500 0.048000
1 0.275500 0.917000 0.116000 0.166000
1 0.320000 0.744000 0.082000 0.170667
1 0.348250 0.612667 0.057500 0.117333
1 0.965000 0.447667 0.070000 0.070000
3 0.792250 0.395000 0.137500 0.175333
1 0.787500 0.263667 0.033000 0.034000
4 0.862250 0.259000 0.012500 0.019333
4 0.872750 0.260667 0.016500 0.021333
1 0.789750 0.215000 0.032500 0.031333
1 0.742250 0.215333 0.038500 0.032000
4 0.768000 0.219667 0.015000 0.024667
1 0.597250 0.243333 0.055500 0.033333
1 0.600750 0.232000 0.055500 0.030667
1 0.659750 0.201000 0.026500 0.026000
1 0.696000 0.196667 0.028000 0.026667
1 0.725250 0.201000 0.026500 0.026000
1 0.706000 0.181667 0.025000 0.024667
1 0.694000 0.168667 0.032000 0.022667
1 0.679000 0.150667 0.031000 0.017333
1 0.677750 0.140000 0.027500 0.025333
1 0.585000 0.138333 0.017000 0.018000
1 0.641250 0.131333 0.015500 0.020000
1 0.653750 0.122667 0.018500 0.017333
1 0.645750 0.116000 0.020500 0.016000
1 0.638500 0.111333 0.022000 0.016000
1 0.666750 0.106000 0.029500 0.017333
1 0.668000 0.101667 0.031000 0.018000
1 0.631250 0.097000 0.014500 0.016667
1 0.620000 0.087667 0.019000 0.014000
1 0.588500 0.079000 0.012000 0.012667
1 0.616250 0.082000 0.012500 0.013333
1 0.605750 0.074000 0.017500 0.012000
1 0.603250 0.071667 0.017500 0.011333
1 0.598500 0.062667 0.011000 0.012000
1 0.596500 0.060000 0.009000 0.010667
1 0.589750 0.056333 0.012500 0.011333
1 0.583000 0.047333 0.010000 0.009333
1 0.577250 0.041333 0.009500 0.008000
1 0.580000 0.043667 0.008000 0.008667
1 0.549500 0.070667 0.011000 0.013333
1 0.546500 0.059667 0.009000 0.010000
1 0.551750 0.048667 0.008500 0.012000
4 0.736750 0.149333 0.015500 0.013333
0 0.721750 0.139333 0.015500 0.013333
4 0.698750 0.120333 0.012500 0.011333
4 0.695500 0.116000 0.011000 0.010667
2 0.663750 0.082333 0.025500 0.015333
2 0.654500 0.078667 0.024000 0.016000
1 0.646750 0.073333 0.021500 0.012000
1 0.645500 0.071000 0.022000 0.011333
1 0.648000 0.075000 0.019000 0.011333
1 0.637750 0.066667 0.019500 0.012000
1 0.657750 0.055667 0.015500 0.011333
2 0.689250 0.065667 0.021500 0.014000
2 0.645000 0.030000 0.010000 0.013333
1 0.622000 0.023667 0.013000 0.007333
1 0.653750 0.021667 0.014500 0.007333
1 0.620500 0.021333 0.014000 0.009333
1 0.625750 0.012667 0.011500 0.006667
0 0.410250 0.255333 0.006500 0.022667
0 0.411250 0.249667 0.006500 0.019333
1 0.431250 0.213000 0.030500 0.036667
1 0.440250 0.188667 0.023500 0.026667
1 0.439750 0.154667 0.017500 0.029333
1 0.447250 0.117667 0.014500 0.022000
1 0.497250 0.084000 0.011500 0.016000
1 0.452500 0.091000 0.011000 0.014000
1 0.456250 0.080333 0.010500 0.012667
1 0.457500 0.071333 0.010000 0.012000
1 0.458750 0.065667 0.010500 0.012667
1 0.460750 0.056000 0.009500 0.012000
1 0.463750 0.040333 0.008500 0.010000
2 0.462250 0.048000 0.009500 0.013333
2 0.465000 0.034667 0.009000 0.010667
4 0.564250 0.051333 0.002500 0.006667
4 0.573500 0.061333 0.003000 0.006667
