2 0.312630 0.027829 0.039666 0.055659
2 0.285230 0.153525 0.044363 0.115955
1 0.223643 0.433673 0.048539 0.145640
1 0.149791 0.753711 0.070981 0.193878
4 0.432411 0.967532 0.026618 0.055659
1 0.464509 0.515770 0.052192 0.179963
1 0.345511 0.738868 0.055324 0.179035
0 0.588727 0.353896 0.026096 0.021336
0 0.537056 0.374304 0.028184 0.017625
0 0.535230 0.363636 0.023486 0.018553
4 0.578810 0.575139 0.036534 0.025974
4 0.523225 0.673933 0.032881 0.026902
4 0.658664 0.553803 0.008351 0.027829
4 0.579593 0.892393 0.032881 0.029685
4 0.582463 0.942486 0.040710 0.031540
4 0.775052 0.891002 0.012526 0.073284
