4 0.300714 0.015238 0.070000 0.030476
1 0.299643 0.056667 0.067857 0.040952
1 0.553571 0.044762 0.025714 0.089524
1 0.418929 0.161429 0.026429 0.086667
1 0.551071 0.146667 0.023571 0.083810
4 0.275357 0.298095 0.029286 0.015238
1 0.421786 0.270952 0.027857 0.079048
1 0.453929 0.296667 0.026429 0.094286
1 0.556071 0.347619 0.027857 0.089524
1 0.445357 0.418571 0.030714 0.090476
4 0.522143 0.248571 0.008571 0.032381
4 0.283214 0.366190 0.026429 0.018095
4 0.273214 0.402857 0.025000 0.019048
4 0.270714 0.506190 0.027143 0.016190
4 0.275000 0.526190 0.024286 0.016190
4 0.271429 0.550476 0.027143 0.019048
1 0.556786 0.450952 0.026429 0.088571
1 0.424643 0.541429 0.029286 0.088571
1 0.559286 0.550000 0.031429 0.094286
1 0.567857 0.788571 0.022857 0.097143
1 0.285714 0.851905 0.078571 0.044762
4 0.270000 0.913810 0.027143 0.018095
2 0.407500 0.806190 0.035000 0.124762
1 0.565357 0.915714 0.035000 0.105714
1 0.411786 0.932857 0.045000 0.132381
4 0.269286 0.626190 0.028571 0.014286
4 0.270357 0.647619 0.025000 0.013333
