3 0.250357 0.031905 0.026429 0.044762
1 0.227143 0.072857 0.014286 0.018095
1 0.255357 0.069524 0.013571 0.015238
4 0.269643 0.030000 0.007857 0.018095
1 0.285000 0.004286 0.014286 0.008571
1 0.083929 0.447143 0.039286 0.046667
1 0.123929 0.574762 0.040714 0.065714
4 0.054286 0.640476 0.024286 0.033333
1 0.584643 0.803810 0.075000 0.049524
1 0.608929 0.599524 0.053571 0.058095
1 0.429643 0.433333 0.050714 0.028571
1 0.543214 0.246190 0.040714 0.025714
1 0.533571 0.186190 0.034286 0.020000
1 0.520000 0.144286 0.027143 0.021905
1 0.528571 0.173333 0.035714 0.017143
1 0.523571 0.162857 0.030000 0.017143
1 0.520000 0.133333 0.028571 0.017143
1 0.516429 0.117619 0.028571 0.020000
0 0.613571 0.173810 0.011429 0.010476
0 0.589286 0.113333 0.004286 0.015238
1 0.415714 0.080476 0.025714 0.014286
1 0.415000 0.072381 0.022857 0.011429
1 0.414643 0.059524 0.023571 0.012381
1 0.414286 0.053333 0.022857 0.013333
1 0.413571 0.049048 0.021429 0.012381
1 0.417143 0.036667 0.022857 0.014286
1 0.564286 0.006190 0.020000 0.012381
