1 0.575357 0.819162 0.033571 0.092640
1 0.664643 0.763325 0.060714 0.046954
1 0.815000 0.743020 0.058571 0.049492
1 0.784643 0.933376 0.033571 0.090102
1 0.608571 0.691624 0.051429 0.045685
1 0.601429 0.645305 0.060000 0.046954
1 0.465714 0.715736 0.057143 0.043147
2 0.472143 0.598350 0.045714 0.049492
1 0.459643 0.475888 0.050714 0.048223
1 0.435000 0.446701 0.048571 0.040609
1 0.452500 0.403553 0.049286 0.040609
1 0.453929 0.301396 0.049286 0.036802
1 0.448929 0.263959 0.043571 0.038071
1 0.449286 0.232234 0.042857 0.040609
1 0.456071 0.138959 0.039286 0.034264
1 0.452857 0.032995 0.040000 0.035533
1 0.451429 0.010152 0.034286 0.020305
1 0.532143 0.109772 0.032857 0.031726
1 0.488929 0.135787 0.023571 0.058376
1 0.521786 0.175127 0.019286 0.060914
1 0.526071 0.333756 0.019286 0.065990
1 0.586786 0.462563 0.049286 0.039340
1 0.589286 0.501269 0.047143 0.045685
1 0.596786 0.548858 0.053571 0.046954
1 0.725357 0.948604 0.036429 0.100254
1 0.837857 0.947335 0.044286 0.102792
1 0.692143 0.964467 0.027143 0.068528
2 0.656429 0.962563 0.032857 0.072335
1 0.986071 0.945431 0.027857 0.106599
4 0.933214 0.689721 0.027857 0.024112
4 0.931786 0.730330 0.023571 0.026650
4 0.571429 0.088198 0.017143 0.024112
4 0.592143 0.412437 0.020000 0.027919
4 0.790714 0.012690 0.020000 0.015228
1 0.552143 0.027284 0.037143 0.036802
