4 0.133750 0.963333 0.067500 0.073333
4 0.732500 0.977000 0.037000 0.046000
4 0.800250 0.972333 0.047500 0.055333
4 0.433000 0.844000 0.029000 0.088000
0 0.279000 0.669333 0.040000 0.049333
4 0.506750 0.750000 0.041500 0.072000
4 0.502750 0.706000 0.030500 0.073333
4 0.406500 0.670000 0.018000 0.054667
0 0.371500 0.617000 0.011000 0.028667
4 0.487750 0.553000 0.013500 0.039333
4 0.383500 0.491333 0.009000 0.033333
0 0.469250 0.447667 0.006500 0.023333
0 0.486750 0.407667 0.003500 0.018000
0 0.466750 0.383333 0.003500 0.013333
0 0.403750 0.425000 0.005500 0.020667
1 0.439250 0.380667 0.018500 0.021333
1 0.478750 0.360000 0.014500 0.016000
1 0.490250 0.344000 0.014500 0.016000
1 0.467250 0.331000 0.010500 0.008667
1 0.451750 0.334667 0.010500 0.014667
1 0.434750 0.346000 0.018500 0.014667
0 0.460750 0.346000 0.002500 0.010667
0 0.391250 0.397667 0.020500 0.010000
2 0.475250 0.323333 0.009500 0.016000
1 0.458250 0.318667 0.008500 0.009333
1 0.486000 0.319000 0.009000 0.010000
0 0.482250 0.324667 0.003500 0.006667
