1 0.320714 0.011429 0.028571 0.022857
1 0.240357 0.222381 0.045000 0.084762
1 0.123571 0.555238 0.082857 0.135238
1 0.065000 0.714762 0.107143 0.176190
1 0.019286 0.905238 0.038571 0.151429
4 0.026786 0.979048 0.030714 0.038095
1 0.420000 0.690000 0.048571 0.113333
1 0.493214 0.220476 0.030714 0.084762
1 0.444643 0.167143 0.025000 0.071429
0 0.490714 0.141905 0.008571 0.020952
1 0.661786 0.026667 0.063571 0.043810
1 0.721429 0.018571 0.051429 0.037143
1 0.647500 0.053333 0.063571 0.032381
1 0.636429 0.096667 0.060000 0.042857
1 0.624286 0.135238 0.070000 0.040000
1 0.634286 0.179524 0.078571 0.050476
4 0.726071 0.134286 0.026429 0.019048
1 0.681071 0.220952 0.083571 0.045714
1 0.747143 0.330000 0.080000 0.056190
1 0.703214 0.770476 0.063571 0.163810
1 0.633929 0.777619 0.062143 0.170476
1 0.871429 0.710952 0.127143 0.111429
1 0.823571 0.600952 0.117143 0.072381
0 0.811071 0.515714 0.033571 0.037143
