1 0.143250 0.156000 0.054500 0.029333
1 0.070500 0.159000 0.040000 0.027333
1 0.045750 0.059333 0.016500 0.010667
1 0.046750 0.074000 0.010500 0.013333
1 0.201250 0.130000 0.056500 0.029333
1 0.045000 0.045667 0.012000 0.011333
4 0.458000 0.593333 0.031000 0.060000
4 0.437000 0.154000 0.011000 0.022667
1 0.374000 0.064333 0.015000 0.016667
1 0.361000 0.050667 0.013000 0.014667
1 0.357750 0.044333 0.009500 0.011333
1 0.336000 0.002333 0.007000 0.004667
1 0.336000 0.017333 0.007000 0.005333
1 0.342000 0.025333 0.014000 0.008000
3 0.341750 0.031333 0.008500 0.016000
1 0.234250 0.096333 0.024500 0.012667
