1 0.349643 0.042513 0.023571 0.054569
1 0.154286 0.795685 0.044286 0.091371
1 0.643571 0.957487 0.034286 0.082487
1 0.625714 0.813452 0.027143 0.076142
4 0.778571 0.906091 0.014286 0.035533
4 0.790000 0.888325 0.017143 0.030457
1 0.834643 0.770305 0.030714 0.086294
2 0.911786 0.901650 0.082143 0.171320
2 0.966429 0.696066 0.067143 0.178934
1 0.946429 0.076777 0.032857 0.059645
1 0.875714 0.147208 0.030000 0.060914
4 0.790714 0.309010 0.011429 0.029188
3 0.822143 0.402284 0.084286 0.192893
4 0.595357 0.534898 0.010714 0.034264
3 0.550000 0.593909 0.038571 0.109137
2 0.607857 0.036168 0.027143 0.072335
1 0.675000 0.302030 0.027143 0.065990
1 0.697500 0.428299 0.027857 0.072335
1 0.719643 0.526015 0.033571 0.077411
