3 0.075357 0.283810 0.150714 0.299048
1 0.132857 0.030952 0.065714 0.058095
2 0.282143 0.033333 0.047143 0.045714
4 0.419643 0.536667 0.026429 0.071429
1 0.579286 0.270952 0.041429 0.132381
1 0.651429 0.296190 0.048571 0.116190
1 0.774643 0.287619 0.065000 0.116190
1 0.840000 0.289524 0.058571 0.095238
1 0.638214 0.193333 0.049286 0.087619
1 0.807500 0.205714 0.055000 0.078095
0 0.748571 0.231905 0.035714 0.027619
1 0.906786 0.286667 0.072143 0.116190
1 0.964286 0.256667 0.071429 0.067619
1 0.953214 0.210476 0.093571 0.049524
1 0.945714 0.169048 0.108571 0.052381
1 0.701071 0.572857 0.077857 0.197143
1 0.972857 0.543333 0.051429 0.151429
1 0.707857 0.817143 0.092857 0.245714
2 0.175714 0.237619 0.170000 0.275238
