1 0.096071 0.417513 0.036429 0.053299
1 0.131071 0.644036 0.030714 0.085025
1 0.456071 0.197335 0.023571 0.046954
1 0.384643 0.822335 0.047857 0.126904
4 0.420000 0.389594 0.012857 0.040609
1 0.177857 0.360406 0.025714 0.053299
1 0.168929 0.230330 0.025000 0.036802
1 0.181071 0.202411 0.020714 0.029188
1 0.190000 0.173858 0.024286 0.035533
1 0.201071 0.151015 0.020714 0.027919
1 0.232143 0.080584 0.017143 0.026650
1 0.246429 0.077411 0.017143 0.022843
1 0.242500 0.047589 0.026429 0.024112
1 0.256786 0.027919 0.015000 0.025381
1 0.265000 0.017766 0.015714 0.017766
1 0.593929 0.284898 0.025000 0.064721
1 0.675000 0.546954 0.035714 0.096447
1 0.602143 0.078680 0.020000 0.038071
1 0.591786 0.017132 0.016429 0.034264
