1 0.171429 0.909048 0.100000 0.180000
1 0.067500 0.820000 0.110714 0.215238
2 0.703571 0.231905 0.092857 0.065714
4 0.730000 0.183810 0.010000 0.024762
4 0.713571 0.172857 0.008571 0.033333
4 0.750000 0.143333 0.008571 0.027619
1 0.589286 0.299524 0.084286 0.052381
1 0.490357 0.190476 0.057857 0.043810
1 0.464286 0.030000 0.018571 0.031429
1 0.468214 0.010952 0.017857 0.021905
1 0.331071 0.043333 0.026429 0.037143
1 0.440357 0.087619 0.023571 0.036190
1 0.443214 0.149048 0.023571 0.031429
1 0.354286 0.263810 0.060000 0.055238
