2 0.111429 0.909524 0.090000 0.120000
2 0.412143 0.588571 0.062857 0.087619
1 0.178214 0.825714 0.052143 0.066667
1 0.420357 0.458571 0.027857 0.021905
1 0.540000 0.470952 0.022857 0.033333
1 0.563214 0.440000 0.019286 0.024762
2 0.507500 0.489524 0.036429 0.041905
1 0.510357 0.378095 0.025000 0.020952
1 0.526429 0.363333 0.022857 0.016190
1 0.558571 0.334286 0.021429 0.013333
1 0.534643 0.355714 0.022143 0.016190
1 0.545714 0.348095 0.020000 0.014286
1 0.553571 0.341905 0.021429 0.011429
1 0.682500 0.270000 0.022143 0.014286
1 0.673929 0.280476 0.020714 0.014286
1 0.705000 0.244762 0.018571 0.011429
1 0.932500 0.281429 0.012143 0.014286
2 0.924286 0.230000 0.014286 0.018095
2 0.941429 0.092857 0.051429 0.018095
4 0.108929 0.763333 0.019286 0.021905
0 0.061786 0.811429 0.017857 0.020952
1 0.008571 0.784286 0.017143 0.050476
4 0.376429 0.530476 0.005714 0.015238
1 0.941786 0.520952 0.019286 0.030476
1 0.992500 0.462857 0.015000 0.019048
1 0.994643 0.264762 0.010714 0.015238
2 0.974643 0.060000 0.007857 0.011429
1 0.967500 0.073810 0.006429 0.004762
