1 0.191429 0.719524 0.121429 0.143810
1 0.055714 0.425238 0.077143 0.067619
1 0.294286 0.672857 0.120000 0.128571
1 0.578929 0.707143 0.142143 0.143810
1 0.616071 0.651905 0.143571 0.132381
1 0.665357 0.613333 0.123571 0.114286
1 0.696429 0.559048 0.125714 0.116190
1 0.731429 0.528571 0.110000 0.089524
1 0.747857 0.494286 0.105714 0.078095
1 0.771786 0.470476 0.105000 0.080000
1 0.796786 0.415238 0.089286 0.072381
1 0.819286 0.398571 0.084286 0.063810
1 0.831786 0.386190 0.085000 0.058095
1 0.835000 0.368095 0.081429 0.056190
1 0.258571 0.427619 0.072857 0.066667
1 0.383571 0.490952 0.051429 0.100000
1 0.510000 0.499524 0.047143 0.088571
0 0.347143 0.524286 0.022857 0.044762
4 0.335357 0.491429 0.022143 0.045714
4 0.331786 0.475238 0.020714 0.047619
4 0.537143 0.457143 0.018571 0.047619
0 0.568571 0.493333 0.012857 0.049524
0 0.673571 0.453333 0.017143 0.038095
1 0.831786 0.947143 0.106429 0.105714
1 0.968214 0.831429 0.063571 0.081905
1 0.936071 0.256190 0.052143 0.034286
1 0.939643 0.248571 0.046429 0.030476
1 0.947857 0.229048 0.051429 0.025714
1 0.946429 0.235714 0.045714 0.027619
