4 0.702500 0.714333 0.017000 0.042000
1 0.796500 0.463667 0.050000 0.051333
4 0.769000 0.408333 0.016000 0.028667
4 0.790500 0.409667 0.015000 0.027333
4 0.814500 0.422667 0.018000 0.024000
1 0.794250 0.331000 0.055500 0.030000
1 0.701500 0.342333 0.056000 0.030000
4 0.740000 0.314000 0.025000 0.020000
1 0.513500 0.354333 0.063000 0.038000
1 0.505500 0.312667 0.056000 0.032000
1 0.434000 0.432000 0.043000 0.064000
1 0.450750 0.368000 0.065500 0.040000
1 0.342000 0.445667 0.043000 0.074000
1 0.345500 0.385000 0.066000 0.043333
1 0.163250 0.409333 0.087500 0.041333
1 0.172000 0.474667 0.037000 0.066667
1 0.080250 0.414333 0.067500 0.047333
1 0.021000 0.496000 0.042000 0.057333
1 0.086500 0.338000 0.080000 0.036000
1 0.037000 0.261000 0.057000 0.027333
1 0.108000 0.258333 0.051000 0.030000
1 0.180000 0.251000 0.055000 0.028667
1 0.243500 0.247000 0.049000 0.027333
1 0.367250 0.240000 0.047500 0.028000
1 0.426750 0.235667 0.046500 0.027333
1 0.478500 0.267333 0.051000 0.026667
1 0.484500 0.234333 0.043000 0.027333
1 0.382750 0.197333 0.029500 0.032000
1 0.548250 0.229667 0.046500 0.027333
1 0.596250 0.222333 0.040500 0.023333
1 0.625250 0.250000 0.049500 0.028000
1 0.586500 0.237333 0.047000 0.021333
1 0.648500 0.216667 0.039000 0.024000
1 0.694250 0.214333 0.038500 0.023333
1 0.799500 0.209000 0.041000 0.023333
3 0.638250 0.101000 0.049500 0.030000
3 0.626500 0.091000 0.047000 0.027333
