1 0.091336 0.755102 0.046973 0.085343
1 0.725731 0.915584 0.042276 0.098330
3 0.546973 0.346939 0.021921 0.074212
3 0.431889 0.208256 0.014092 0.049165
1 0.492954 0.263915 0.012004 0.025046
1 0.504436 0.236549 0.007829 0.016698
1 0.463727 0.166976 0.009916 0.018553
1 0.457203 0.143321 0.008351 0.019481
1 0.498434 0.153989 0.009395 0.014842
1 0.494781 0.102968 0.007307 0.011132
1 0.487735 0.067718 0.006785 0.011132
1 0.494781 0.060297 0.006263 0.011132
1 0.490605 0.034323 0.005219 0.009276
1 0.493476 0.009276 0.004697 0.007421
1 0.485908 0.006030 0.005219 0.008349
1 0.740866 0.727273 0.051670 0.040816
1 0.731994 0.677644 0.049582 0.039889
1 0.698852 0.547774 0.042797 0.032468
1 0.706159 0.621521 0.046973 0.037106
1 0.613257 0.506030 0.019833 0.043599
1 0.637787 0.497681 0.019833 0.034323
4 0.707203 0.451763 0.007307 0.025974
4 0.757307 0.553803 0.015658 0.024119
4 0.743215 0.510204 0.014614 0.020408
4 0.786273 0.627087 0.016180 0.014842
4 0.822025 0.716141 0.019833 0.025974
0 0.861169 0.838590 0.020877 0.025974
1 0.660230 0.434137 0.032359 0.025974
1 0.658142 0.418831 0.030271 0.023191
1 0.674843 0.377087 0.032359 0.026902
1 0.639614 0.374768 0.028706 0.025974
4 0.628392 0.307978 0.010438 0.011132
4 0.603079 0.279221 0.008873 0.012987
1 0.553497 0.131725 0.008873 0.014842
1 0.547495 0.112245 0.008351 0.011132
1 0.542276 0.089054 0.008351 0.011132
1 0.540449 0.083024 0.010960 0.008349
0 0.540710 0.163265 0.002088 0.007421
4 0.670668 0.768553 0.007307 0.021336
4 0.693111 0.917440 0.010438 0.027829
4 0.568372 0.269017 0.003132 0.009276
4 0.343946 0.515770 0.006263 0.025974
4 0.400574 0.173006 0.003653 0.006494
4 0.413883 0.128942 0.003132 0.005566
4 0.414144 0.137291 0.001566 0.005566
