1 0.514643 0.900381 0.065000 0.135787
1 0.346071 0.517132 0.042143 0.087563
1 0.202500 0.290609 0.027857 0.050761
1 0.125000 0.069162 0.024286 0.031726
1 0.091429 0.019036 0.014286 0.030457
1 0.203214 0.227157 0.017857 0.035533
1 0.379643 0.595812 0.050714 0.090102
1 0.912857 0.669416 0.060000 0.074873
1 0.871786 0.481599 0.043571 0.062183
4 0.926786 0.427665 0.022143 0.032995
4 0.973214 0.472716 0.025000 0.029188
4 0.978571 0.462563 0.024286 0.026650
4 0.984286 0.451142 0.022857 0.021574
4 0.934643 0.413706 0.019286 0.032995
4 0.943571 0.407995 0.020000 0.031726
1 0.945714 0.571701 0.054286 0.069797
1 0.975714 0.607234 0.044286 0.057107
1 0.986786 0.739848 0.026429 0.078680
1 0.561786 0.983503 0.039286 0.030457
