4 0.382250 0.851000 0.025500 0.050000
4 0.426500 0.816333 0.014000 0.032667
4 0.297000 0.871667 0.024000 0.043333
4 0.421750 0.721667 0.013500 0.031333
0 0.431500 0.684667 0.008000 0.028000
1 0.885500 0.923000 0.136000 0.114000
1 0.825500 0.817333 0.111000 0.069333
1 0.965500 0.802667 0.069000 0.062667
0 0.801250 0.689000 0.014500 0.038000
0 0.783250 0.664333 0.016500 0.034000
4 0.705750 0.615000 0.012500 0.032667
1 0.627500 0.788000 0.015000 0.042667
0 0.638750 0.488000 0.019500 0.020000
1 0.650750 0.625667 0.041500 0.060667
0 0.469000 0.579000 0.008000 0.024667
1 0.319500 0.431667 0.038000 0.019333
1 0.330500 0.425333 0.038000 0.018667
1 0.284250 0.441667 0.031500 0.022000
