4 0.736750 0.810667 0.040500 0.084000
0 0.730750 0.528333 0.036500 0.039333
1 0.655000 0.327000 0.047000 0.020667
1 0.600000 0.340000 0.046000 0.025333
4 0.883000 0.445000 0.016000 0.034000
4 0.791500 0.337333 0.009000 0.017333
1 0.782500 0.317333 0.018000 0.021333
1 0.826000 0.305000 0.020000 0.019333
0 0.829000 0.293000 0.005000 0.010000
4 0.802000 0.287000 0.005000 0.011333
1 0.840500 0.290333 0.015000 0.015333
1 0.831250 0.278333 0.014500 0.014000
1 0.830500 0.271667 0.012000 0.011333
1 0.820750 0.255000 0.013500 0.010000
