1 0.226071 0.952857 0.182143 0.094286
1 0.245000 0.828571 0.211429 0.198095
1 0.319286 0.538571 0.158571 0.124762
1 0.346071 0.371429 0.109286 0.072381
1 0.365000 0.308095 0.112857 0.069524
1 0.550000 0.323333 0.050000 0.101905
1 0.542857 0.182857 0.038571 0.074286
1 0.543214 0.115714 0.035000 0.061905
1 0.373929 0.256190 0.096429 0.062857
1 0.422500 0.077143 0.073571 0.049524
1 0.432500 0.049524 0.069286 0.040000
1 0.433929 0.029524 0.062143 0.043810
1 0.436786 0.014286 0.056429 0.026667
0 0.670714 0.204762 0.030000 0.024762
1 0.045000 0.435714 0.090000 0.101905
1 0.028214 0.335714 0.056429 0.124762
1 0.080000 0.362381 0.097143 0.084762
1 0.237857 0.111905 0.047143 0.056190
1 0.282500 0.077143 0.042143 0.051429
1 0.291071 0.022381 0.056429 0.039048
1 0.307857 0.013333 0.054286 0.026667
1 0.225000 0.023333 0.047143 0.046667
4 0.118571 0.055714 0.027143 0.023810
4 0.101071 0.068571 0.023571 0.017143
4 0.068571 0.063810 0.031429 0.020952
4 0.085357 0.052857 0.027857 0.023810
4 0.073929 0.060476 0.029286 0.020000
