1 0.011429 0.560914 0.022857 0.020305
1 0.004286 0.672589 0.008571 0.053299
1 0.018571 0.665609 0.020000 0.044416
1 0.066786 0.685279 0.019286 0.058376
1 0.082857 0.690990 0.015714 0.052030
2 0.152857 0.847716 0.062857 0.060914
2 0.238571 0.896574 0.084286 0.077411
4 0.126786 0.717005 0.013571 0.012690
4 0.136429 0.725254 0.010000 0.024112
4 0.151429 0.726523 0.014286 0.011421
1 0.184286 0.755076 0.031429 0.040609
1 0.346429 0.932107 0.032857 0.034264
2 0.520357 0.976523 0.039286 0.044416
1 0.535000 0.926396 0.031429 0.038071
1 0.821429 0.864213 0.035714 0.035533
1 0.776071 0.789340 0.032143 0.032995
2 0.866786 0.713832 0.037857 0.034264
4 0.935714 0.473985 0.014286 0.013959
4 0.907500 0.303299 0.015000 0.012690
1 0.916071 0.403553 0.033571 0.030457
1 0.882857 0.443528 0.034286 0.034264
1 0.736429 0.455584 0.031429 0.027919
1 0.492143 0.591371 0.034286 0.027919
1 0.477500 0.704949 0.032143 0.031726
1 0.352500 0.657360 0.032143 0.027919
1 0.498571 0.637690 0.027143 0.024112
1 0.627143 0.560914 0.034286 0.025381
2 0.431071 0.652919 0.076429 0.046954
2 0.552143 0.369289 0.031429 0.025381
3 0.313571 0.354695 0.084286 0.059645
1 0.249643 0.600254 0.017857 0.020305
1 0.139643 0.567259 0.030714 0.022843
3 0.215714 0.639594 0.087143 0.055838
1 0.084643 0.601523 0.029286 0.020305
