4 0.115000 0.095714 0.018571 0.035238
1 0.221786 0.094286 0.055000 0.047619
1 0.278571 0.110000 0.062857 0.042857
1 0.264643 0.142381 0.063571 0.052381
1 0.187500 0.146667 0.055000 0.051429
2 0.339286 0.217143 0.065714 0.106667
1 0.263571 0.477619 0.081429 0.128571
0 0.046786 0.347619 0.027857 0.026667
1 0.420357 0.527143 0.122143 0.111429
1 0.390000 0.455714 0.121429 0.115238
1 0.594286 0.373333 0.057143 0.116190
1 0.400714 0.373810 0.111429 0.100000
1 0.412143 0.320476 0.104286 0.071429
1 0.585357 0.260000 0.047857 0.087619
1 0.417857 0.267143 0.088571 0.061905
1 0.584286 0.132381 0.034286 0.078095
1 0.578214 0.098571 0.029286 0.050476
1 0.569643 0.035714 0.027857 0.046667
1 0.569643 0.009524 0.025000 0.019048
1 0.464643 0.041905 0.065000 0.034286
1 0.459286 0.069048 0.064286 0.037143
1 0.457143 0.089048 0.075714 0.035238
1 0.451071 0.114762 0.075000 0.037143
1 0.436071 0.175238 0.073571 0.049524
0 0.906429 0.571429 0.031429 0.057143
4 0.795000 0.480476 0.035714 0.052381
0 0.662500 0.047619 0.025000 0.017143
