4 0.044500 0.930000 0.037000 0.021333
4 0.030000 0.865333 0.031000 0.026667
4 0.162000 0.759667 0.014000 0.030000
4 0.174250 0.747000 0.013500 0.027333
4 0.096750 0.677667 0.019500 0.012667
4 0.107250 0.658333 0.027500 0.016667
4 0.202250 0.590000 0.026500 0.024000
0 0.245000 0.556333 0.018000 0.019333
4 0.218750 0.484333 0.020500 0.015333
0 0.244500 0.472000 0.010000 0.021333
0 0.275500 0.551667 0.016000 0.018000
0 0.307750 0.526667 0.016500 0.020000
4 0.283000 0.447000 0.008000 0.019333
4 0.289250 0.445333 0.009500 0.018667
1 0.310750 0.454333 0.043500 0.046000
1 0.326750 0.197667 0.026500 0.032667
1 0.302250 0.177333 0.036500 0.024000
2 0.277500 0.150667 0.024000 0.030667
0 0.262000 0.175333 0.008000 0.013333
1 0.244000 0.099667 0.016000 0.022000
1 0.215250 0.072333 0.020500 0.023333
4 0.509250 0.261333 0.011500 0.014667
1 0.487000 0.935667 0.012000 0.035333
1 0.436500 0.888333 0.043000 0.104667
1 0.541250 0.851667 0.039500 0.095333
1 0.485500 0.674667 0.033000 0.073333
1 0.552500 0.589333 0.026000 0.065333
1 0.519000 0.539333 0.030000 0.057333
4 0.534000 0.441667 0.011000 0.014000
4 0.530000 0.413667 0.013000 0.020667
1 0.548000 0.459000 0.026000 0.055333
1 0.552500 0.374333 0.038000 0.039333
1 0.612000 0.386333 0.026000 0.047333
1 0.566500 0.328000 0.023000 0.042667
1 0.619250 0.344000 0.021500 0.036000
1 0.597500 0.281000 0.016000 0.015333
4 0.614000 0.240333 0.008000 0.014000
1 0.581250 0.251333 0.029500 0.030667
1 0.587500 0.233333 0.029000 0.030667
1 0.599500 0.208667 0.019000 0.036000
1 0.604750 0.177667 0.018500 0.027333
1 0.627000 0.161667 0.015000 0.030000
2 0.654000 0.204333 0.018000 0.046000
4 0.606250 0.156333 0.007500 0.015333
1 0.717250 0.040667 0.013500 0.025333
2 0.612000 0.021333 0.019000 0.042667
1 0.708500 0.657667 0.035000 0.046000
