4 0.878929 0.930476 0.067857 0.060952
0 0.848571 0.885238 0.061429 0.046667
2 0.446786 0.712857 0.097857 0.332381
2 0.478571 0.931905 0.100000 0.134286
1 0.138571 0.558571 0.092857 0.159048
1 0.366786 0.501429 0.056429 0.136190
1 0.429286 0.390000 0.052857 0.117143
1 0.429643 0.277143 0.046429 0.093333
1 0.217857 0.231429 0.047143 0.089524
1 0.245714 0.159524 0.047143 0.073333
1 0.460714 0.078571 0.035714 0.061905
2 0.422500 0.093333 0.042143 0.123810
1 0.268214 0.017143 0.030714 0.034286
1 0.300714 0.040000 0.032857 0.051429
4 0.532857 0.577619 0.067143 0.040952
4 0.655357 0.252857 0.015000 0.042857
0 0.671071 0.264762 0.015000 0.045714
