0 0.009643 0.589524 0.017857 0.015238
1 0.356786 0.670000 0.030714 0.073333
4 0.396071 0.531429 0.009286 0.020952
4 0.282500 0.540476 0.006429 0.023810
4 0.272143 0.543810 0.008571 0.022857
0 0.291071 0.538095 0.005000 0.019048
4 0.319286 0.538571 0.007143 0.020000
4 0.398214 0.485238 0.009286 0.016190
4 0.402857 0.481905 0.008571 0.019048
0 0.408571 0.496190 0.017143 0.015238
1 0.807500 0.551905 0.056429 0.052381
1 0.954286 0.566190 0.052857 0.056190
1 0.944286 0.429524 0.038571 0.041905
4 0.952857 0.406190 0.018571 0.016190
0 0.927500 0.405238 0.010714 0.016190
0 0.917500 0.394286 0.005000 0.017143
4 0.868929 0.387143 0.003571 0.016190
