1 0.770877 0.664657 0.085595 0.067718
1 0.581159 0.398887 0.023486 0.042672
1 0.097338 0.756494 0.097599 0.073284
1 0.380480 0.654453 0.079332 0.067718
2 0.640397 0.363173 0.035491 0.110390
0 0.568372 0.301484 0.005219 0.014842
4 0.536273 0.302876 0.010960 0.010204
2 0.568372 0.264842 0.015658 0.034323
2 0.623173 0.257421 0.010438 0.023191
0 0.605950 0.275046 0.005219 0.008349
2 0.588466 0.121985 0.005741 0.013915
1 0.486691 0.455473 0.036013 0.037106
1 0.426409 0.593228 0.068894 0.049165
1 0.824896 0.515770 0.064196 0.044527
