4 0.367500 0.004762 0.015000 0.009524
1 0.451071 0.010000 0.036429 0.020000
1 0.498571 0.010952 0.037143 0.021905
4 0.361786 0.114286 0.007857 0.020952
4 0.362857 0.129048 0.010000 0.020000
4 0.350714 0.190952 0.020000 0.012381
1 0.456071 0.874286 0.070714 0.051429
4 0.459286 0.825238 0.027143 0.029524
1 0.453214 0.768095 0.075000 0.046667
1 0.442857 0.722381 0.054286 0.044762
4 0.311786 0.722381 0.025000 0.023810
4 0.302857 0.675714 0.024286 0.021905
4 0.306786 0.625238 0.026429 0.016190
4 0.311786 0.609048 0.025000 0.016190
4 0.323214 0.585714 0.016429 0.032381
4 0.303929 0.593333 0.020714 0.024762
1 0.464643 0.616190 0.056429 0.040000
1 0.475714 0.576667 0.067143 0.035238
1 0.472500 0.478571 0.062143 0.033333
1 0.481429 0.423333 0.054286 0.042857
4 0.331786 0.481429 0.026429 0.021905
0 0.336071 0.499048 0.017857 0.020952
4 0.344286 0.383333 0.020000 0.020000
1 0.472857 0.352381 0.054286 0.038095
1 0.476786 0.316667 0.056429 0.037143
1 0.474286 0.290000 0.055714 0.033333
1 0.466429 0.234286 0.050000 0.030476
1 0.462143 0.207619 0.045714 0.032381
1 0.472500 0.127619 0.045000 0.028571
1 0.470357 0.087619 0.042143 0.026667
1 0.486429 0.048571 0.040000 0.024762
1 0.536786 0.048571 0.043571 0.026667
1 0.586071 0.053810 0.036429 0.027619
1 0.601071 0.022381 0.037857 0.027619
1 0.645000 0.030000 0.037143 0.027619
1 0.677857 0.067619 0.037143 0.024762
2 0.695714 0.028571 0.057143 0.045714
1 0.931071 0.253810 0.036429 0.046667
2 0.967500 0.027143 0.055000 0.035238
2 0.980000 0.110476 0.040000 0.036190
2 0.983571 0.135238 0.032857 0.038095
