3 0.582000 0.900333 0.083000 0.199333
1 0.295500 0.813000 0.050000 0.132667
1 0.165250 0.752667 0.051500 0.116000
1 0.120250 0.963000 0.061500 0.074000
4 0.231750 0.697667 0.016500 0.039333
4 0.235250 0.748667 0.019500 0.045333
1 0.209750 0.540667 0.043500 0.080000
1 0.772500 0.191000 0.044000 0.024667
1 0.822750 0.189333 0.047500 0.028000
1 0.880750 0.188333 0.046500 0.026000
1 0.939750 0.186333 0.051500 0.028667
1 0.795000 0.296667 0.050000 0.034667
1 0.514250 0.397667 0.026500 0.058000
1 0.467750 0.299333 0.026500 0.050667
1 0.526500 0.239667 0.025000 0.050000
1 0.379000 0.375667 0.025000 0.071333
1 0.389500 0.249000 0.025000 0.060667
1 0.298500 0.115667 0.022000 0.035333
1 0.304750 0.083667 0.017500 0.030000
1 0.310500 0.061000 0.018000 0.028667
1 0.313750 0.039667 0.016500 0.020667
1 0.318250 0.021333 0.015500 0.021333
1 0.582000 0.142000 0.023000 0.026667
1 0.571500 0.115333 0.021000 0.026667
1 0.561250 0.092000 0.019500 0.030667
1 0.555250 0.065000 0.017500 0.024667
1 0.541500 0.017000 0.016000 0.019333
1 0.714000 0.147667 0.041000 0.024667
