1 0.170714 0.272857 0.058571 0.084762
1 0.030714 0.695714 0.060000 0.170476
1 0.113929 0.474762 0.102143 0.141905
4 0.127857 0.137143 0.025714 0.036190
4 0.079643 0.177619 0.035000 0.033333
4 0.023214 0.243810 0.040714 0.030476
4 0.161786 0.030476 0.019286 0.034286
4 0.198214 0.009048 0.013571 0.018095
1 0.242143 0.124762 0.035714 0.068571
4 0.351429 0.042381 0.011429 0.029524
0 0.361429 0.115714 0.010000 0.039048
1 0.318571 0.090952 0.041429 0.065714
1 0.325714 0.054762 0.034286 0.046667
0 0.566786 0.969524 0.073571 0.055238
1 0.550357 0.812381 0.079286 0.215238
1 0.533214 0.571905 0.067857 0.151429
1 0.517857 0.397619 0.048571 0.098095
1 0.511071 0.286190 0.039286 0.082857
1 0.500000 0.204286 0.041429 0.082857
1 0.456071 0.124286 0.035000 0.052381
1 0.496071 0.143333 0.036429 0.060000
1 0.496786 0.089524 0.029286 0.051429
1 0.581429 0.018571 0.030000 0.037143
4 0.608929 0.051905 0.012143 0.031429
4 0.636071 0.190476 0.022143 0.040000
4 0.648929 0.232381 0.025000 0.043810
1 0.701429 0.460000 0.080000 0.123810
4 0.736786 0.577143 0.063571 0.049524
4 0.668929 0.566190 0.033571 0.061905
4 0.745000 0.746190 0.070000 0.048571
4 0.764286 0.797619 0.071429 0.040952
1 0.787857 0.904762 0.194286 0.188571
4 0.838214 0.503810 0.029286 0.064762
4 0.810000 0.453333 0.032857 0.059048
4 0.759643 0.330476 0.013571 0.049524
