2 0.036273 0.034787 0.072547 0.069573
2 0.229906 0.049629 0.069415 0.058442
4 0.455898 0.020872 0.019311 0.023191
4 0.570981 0.051020 0.022965 0.022263
4 0.609603 0.092764 0.014614 0.027829
1 0.703810 0.097866 0.064196 0.060297
2 0.970511 0.111317 0.055846 0.115028
1 0.747651 0.326994 0.048539 0.104824
4 0.899530 0.397032 0.015136 0.040816
4 0.874217 0.448516 0.018789 0.052876
4 0.954854 0.470315 0.018267 0.055659
4 0.980167 0.295455 0.030271 0.038033
1 0.382046 0.469388 0.052192 0.131725
2 0.166232 0.801020 0.095511 0.188312
