1 0.167500 0.908095 0.099286 0.176190
1 0.383929 0.331905 0.052143 0.082857
1 0.281786 0.513333 0.073571 0.102857
1 0.160357 0.579048 0.079286 0.108571
1 0.304643 0.270952 0.053571 0.084762
1 0.548571 0.482381 0.045714 0.096190
1 0.575357 0.382381 0.042143 0.084762
1 0.675000 0.481905 0.045714 0.099048
1 0.666786 0.208571 0.033571 0.076190
1 0.607857 0.225238 0.035714 0.063810
1 0.482143 0.087619 0.034286 0.064762
1 0.636786 0.060952 0.027857 0.045714
1 0.729286 0.097143 0.060000 0.043810
1 0.717857 0.384762 0.085714 0.060952
4 0.747143 0.252857 0.025714 0.025714
4 0.748571 0.232381 0.025714 0.030476
0 0.736429 0.214762 0.020000 0.023810
4 0.715000 0.544762 0.034286 0.032381
4 0.733214 0.518095 0.017857 0.040000
4 0.741071 0.033333 0.022143 0.019048
4 0.756429 0.041905 0.025714 0.022857
4 0.721071 0.915714 0.049286 0.039048
4 0.490714 0.854762 0.037143 0.060000
