1 0.090714 0.798858 0.027143 0.067259
2 0.385357 0.962563 0.032143 0.072335
1 0.418571 0.940355 0.025714 0.065990
1 0.523929 0.812183 0.029286 0.073604
2 0.608214 0.771574 0.033571 0.065990
3 0.792500 0.425127 0.097857 0.109137
1 0.490714 0.676396 0.027143 0.055838
1 0.261071 0.681472 0.027857 0.063452
1 0.371071 0.447970 0.029286 0.058376
1 0.381429 0.355964 0.032857 0.054569
1 0.436071 0.404822 0.029286 0.058376
1 0.406429 0.426396 0.025714 0.048223
1 0.205714 0.321701 0.037143 0.036802
4 0.193214 0.255711 0.017857 0.021574
4 0.181786 0.231599 0.017857 0.021574
4 0.177500 0.209391 0.015000 0.025381
2 0.191786 0.506345 0.059286 0.152284
2 0.142500 0.353426 0.049286 0.115482
2 0.323214 0.315990 0.067857 0.126904
1 0.260357 0.204949 0.029286 0.052030
3 0.354643 0.165609 0.049286 0.087563
1 0.152857 0.137056 0.031429 0.053299
1 0.141786 0.112310 0.032143 0.052030
1 0.097143 0.023477 0.031429 0.044416
1 0.114643 0.036168 0.027857 0.044416
