1 0.314286 0.161168 0.022857 0.065990
1 0.318571 0.235406 0.020000 0.059645
1 0.329643 0.300761 0.023571 0.055838
1 0.440357 0.505076 0.043571 0.065990
1 0.462857 0.478426 0.038571 0.060914
1 0.480714 0.575508 0.048571 0.064721
1 0.344643 0.685279 0.029286 0.093909
1 0.376429 0.686548 0.025714 0.081218
1 0.511429 0.480964 0.042857 0.063452
1 0.606786 0.715736 0.053571 0.078680
1 0.666429 0.775381 0.054286 0.086294
1 0.725714 0.857868 0.057143 0.091371
1 0.893214 0.959391 0.066429 0.078680
1 0.856071 0.868655 0.057857 0.085025
1 0.959286 0.972081 0.057143 0.053299
1 0.163929 0.726523 0.052143 0.034264
1 0.159643 0.763959 0.053571 0.035533
1 0.157143 0.800127 0.052857 0.049492
1 0.154643 0.888959 0.030714 0.082487
1 0.117143 0.839467 0.065714 0.049492
1 0.109286 0.886421 0.061429 0.044416
1 0.095000 0.932107 0.062857 0.046954
1 0.086786 0.977157 0.065000 0.043147
1 0.141786 0.965736 0.036429 0.065990
2 0.802500 0.936548 0.075000 0.114213
3 0.570714 0.604695 0.067143 0.097716
3 0.380000 0.399112 0.085714 0.158629
