1 0.879687 0.632407 0.070833 0.081481
1 0.781771 0.552315 0.070833 0.075000
1 0.198958 0.111574 0.034375 0.043519
1 0.970313 0.716204 0.067708 0.091667
1 0.268490 0.227778 0.045312 0.057407
1 0.241667 0.253704 0.045833 0.057407
1 0.205208 0.162963 0.041667 0.055556
1 0.085677 0.122222 0.017188 0.042593
0 0.172656 0.313889 0.014063 0.033333
1 0.275000 0.873611 0.062500 0.112037
1 0.820573 0.500463 0.070312 0.073148
1 0.124740 0.092130 0.025521 0.021296
1 0.177604 0.805093 0.070833 0.110185
1 -0.010677 0.083796 0.035937 0.045370
