1 0.879167 0.633333 0.070833 0.081481
1 0.781250 0.552315 0.070833 0.075000
1 0.198437 0.111574 0.034375 0.043519
1 0.970313 0.716204 0.067708 0.091667
1 0.267969 0.229630 0.045312 0.057407
1 0.242708 0.256481 0.045833 0.057407
1 0.207031 0.166667 0.041146 0.055556
1 0.086198 0.125000 0.019271 0.044444
0 0.182031 0.324074 0.014063 0.033333
1 0.275000 0.873611 0.062500 0.112037
1 0.808594 0.492593 0.070312 0.072222
1 0.139583 0.103704 0.022917 0.020370
1 0.179167 0.804167 0.070833 0.110185
1 0.001823 0.095833 0.035937 0.045370
