1 0.155208 0.606944 0.065625 0.104630
1 0.394531 0.384722 0.053646 0.058333
1 0.552083 0.405556 0.063542 0.050000
1 0.714063 0.496296 0.070833 0.077778
1 0.778646 0.475000 0.053125 0.061111
1 0.861458 0.537037 0.055208 0.066667
1 0.816667 0.406019 0.051042 0.056481
1 0.479948 0.295833 0.043229 0.041667
1 0.681250 0.137037 0.038542 0.037037
1 0.621354 0.140741 0.042708 0.038889
1 0.532031 0.645833 0.061979 0.056481
1 0.179688 0.787500 0.069792 0.110185
1 0.245052 0.938426 0.066146 0.125000
1 0.069271 0.988426 0.076042 0.117593
