1 0.877344 0.634259 0.070312 0.081481
1 0.780469 0.553241 0.070312 0.075000
1 0.197917 0.112500 0.034375 0.043519
1 0.968750 0.718056 0.067708 0.091667
1 0.270573 0.234259 0.045312 0.057407
1 0.248438 0.263889 0.045833 0.057407
1 0.210677 0.173148 0.041146 0.059259
1 0.086198 0.126852 0.019271 0.044444
0 0.192969 0.332407 0.015104 0.033333
1 0.274479 0.877315 0.062500 0.112037
1 0.773438 0.467130 0.067708 0.071296
1 0.154167 0.118981 0.020833 0.019444
1 0.178646 0.806944 0.070833 0.110185
1 0.011719 0.106944 0.035937 0.045370
