1 0.869531 0.620370 0.070312 0.079630
1 0.772396 0.542130 0.069792 0.075000
1 0.186979 0.108796 0.034375 0.043519
1 0.963281 0.702778 0.074479 0.090741
1 0.809115 0.797222 0.061979 0.088889
1 0.268750 0.872685 0.061458 0.113889
1 0.171354 0.804167 0.070833 0.112037
1 0.716146 0.800000 0.065625 0.092593
1 0.124219 0.695833 0.065104 0.115741
1 0.625000 0.129167 0.042708 0.034259
1 0.314063 0.322222 0.050000 0.062963
1 0.141927 0.012963 0.033854 0.033333
1 0.595313 0.301389 0.052083 0.052778
1 0.864323 0.111574 0.034896 0.034259
1 0.868750 0.536111 0.054167 0.064815
1 0.993229 0.529167 0.067708 0.069444
