1 0.872656 0.612037 0.071354 0.079630
1 0.775000 0.534722 0.069792 0.075000
1 0.184896 0.102315 0.034375 0.043519
1 0.967448 0.692593 0.075521 0.090741
1 0.270313 0.866204 0.061458 0.113889
1 0.175521 0.792130 0.070833 0.112037
1 0.622917 0.124074 0.042708 0.035185
1 0.690365 0.117593 0.035937 0.037037
1 0.435156 0.126852 0.043229 0.038889
1 0.226562 0.031944 0.033333 0.034259
1 0.350260 0.148148 0.041146 0.040741
1 0.795833 0.362037 0.059375 0.057407
1 0.673698 0.333333 0.054688 0.057407
1 0.865365 0.474537 0.060937 0.062037
