1 0.872656 0.612037 0.071354 0.079630
1 0.775000 0.534722 0.069792 0.075000
1 0.185417 0.102315 0.034375 0.043519
1 0.967448 0.692593 0.075521 0.090741
1 0.270313 0.867130 0.061458 0.113889
1 0.175521 0.792130 0.070833 0.112037
1 0.622917 0.124074 0.042708 0.035185
1 0.688802 0.118519 0.035937 0.037037
1 0.412500 0.112037 0.042708 0.037037
1 0.194792 0.012037 0.031250 0.033333
1 0.318229 0.125926 0.039583 0.040741
1 0.776563 0.343056 0.055208 0.058333
1 0.629427 0.302315 0.051562 0.054630
1 0.804948 0.429167 0.056771 0.060185
