1 0.870052 0.620370 0.070312 0.081481
1 0.772917 0.541204 0.070833 0.076852
1 0.186979 0.106944 0.034375 0.043519
1 0.963802 0.701852 0.074479 0.090741
1 0.628906 0.622685 0.053646 0.076852
1 0.268229 0.871759 0.061458 0.113889
1 0.171354 0.803241 0.070833 0.112037
1 0.545833 0.629167 0.056250 0.078704
1 0.204948 0.500000 0.040104 0.094444
1 0.628125 0.127315 0.042708 0.036111
1 0.226823 0.244907 0.046354 0.058333
1 0.290885 0.113889 0.036979 0.035185
1 0.818750 0.456944 0.062500 0.065741
1 0.962760 0.131944 0.035937 0.034259
