1 0.872396 0.612037 0.070833 0.079630
1 0.774219 0.534722 0.070312 0.076852
1 0.184896 0.102315 0.034375 0.043519
1 0.966927 0.692593 0.075521 0.090741
1 0.269271 0.867130 0.061458 0.113889
1 0.174479 0.793056 0.070833 0.112037
1 0.622917 0.125000 0.042708 0.035185
1 0.964583 0.930093 0.093750 0.126852
1 0.698698 0.115741 0.035937 0.037037
1 0.171094 0.023148 0.032813 0.033333
1 0.519531 0.182870 0.046354 0.043519
1 0.349479 0.116204 0.035417 0.037963
1 0.478906 0.241667 0.047396 0.048148
1 0.883333 0.435185 0.065625 0.062963
1 0.855729 0.467593 0.064583 0.066667
