1 0.217969 0.531481 0.059896 0.090741
1 0.386458 0.412963 0.065625 0.059259
1 0.547917 0.394907 0.063542 0.063889
1 0.778646 0.476852 0.054167 0.061111
1 0.861458 0.525000 0.054167 0.038889
1 0.817708 0.406481 0.048958 0.057407
1 0.616406 0.272222 0.043229 0.040741
1 0.680729 0.137963 0.038542 0.037037
1 0.621354 0.141667 0.042708 0.038889
1 0.732552 0.744444 0.068229 0.083333
1 0.177344 0.790278 0.070312 0.110185
1 0.383854 0.694907 0.063542 0.084259
1 0.092188 0.943519 0.073958 0.114815
1 0.233854 0.967130 0.072917 0.134259
