1 0.874219 0.637963 0.069271 0.079630
1 0.777604 0.557407 0.070833 0.075926
1 0.195833 0.117130 0.034375 0.043519
1 0.965625 0.719907 0.069792 0.091667
1 0.396354 0.347222 0.051042 0.064815
1 0.366406 0.376852 0.049479 0.061111
1 0.276823 0.235648 0.047396 0.065741
1 0.105990 0.141204 0.034896 0.043519
0 0.260937 0.412500 0.015625 0.034259
1 0.275521 0.881019 0.061458 0.112037
1 0.527083 0.272222 0.051042 0.051852
1 0.204687 0.165278 0.020833 0.019444
1 0.179167 0.812500 0.070833 0.110185
1 0.038021 0.135185 0.036458 0.046296
