1 0.871875 0.620833 0.069792 0.080556
1 0.773698 0.542130 0.070312 0.075000
1 0.188542 0.106019 0.034375 0.043519
1 0.964323 0.701852 0.072396 0.090741
1 0.424219 0.425463 0.046354 0.062037
0 0.650781 0.871296 0.019271 0.044444
1 0.269792 0.870833 0.061458 0.113889
1 0.900260 0.796296 0.074479 0.100000
1 0.172396 0.801852 0.070833 0.111111
1 0.352865 0.427778 0.048438 0.066667
1 0.223177 0.064815 0.040104 0.040741
1 0.201563 0.299074 0.043750 0.064815
1 0.678385 0.118056 0.043229 0.036111
1 0.108333 0.144444 0.043750 0.051852
1 0.600260 0.336574 0.050521 0.054630
