1 0.870052 0.620370 0.070312 0.081481
1 0.772917 0.541204 0.070833 0.076852
1 0.186979 0.106944 0.034375 0.043519
1 0.963802 0.701852 0.074479 0.090741
1 0.632552 0.627315 0.053646 0.076852
1 0.268229 0.871759 0.061458 0.113889
1 0.171354 0.803241 0.070833 0.112037
1 0.549219 0.631944 0.056771 0.078704
1 0.204167 0.504630 0.041667 0.094444
1 0.628125 0.128241 0.042708 0.036111
1 0.227344 0.245833 0.046354 0.058333
1 0.287240 0.112037 0.036979 0.035185
1 0.813281 0.454167 0.061979 0.063889
1 0.960156 0.130556 0.036979 0.035185
