1 0.220833 0.527778 0.060417 0.090741
1 0.389062 0.411574 0.065625 0.058333
1 0.550781 0.396296 0.065104 0.064815
1 0.778646 0.476852 0.054167 0.061111
1 0.861458 0.525463 0.054167 0.039815
1 0.817708 0.406481 0.048958 0.057407
1 0.614323 0.273148 0.042188 0.040741
1 0.680729 0.137963 0.038542 0.037037
1 0.621354 0.141667 0.042708 0.038889
1 0.728125 0.742130 0.067708 0.082407
1 0.177344 0.790278 0.070312 0.110185
1 0.380990 0.697222 0.063021 0.085185
1 0.092188 0.942593 0.073958 0.114815
1 0.232292 0.970833 0.072917 0.134259
