1 0.285417 0.046759 0.040625 0.043519
1 0.063542 0.125000 0.035417 0.050000
1 0.285677 0.871759 0.060937 0.110185
1 0.204427 1.004167 0.073438 0.080556
0 0.400521 0.554630 0.019792 0.042593
1 0.000000 0.013889 0.035417 0.044444
1 0.802604 0.142130 0.039583 0.041667
1 0.529427 0.228241 0.043229 0.049074
1 0.816667 0.718519 0.073958 0.101852
1 0.575521 0.486111 0.052083 0.074074
1 0.779427 0.551389 0.064062 0.075000
1 0.867708 0.624074 0.075000 0.083333
1 0.272917 0.082407 0.044792 0.046296
1 0.970313 0.717593 0.082292 0.085185
