1 0.868750 0.618056 0.070833 0.080556
1 0.771094 0.540278 0.069271 0.073148
1 0.185938 0.106019 0.034375 0.043519
1 0.962760 0.699074 0.075521 0.090741
1 0.267708 0.870833 0.061458 0.113889
1 0.170313 0.802315 0.070833 0.112037
1 0.623958 0.129167 0.042708 0.034259
1 0.477083 0.468519 0.056250 0.077778
1 0.324479 0.120370 0.041667 0.044444
1 0.769010 0.105093 0.036979 0.036111
1 0.553906 0.300463 0.042188 0.047222
1 0.803125 0.385648 0.062500 0.056481
1 0.821354 0.457870 0.053125 0.060185
1 0.974219 0.616667 0.072396 0.077778
