1 0.932617 0.060156 0.044922 0.032813
1 -0.023438 0.541406 0.140625 0.201563
1 0.453125 0.151562 0.132812 0.087500
1 0.743652 0.707031 0.188477 0.226562
1 0.767578 0.149219 0.115234 0.076563
1 -0.069336 0.955469 0.162109 0.257812
1 -0.031738 1.165625 0.243164 0.350000
1 0.932617 0.060156 0.044922 0.032813
1 -0.023438 0.541406 0.140625 0.201563
1 0.453125 0.151562 0.132812 0.087500
1 0.743652 0.707031 0.188477 0.226562
1 0.767578 0.149219 0.115234 0.076563
1 -0.069336 0.955469 0.162109 0.257812
1 -0.031738 1.165625 0.243164 0.350000
