1 0.871615 0.620370 0.070312 0.081481
1 0.773698 0.542130 0.070312 0.075000
1 0.188542 0.106019 0.034375 0.043519
1 0.964323 0.701852 0.072396 0.090741
1 0.462240 0.462037 0.047396 0.064815
0 0.684896 0.925463 0.019792 0.045370
1 0.269271 0.870833 0.061458 0.113889
1 1.013802 0.910648 0.080729 0.108333
1 0.171875 0.801852 0.070833 0.111111
1 0.389062 0.466204 0.050000 0.067593
1 0.173698 0.030093 0.038021 0.037963
1 0.214844 0.330093 0.038021 0.073148
1 0.662760 0.120833 0.044271 0.036111
1 0.133073 0.163889 0.043229 0.053704
1 0.527344 0.285185 0.046354 0.053704
