1 0.873437 0.609259 0.070833 0.079630
1 0.775000 0.532407 0.069792 0.075926
1 0.183854 0.100463 0.034375 0.043519
1 0.967969 0.690741 0.075521 0.090741
1 0.267708 0.867130 0.061458 0.113889
1 0.176563 0.786574 0.070833 0.112037
1 0.622396 0.120370 0.042708 0.035185
1 0.683594 0.116667 0.035937 0.037037
1 0.252083 0.007407 0.037500 0.031481
1 0.727083 0.222685 0.021875 0.054630
1 0.362500 0.114815 0.041667 0.044444
1 0.461719 0.184259 0.043229 0.044444
1 0.935417 0.472222 0.054167 0.059259
1 0.957292 0.593519 0.062500 0.072222
