1 0.874479 0.635648 0.068750 0.080556
1 0.777604 0.556481 0.070833 0.075926
1 0.195312 0.116204 0.034375 0.043519
1 0.965625 0.719907 0.069792 0.091667
1 0.411979 0.358796 0.052083 0.065741
1 0.378906 0.388889 0.050521 0.061111
1 0.286198 0.243056 0.047396 0.065741
1 0.109115 0.143519 0.034896 0.044444
0 0.266667 0.420833 0.015625 0.034259
1 0.275521 0.880556 0.061458 0.112963
1 0.507031 0.254167 0.050521 0.050926
1 0.211458 0.169907 0.020833 0.019444
1 0.178646 0.811574 0.070833 0.110185
1 0.040625 0.137963 0.037500 0.046296
