1 0.872396 0.622222 0.069792 0.081481
1 0.774740 0.543519 0.069271 0.074074
1 0.190104 0.107870 0.034375 0.043519
1 0.964844 0.704630 0.071354 0.090741
1 0.959635 0.836574 0.083854 0.121296
1 0.339323 0.345833 0.043229 0.056481
0 0.566406 0.757407 0.022396 0.046296
1 0.271354 0.871759 0.061458 0.113889
1 0.681771 0.589352 0.061458 0.078704
1 0.173958 0.803704 0.070833 0.111111
1 0.269271 0.344907 0.044792 0.060185
1 0.360417 0.159259 0.045833 0.046296
1 0.152083 0.239352 0.046875 0.056481
1 0.733854 0.112037 0.044792 0.031481
1 0.051823 0.097222 0.041146 0.050000
1 0.809635 0.494907 0.060937 0.069444
