1 0.868750 0.616204 0.070833 0.080556
1 0.771354 0.539352 0.068750 0.075000
1 0.185417 0.106019 0.034375 0.043519
1 0.962760 0.697222 0.075521 0.090741
1 0.267708 0.869907 0.061458 0.113889
1 0.170833 0.800463 0.070833 0.112037
1 0.623437 0.126852 0.042708 0.035185
1 0.595052 0.577315 0.063021 0.086111
1 0.190885 0.033333 0.038021 0.038889
1 0.734115 0.109259 0.035937 0.037037
1 0.414583 0.200463 0.037500 0.043519
1 0.704688 0.314815 0.055208 0.053704
1 0.649479 0.331481 0.045833 0.048148
1 0.797135 0.478241 0.063021 0.065741
