1 0.869792 0.620370 0.069792 0.079630
1 0.772396 0.542130 0.069792 0.075000
1 0.186979 0.108796 0.034375 0.043519
1 0.963281 0.702778 0.074479 0.090741
1 0.715625 0.705556 0.056250 0.083333
1 0.268750 0.872685 0.061458 0.113889
1 0.171354 0.805093 0.070833 0.112037
1 0.627865 0.711111 0.060937 0.085185
1 0.168490 0.595370 0.053646 0.101852
1 0.626042 0.129167 0.042708 0.034259
1 0.269531 0.282407 0.048438 0.061111
1 0.210156 0.059259 0.034896 0.038889
1 0.697917 0.371759 0.056250 0.058333
1 0.908594 0.118981 0.034896 0.034259
1 1.003646 0.642593 0.060417 0.070370
