1 0.871875 0.613889 0.070833 0.079630
1 0.773698 0.536111 0.070312 0.075926
1 0.185417 0.103241 0.034375 0.043519
1 0.966406 0.694444 0.075521 0.090741
1 0.268750 0.868056 0.061458 0.113889
1 0.173958 0.794907 0.070833 0.112037
1 0.622917 0.125926 0.042708 0.035185
1 0.883073 0.851852 0.086979 0.116667
1 0.701042 0.116204 0.035417 0.036111
1 0.211719 0.053704 0.031771 0.035185
1 0.550781 0.205556 0.048438 0.044444
1 0.397656 0.150926 0.038021 0.040741
1 0.529948 0.279630 0.049479 0.050000
1 0.923438 0.466667 0.068750 0.066667
1 0.929688 0.525463 0.067708 0.075000
