1 0.871615 0.620370 0.070312 0.081481
1 0.773698 0.542130 0.070312 0.075000
1 0.188542 0.106019 0.034375 0.043519
1 0.964323 0.701852 0.072396 0.090741
1 0.465365 0.464815 0.047396 0.064815
0 0.688802 0.929167 0.021354 0.045370
1 0.269271 0.870833 0.061458 0.113889
1 1.023177 0.918981 0.080729 0.108333
1 0.171875 0.801852 0.070833 0.111111
1 0.391146 0.468981 0.050000 0.067593
1 0.170052 0.027315 0.038021 0.037963
1 0.215104 0.331944 0.037500 0.075000
1 0.661198 0.120833 0.044271 0.036111
1 0.134635 0.165741 0.043229 0.053704
1 0.522396 0.280556 0.045833 0.051852
