1 0.870573 0.619444 0.070312 0.081481
1 0.772917 0.541204 0.070833 0.076852
1 0.187500 0.106019 0.034375 0.043519
1 0.964323 0.701852 0.073438 0.090741
1 0.564844 0.560648 0.049479 0.071296
1 0.268229 0.870833 0.061458 0.113889
1 0.170833 0.801852 0.070833 0.111111
1 0.484635 0.564815 0.052604 0.074074
1 0.219271 0.429630 0.027083 0.087037
1 0.635417 0.125463 0.042708 0.036111
1 0.190625 0.213426 0.045833 0.056481
1 0.369271 0.169907 0.041667 0.043519
1 0.931250 0.539815 0.067708 0.072222
1 1.012760 0.138426 0.033854 0.032407
