1 0.210156 -0.009722 0.040104 0.043519
1 0.083073 0.141204 0.034896 0.050926
1 0.288802 0.867130 0.060937 0.110185
1 0.217448 0.976389 0.073438 0.080556
0 0.435677 0.599074 0.022396 0.044444
1 0.050521 0.057870 0.036458 0.045370
1 0.768750 0.150926 0.039583 0.038889
1 0.466406 0.178704 0.041146 0.044444
1 1.004427 0.901389 0.088021 0.113889
1 0.705208 0.611574 0.064583 0.084259
1 0.780990 0.550463 0.064062 0.075000
1 0.869271 0.625000 0.075000 0.083333
1 0.200000 0.024537 0.041667 0.043519
1 0.971354 0.717593 0.082292 0.085185
