0 1.008333 0.114815 0.018750 0.027778
1 0.839323 0.446296 0.072396 0.072222
0 0.180990 0.296759 0.016146 0.039815
1 0.665365 0.750000 0.068229 0.096296
1 0.442448 0.324537 0.040104 0.071296
1 0.244010 0.007870 0.038021 0.041667
1 0.995052 0.569444 0.067187 0.074074
1 0.267188 0.193981 0.044792 0.060185
1 0.215365 0.152315 0.043229 0.050926
1 0.772656 0.530093 0.064062 0.075000
1 0.859375 0.602778 0.075000 0.083333
1 0.834375 0.500926 0.072917 0.077778
1 0.962760 0.696296 0.083854 0.088889
1 0.462500 0.203241 0.021875 0.056481
