1 0.874740 0.633796 0.068229 0.082407
1 0.777344 0.554167 0.071354 0.076852
1 0.195312 0.115278 0.034375 0.043519
1 0.966146 0.716204 0.069792 0.091667
1 0.464583 0.402778 0.054167 0.066667
1 0.425260 0.431019 0.052604 0.062037
1 0.315104 0.268056 0.051042 0.067593
1 0.123177 0.155093 0.034896 0.045370
0 0.285938 0.439352 0.015625 0.034259
1 0.275000 0.878704 0.061458 0.112963
1 0.442448 0.198611 0.047396 0.047222
1 0.236458 0.186574 0.020833 0.019444
1 0.177604 0.809722 0.070833 0.110185
1 0.053646 0.148148 0.036458 0.046296
