1 0.166667 0.604167 0.062500 0.102778
1 0.336198 0.437037 0.068229 0.064815
1 0.500000 0.382407 0.063542 0.059259
1 0.778125 0.476852 0.054167 0.061111
1 0.863802 0.517593 0.043229 0.022222
1 0.817708 0.406481 0.048958 0.057407
1 0.644792 0.256481 0.040625 0.042593
1 0.680729 0.138889 0.038542 0.037037
1 0.621354 0.142593 0.042708 0.038889
1 0.804167 0.801852 0.071875 0.092593
1 0.176823 0.790278 0.070312 0.110185
1 0.430469 0.666204 0.065104 0.073148
1 0.090885 0.943519 0.074479 0.114815
1 0.267448 0.887963 0.068229 0.125926
