0 0.368229 0.006481 0.016667 0.025926
1 0.601562 0.286111 0.056250 0.055556
1 -0.003906 0.067130 0.047396 0.052778
0 0.282031 0.410648 0.019271 0.039815
1 0.851823 0.048148 0.024479 0.046296
1 0.814323 0.446296 0.055729 0.062963
1 0.403906 0.326852 0.050521 0.064815
1 0.300000 0.239815 0.041667 0.055556
1 0.776302 0.552315 0.064062 0.075000
1 0.864583 0.626852 0.075000 0.083333
1 0.595573 0.331481 0.060937 0.064815
1 0.966146 0.721296 0.082292 0.085185
0 0.368229 0.006481 0.016667 0.025926
1 0.601562 0.286111 0.056250 0.055556
1 -0.003906 0.067130 0.047396 0.052778
3 0.989583 0.589815 0.046875 0.064815
0 0.282031 0.410648 0.019271 0.039815
3 0.718490 0.312963 0.071354 0.075926
1 0.851823 0.048148 0.024479 0.046296
1 0.814323 0.446296 0.055729 0.062963
1 0.403906 0.326852 0.050521 0.064815
1 0.300000 0.239815 0.041667 0.055556
3 0.459896 0.435648 0.071875 0.106481
3 0.339844 0.374537 0.084896 0.137963
3 0.175260 0.222222 0.093229 0.114815
1 0.776302 0.552315 0.064062 0.075000
1 0.864583 0.626852 0.075000 0.083333
1 0.595573 0.331481 0.060937 0.064815
1 0.966146 0.721296 0.082292 0.085185
3 0.063281 0.121759 0.049479 0.065741
2 0.176823 0.161111 0.134896 0.164815
