0 0.251465 0.164844 0.030273 0.073438
1 0.044922 0.053906 0.023438 0.020313
1 0.949707 0.139063 0.088867 0.050000
1 0.466797 0.067187 0.072266 0.046875
1 0.963867 0.197656 0.074219 0.095312
0 0.251465 0.164844 0.030273 0.073438
1 0.044922 0.053906 0.023438 0.020313
1 0.949707 0.139063 0.088867 0.050000
1 0.466797 0.067187 0.072266 0.046875
1 0.963867 0.197656 0.074219 0.095312
3 0.350586 0.114844 0.154297 0.142187
3 0.562988 0.135937 0.170898 0.181250
0 0.251465 0.164844 0.030273 0.073438
3 0.156738 0.071094 0.100586 0.054688
3 0.075195 0.056250 0.039062 0.025000
1 0.044922 0.053906 0.023438 0.020313
1 0.949707 0.139063 0.088867 0.050000
2 0.217285 0.053125 0.034180 0.018750
1 0.466797 0.067187 0.072266 0.046875
1 0.963867 0.197656 0.074219 0.095312
