0 1.008333 0.114815 0.018750 0.027778
1 0.839844 0.448148 0.072396 0.072222
0 0.181510 0.296759 0.016146 0.039815
1 0.576562 0.689352 0.066667 0.078704
1 0.413021 0.395833 0.054167 0.082407
1 0.298177 0.051389 0.038021 0.039815
1 1.026823 0.594444 0.067187 0.074074
1 0.266667 0.195370 0.044792 0.059259
1 0.214844 0.154167 0.043229 0.050926
1 0.772656 0.531481 0.064062 0.074074
1 0.859375 0.603704 0.075000 0.083333
1 0.833333 0.502778 0.072917 0.077778
1 0.962760 0.696296 0.083854 0.088889
1 0.462760 0.261574 0.025521 0.058333
0 1.008333 0.114815 0.018750 0.027778
1 0.839844 0.448148 0.072396 0.072222
0 0.181510 0.296759 0.016146 0.039815
1 0.576562 0.689352 0.066667 0.078704
1 0.413021 0.395833 0.054167 0.082407
1 0.298177 0.051389 0.038021 0.039815
1 1.026823 0.594444 0.067187 0.074074
1 0.266667 0.195370 0.044792 0.059259
1 0.214844 0.154167 0.043229 0.050926
3 0.210156 0.190278 0.061979 0.089815
3 0.189062 0.218519 0.078125 0.118519
3 0.109896 0.151389 0.089583 0.113889
1 0.772656 0.531481 0.064062 0.074074
1 0.859375 0.603704 0.075000 0.083333
1 0.833333 0.502778 0.072917 0.077778
1 0.962760 0.696296 0.083854 0.088889
3 0.043490 0.095833 0.049479 0.065741
2 0.073438 0.063426 0.127083 0.128704
1 0.462760 0.261574 0.025521 0.058333
