1 0.936035 0.060156 0.047852 0.032813
1 0.417969 0.082812 0.089844 0.078125
1 0.193359 0.081250 0.052734 0.062500
1 0.056152 0.053125 0.026367 0.018750
1 0.936035 0.060156 0.047852 0.032813
1 0.417969 0.082812 0.089844 0.078125
1 0.193359 0.081250 0.052734 0.062500
1 0.056152 0.053125 0.026367 0.018750
1 0.936035 0.060156 0.047852 0.032813
1 0.417969 0.082812 0.089844 0.078125
3 1.047852 0.583594 0.376953 0.457813
3 0.378418 0.132031 0.124023 0.123438
1 0.193359 0.081250 0.052734 0.062500
1 0.056152 0.053125 0.026367 0.018750
