1 0.163281 0.593981 0.065104 0.102778
1 0.402865 0.382407 0.053646 0.057407
1 0.558854 0.407870 0.059375 0.049074
1 0.720573 0.503241 0.070312 0.080556
1 0.778646 0.475000 0.053125 0.061111
1 0.861458 0.537037 0.055208 0.066667
1 0.816667 0.406019 0.051042 0.056481
1 0.474479 0.294907 0.043750 0.041667
1 0.681250 0.137037 0.038542 0.037037
1 0.621354 0.140741 0.042708 0.038889
1 0.525000 0.644444 0.062500 0.057407
1 0.179688 0.787500 0.069792 0.110185
1 0.239583 0.951389 0.066667 0.125000
1 0.067187 0.993981 0.076042 0.117593
1 0.163281 0.593981 0.065104 0.102778
1 0.402865 0.382407 0.053646 0.057407
1 0.558854 0.407870 0.059375 0.049074
1 0.720573 0.503241 0.070312 0.080556
1 0.778646 0.475000 0.053125 0.061111
1 0.861458 0.537037 0.055208 0.066667
1 0.816667 0.406019 0.051042 0.056481
3 0.631250 0.248611 0.098958 0.108333
1 0.474479 0.294907 0.043750 0.041667
1 0.681250 0.137037 0.038542 0.037037
1 0.621354 0.140741 0.042708 0.038889
1 0.525000 0.644444 0.062500 0.057407
3 0.379427 0.697222 0.083854 0.114815
1 0.179688 0.787500 0.069792 0.110185
1 0.239583 0.951389 0.066667 0.125000
1 0.067187 0.993981 0.076042 0.117593
3 1.082031 0.776389 0.215104 0.276852
