1 0.970833 0.579167 0.071875 0.078704
1 0.211979 0.276389 0.038542 0.058333
1 0.288802 0.873611 0.060937 0.110185
1 0.225521 0.965741 0.072917 0.079630
0 0.608073 0.831481 0.025521 0.053704
1 0.031250 0.100463 0.035417 0.045370
1 0.364323 0.340741 0.047396 0.059259
1 0.697917 0.172222 0.040625 0.040741
1 0.197396 -0.009722 0.033333 0.037963
1 0.778906 0.556019 0.064062 0.075000
1 0.867708 0.631481 0.075000 0.083333
1 0.971354 0.723148 0.082292 0.085185
1 0.970833 0.579167 0.071875 0.078704
1 0.211979 0.276389 0.038542 0.058333
3 0.438021 0.158796 0.059375 0.071296
1 0.288802 0.873611 0.060937 0.110185
1 0.225521 0.965741 0.072917 0.079630
0 0.608073 0.831481 0.025521 0.053704
1 0.031250 0.100463 0.035417 0.045370
1 0.364323 0.340741 0.047396 0.059259
1 0.697917 0.172222 0.040625 0.040741
1 0.197396 -0.009722 0.033333 0.037963
3 0.578125 0.662037 0.143750 0.200000
1 0.778906 0.556019 0.064062 0.075000
1 0.867708 0.631481 0.075000 0.083333
1 0.971354 0.723148 0.082292 0.085185
3 0.337760 0.386574 0.061979 0.087963
2 0.733854 0.699074 0.251042 0.322222
