1 0.857812 0.458333 0.073958 0.074074
0 0.181510 0.295833 0.016146 0.039815
1 0.248698 0.886111 0.066146 0.125926
1 0.171615 0.781481 0.082812 0.133333
1 0.444010 0.264352 0.023438 0.058333
1 0.266667 0.194444 0.044792 0.061111
1 0.214062 0.150463 0.042708 0.050926
1 0.772656 0.526852 0.064062 0.074074
1 0.859896 0.598148 0.075000 0.083333
1 0.833854 0.498148 0.072917 0.077778
1 0.960417 0.691204 0.078125 0.091667
1 0.319531 0.551852 0.053646 0.083333
1 0.857812 0.458333 0.073958 0.074074
0 0.181510 0.295833 0.016146 0.039815
1 0.248698 0.886111 0.066146 0.125926
1 0.171615 0.781481 0.082812 0.133333
1 0.444010 0.264352 0.023438 0.058333
1 0.266667 0.194444 0.044792 0.061111
1 0.214062 0.150463 0.042708 0.050926
3 0.209635 0.186574 0.061979 0.089815
3 0.189062 0.216204 0.078125 0.117593
3 0.109375 0.147685 0.089583 0.112037
1 0.772656 0.526852 0.064062 0.074074
1 0.859896 0.598148 0.075000 0.083333
1 0.833854 0.498148 0.072917 0.077778
1 0.960417 0.691204 0.078125 0.091667
3 0.043490 0.095833 0.049479 0.065741
2 0.052083 0.053704 0.110417 0.111111
3 0.382552 0.091204 0.060937 0.086111
1 0.319531 0.551852 0.053646 0.083333
