1 0.595833 0.664815 0.057292 0.061111
1 0.198958 0.798148 0.060417 0.096296
1 0.693229 0.177315 0.039583 0.039815
1 0.994531 0.760648 0.011979 0.047222
1 0.222656 0.542130 0.063021 0.089815
1 0.365625 0.413889 0.059375 0.059259
1 0.234635 0.846296 0.072396 0.127778
1 0.136719 0.155556 0.043229 0.042593
3 0.422396 0.702315 0.077083 0.097222
1 0.595833 0.664815 0.057292 0.061111
1 0.198958 0.798148 0.060417 0.096296
2 0.166406 0.227315 0.127604 0.162037
3 0.521354 0.383796 0.067708 0.063889
1 0.693229 0.177315 0.039583 0.039815
1 0.994531 0.760648 0.011979 0.047222
1 0.222656 0.542130 0.063021 0.089815
1 0.365625 0.413889 0.059375 0.059259
1 0.234635 0.846296 0.072396 0.127778
3 0.655469 0.450000 0.069271 0.077778
1 0.136719 0.155556 0.043229 0.042593
