1 0.381250 0.117130 0.045833 0.049074
1 0.040885 0.102778 0.034896 0.050000
1 0.272396 0.894444 0.062500 0.112963
0 0.358073 0.503704 0.019271 0.040741
1 0.838802 0.122685 0.031771 0.043519
1 0.612500 0.289352 0.046875 0.052778
1 0.646615 0.551389 0.064062 0.086111
1 0.461719 0.379167 0.050521 0.065741
1 0.779427 0.549537 0.064062 0.075000
1 0.867188 0.623148 0.075000 0.083333
1 0.369531 0.154167 0.047396 0.049074
1 0.970313 0.717593 0.082292 0.085185
1 0.381250 0.117130 0.045833 0.049074
1 0.040885 0.102778 0.034896 0.050000
3 0.888281 0.499537 0.094271 0.104630
1 0.272396 0.894444 0.062500 0.112963
0 0.358073 0.503704 0.019271 0.040741
3 0.547656 0.186111 0.057813 0.070370
1 0.838802 0.122685 0.031771 0.043519
1 0.612500 0.289352 0.046875 0.052778
1 0.646615 0.551389 0.064062 0.086111
1 0.461719 0.379167 0.050521 0.065741
3 0.827344 0.812037 0.108854 0.157407
3 0.547396 0.593981 0.098958 0.171296
3 0.247396 0.289815 0.101042 0.120370
1 0.779427 0.549537 0.064062 0.075000
1 0.867188 0.623148 0.075000 0.083333
1 0.369531 0.154167 0.047396 0.049074
1 0.970313 0.717593 0.082292 0.085185
3 0.108333 0.160185 0.048958 0.064815
2 0.270573 0.240741 0.148438 0.187037
