1 0.932617 0.060156 0.044922 0.032813
1 -0.059082 0.624219 0.149414 0.195312
1 -0.066406 0.946094 0.162109 0.257812
1 -0.014160 1.137500 0.243164 0.350000
0 0.023438 0.071094 0.013672 0.032813
1 0.932617 0.060156 0.044922 0.032813
1 -0.059082 0.624219 0.149414 0.195312
1 -0.066406 0.946094 0.162109 0.257812
1 -0.014160 1.137500 0.243164 0.350000
0 0.023438 0.071094 0.013672 0.032813
2 0.166504 0.074219 0.129883 0.060937
1 0.932617 0.060156 0.044922 0.032813
1 -0.059082 0.624219 0.149414 0.195312
3 0.371582 0.183594 0.165039 0.160938
3 0.662598 0.135937 0.141602 0.109375
1 -0.066406 0.946094 0.162109 0.257812
1 -0.014160 1.137500 0.243164 0.350000
0 0.023438 0.071094 0.013672 0.032813
