1 0.358594 0.071759 0.032813 0.037963
1 0.967187 0.708796 0.067708 0.093519
1 0.499479 0.373148 0.029167 0.074074
1 0.780990 0.544444 0.071354 0.075926
0 0.173698 0.299537 0.014063 0.036111
1 0.434635 0.331481 0.034896 0.062963
1 0.239323 0.239815 0.044271 0.055556
1 0.467708 0.627315 0.057292 0.063889
1 0.269792 0.217593 0.044792 0.055556
1 0.878125 0.625926 0.070833 0.081481
1 0.046094 0.067130 0.034896 0.041667
1 0.066667 -0.005093 0.031250 0.037963
3 0.882812 0.420833 0.123958 0.149074
2 0.134115 0.123611 0.116146 0.134259
1 0.358594 0.071759 0.032813 0.037963
2 0.153646 0.204167 0.130208 0.162037
1 0.967187 0.708796 0.067708 0.093519
1 0.499479 0.373148 0.029167 0.074074
1 0.780990 0.544444 0.071354 0.075926
0 0.173698 0.299537 0.014063 0.036111
1 0.434635 0.331481 0.034896 0.062963
3 0.244531 0.117130 0.084896 0.099074
1 0.239323 0.239815 0.044271 0.055556
1 0.467708 0.627315 0.057292 0.063889
1 0.269792 0.217593 0.044792 0.055556
3 0.055469 0.123611 0.052604 0.075000
1 0.878125 0.625926 0.070833 0.081481
1 0.046094 0.067130 0.034896 0.041667
3 0.990365 0.510185 0.039062 0.105556
1 0.066667 -0.005093 0.031250 0.037963
