1 0.876563 0.626852 0.069792 0.081481
1 0.779948 0.546759 0.070312 0.073148
1 0.160677 0.077315 0.033854 0.043519
1 0.966667 0.709259 0.067708 0.090741
1 0.267969 0.222222 0.045312 0.057407
1 0.240104 0.247222 0.045833 0.057407
1 0.075000 0.052778 0.041667 0.055556
1 0.077344 0.105556 0.023438 0.044444
1 0.805208 0.883796 0.068750 0.104630
1 0.583594 0.639815 0.054688 0.090741
1 0.375000 0.118519 0.038542 0.040741
1 0.876563 0.626852 0.069792 0.081481
3 0.276823 0.148148 0.088021 0.109259
1 0.779948 0.546759 0.070312 0.073148
1 0.160677 0.077315 0.033854 0.043519
1 0.966667 0.709259 0.067708 0.090741
3 0.882031 0.422222 0.123438 0.153704
3 1.034375 0.517130 0.141667 0.117593
1 0.267969 0.222222 0.045312 0.057407
1 0.240104 0.247222 0.045833 0.057407
2 0.152344 0.211111 0.129688 0.161111
1 0.075000 0.052778 0.041667 0.055556
3 0.064583 0.143981 0.043750 0.075000
1 0.077344 0.105556 0.023438 0.044444
2 0.151042 0.143981 0.115625 0.134259
1 0.805208 0.883796 0.068750 0.104630
1 0.583594 0.639815 0.054688 0.090741
1 0.375000 0.118519 0.038542 0.040741
