1 0.193490 0.782407 0.060937 0.096296
1 0.691146 0.162963 0.041667 0.038889
1 0.788021 0.553241 0.070833 0.076852
0 0.049740 0.181481 0.016146 0.035185
1 0.229948 0.829630 0.072396 0.131481
1 0.229948 0.233333 0.043229 0.055556
0 0.753906 0.090278 0.019271 0.025000
1 0.167708 0.132407 0.039583 0.048148
0 0.373437 0.768981 0.019792 0.041667
3 0.854167 0.883333 0.095833 0.140741
1 0.193490 0.782407 0.060937 0.096296
2 0.160938 0.211111 0.129167 0.161111
3 0.106250 0.697222 0.085417 0.140741
1 0.691146 0.162963 0.041667 0.038889
1 0.788021 0.553241 0.070833 0.076852
0 0.049740 0.181481 0.016146 0.035185
1 0.229948 0.829630 0.072396 0.131481
3 0.267188 0.480556 0.070833 0.103704
1 0.229948 0.233333 0.043229 0.055556
0 0.753906 0.090278 0.019271 0.025000
1 0.167708 0.132407 0.039583 0.048148
0 0.373437 0.768981 0.019792 0.041667
