1 0.889648 0.056250 0.044922 0.025000
1 0.129395 0.681250 0.159180 0.231250
1 0.681152 0.314063 0.135742 0.137500
0 0.139160 0.114062 0.020508 0.046875
1 0.267578 0.061719 0.060547 0.035937
1 0.889648 0.056250 0.044922 0.025000
1 0.129395 0.681250 0.159180 0.231250
1 0.681152 0.314063 0.135742 0.137500
0 0.139160 0.114062 0.020508 0.046875
1 0.267578 0.061719 0.060547 0.035937
2 0.166504 0.074219 0.129883 0.060937
1 0.889648 0.056250 0.044922 0.025000
1 0.129395 0.681250 0.159180 0.231250
1 0.681152 0.314063 0.135742 0.137500
0 0.139160 0.114062 0.020508 0.046875
1 0.267578 0.061719 0.060547 0.035937
