0 1.008333 0.114815 0.018750 0.027778
1 0.838281 0.444444 0.072396 0.072222
0 0.180990 0.296759 0.016146 0.039815
1 0.760938 0.842593 0.072917 0.111111
1 0.457031 0.260185 0.030729 0.066667
1 0.974740 0.552778 0.067187 0.074074
1 0.266667 0.193981 0.045833 0.060185
1 0.215885 0.151389 0.043229 0.050926
1 0.772656 0.529167 0.064062 0.075000
1 0.859375 0.601852 0.075000 0.083333
1 0.834375 0.500926 0.072917 0.077778
1 0.962760 0.695370 0.083854 0.088889
1 0.448698 0.158333 0.025521 0.048148
0 1.008333 0.114815 0.018750 0.027778
1 0.838281 0.444444 0.072396 0.072222
0 0.180990 0.296759 0.016146 0.039815
1 0.760938 0.842593 0.072917 0.111111
1 0.457031 0.260185 0.030729 0.066667
1 0.974740 0.552778 0.067187 0.074074
1 0.266667 0.193981 0.045833 0.060185
1 0.215885 0.151389 0.043229 0.050926
3 0.210417 0.187500 0.062500 0.091667
3 0.189583 0.216204 0.078125 0.117593
3 0.109896 0.150463 0.089583 0.113889
1 0.772656 0.529167 0.064062 0.075000
1 0.859375 0.601852 0.075000 0.083333
1 0.834375 0.500926 0.072917 0.077778
1 0.962760 0.695370 0.083854 0.088889
3 0.044010 0.093981 0.049479 0.065741
2 0.082552 0.062500 0.128646 0.147222
1 0.448698 0.158333 0.025521 0.048148
