1 0.932617 0.060156 0.044922 0.032813
1 -0.066406 0.946094 0.162109 0.257812
1 -0.014160 1.137500 0.243164 0.350000
0 0.058105 0.078906 0.014648 0.035937
1 0.257812 0.058594 0.041016 0.029687
0 0.576172 1.008594 0.099609 0.145313
1 0.932617 0.060156 0.044922 0.032813
1 -0.066406 0.946094 0.162109 0.257812
1 -0.014160 1.137500 0.243164 0.350000
0 0.058105 0.078906 0.014648 0.035937
1 0.257812 0.058594 0.041016 0.029687
0 0.576172 1.008594 0.099609 0.145313
2 0.166504 0.074219 0.129883 0.060937
1 0.932617 0.060156 0.044922 0.032813
3 0.151855 0.335938 0.163086 0.221875
1 -0.066406 0.946094 0.162109 0.257812
1 -0.014160 1.137500 0.243164 0.350000
0 0.058105 0.078906 0.014648 0.035937
1 0.257812 0.058594 0.041016 0.029687
0 0.576172 1.008594 0.099609 0.145313
