1 0.880859 0.055469 0.044922 0.023438
1 0.184570 0.613281 0.160156 0.220312
1 0.730957 0.271094 0.118164 0.117188
0 0.142090 0.115625 0.020508 0.046875
1 0.267578 0.061719 0.060547 0.035937
1 0.880859 0.055469 0.044922 0.023438
1 0.184570 0.613281 0.160156 0.220312
1 0.730957 0.271094 0.118164 0.117188
0 0.142090 0.115625 0.020508 0.046875
1 0.267578 0.061719 0.060547 0.035937
2 0.166504 0.074219 0.129883 0.060937
1 0.880859 0.055469 0.044922 0.023438
1 0.184570 0.613281 0.160156 0.220312
1 0.730957 0.271094 0.118164 0.117188
0 0.142090 0.115625 0.020508 0.046875
1 0.267578 0.061719 0.060547 0.035937
