1 0.804199 0.064062 0.051758 0.040625
1 0.618652 0.133594 0.073242 0.089063
1 0.978027 0.120313 0.041992 0.050000
0 0.147949 0.117188 0.020508 0.046875
1 0.267578 0.061719 0.060547 0.035937
1 0.029297 0.050000 0.017578 0.012500
1 0.104004 0.725781 0.196289 0.273438
1 0.804199 0.064062 0.051758 0.040625
1 0.618652 0.133594 0.073242 0.089063
1 0.978027 0.120313 0.041992 0.050000
0 0.147949 0.117188 0.020508 0.046875
1 0.267578 0.061719 0.060547 0.035937
1 0.029297 0.050000 0.017578 0.012500
1 0.104004 0.725781 0.196289 0.273438
