1 0.209896 0.738889 0.060417 0.094444
1 0.670833 0.159722 0.041667 0.039815
1 0.783594 0.543519 0.070312 0.075926
0 0.151042 0.277315 0.015625 0.036111
1 0.081510 0.961111 0.071354 0.081481
1 0.356250 0.605093 0.064583 0.095370
1 0.241406 0.240741 0.044271 0.055556
0 0.540365 0.061574 0.017188 0.026852
1 0.263802 0.210185 0.044271 0.055556
0 0.577865 0.766667 0.028646 0.046296
1 0.946094 0.682407 0.076563 0.087037
3 0.938281 0.463889 0.124479 0.159259
1 0.209896 0.738889 0.060417 0.094444
2 0.156250 0.203704 0.129167 0.161111
1 0.670833 0.159722 0.041667 0.039815
1 0.783594 0.543519 0.070312 0.075926
0 0.151042 0.277315 0.015625 0.036111
1 0.081510 0.961111 0.071354 0.081481
1 0.356250 0.605093 0.064583 0.095370
1 0.241406 0.240741 0.044271 0.055556
0 0.540365 0.061574 0.017188 0.026852
1 0.263802 0.210185 0.044271 0.055556
0 0.577865 0.766667 0.028646 0.046296
1 0.946094 0.682407 0.076563 0.087037
