1 0.871875 0.620833 0.069792 0.080556
1 0.773698 0.542130 0.070312 0.075000
1 0.189062 0.106019 0.034375 0.043519
1 0.964323 0.701852 0.072396 0.090741
1 0.410156 0.412963 0.044271 0.061111
0 0.638281 0.853704 0.019271 0.044444
1 0.270313 0.870833 0.061458 0.113889
1 0.863802 0.760648 0.073438 0.097222
1 0.172396 0.801852 0.070833 0.111111
1 0.340365 0.415278 0.048438 0.065741
1 0.242188 0.077315 0.040625 0.039815
1 0.195833 0.288889 0.043750 0.062963
1 0.685677 0.117593 0.044271 0.035185
1 0.100000 0.137037 0.042708 0.051852
1 0.627344 0.355556 0.051562 0.057407
1 0.871875 0.620833 0.069792 0.080556
3 0.269010 0.149074 0.088021 0.107407
1 0.773698 0.542130 0.070312 0.075000
1 0.189062 0.106019 0.034375 0.043519
1 0.964323 0.701852 0.072396 0.090741
3 0.452083 0.117593 0.087500 0.105556
3 0.752344 0.309259 0.107813 0.140741
2 0.732552 0.828704 0.246354 0.353704
3 -0.023958 0.960648 0.097917 0.182407
1 0.410156 0.412963 0.044271 0.061111
2 0.580729 0.540278 0.190625 0.232407
0 0.638281 0.853704 0.019271 0.044444
1 0.270313 0.870833 0.061458 0.113889
1 0.863802 0.760648 0.073438 0.097222
1 0.172396 0.801852 0.070833 0.111111
1 0.340365 0.415278 0.048438 0.065741
3 0.561979 0.237037 0.138542 0.155556
1 0.242188 0.077315 0.040625 0.039815
1 0.195833 0.288889 0.043750 0.062963
1 0.685677 0.117593 0.044271 0.035185
3 0.216146 0.981481 0.066667 0.072222
1 0.100000 0.137037 0.042708 0.051852
3 0.951562 0.469907 0.157292 0.154630
1 0.627344 0.355556 0.051562 0.057407
