1 0.635156 0.419444 0.064062 0.062963
1 0.798698 0.543981 0.065104 0.075000
1 0.796615 0.465741 0.054688 0.062963
1 0.819531 0.381944 0.049479 0.056481
1 0.947135 0.665278 0.085938 0.089815
1 0.847396 0.132870 0.048958 0.034259
1 0.622135 0.113426 0.044271 0.039815
1 0.682552 0.109722 0.034896 0.037963
1 0.197135 0.108796 0.035937 0.039815
1 0.175521 0.770370 0.069792 0.112963
1 0.264062 0.856944 0.063542 0.112037
1 0.635156 0.419444 0.064062 0.062963
1 0.798698 0.543981 0.065104 0.075000
1 0.796615 0.465741 0.054688 0.062963
1 0.819531 0.381944 0.049479 0.056481
1 0.947135 0.665278 0.085938 0.089815
1 0.847396 0.132870 0.048958 0.034259
1 0.622135 0.113426 0.044271 0.039815
1 0.682552 0.109722 0.034896 0.037963
3 0.328125 0.184722 0.089583 0.113889
1 0.197135 0.108796 0.035937 0.039815
1 0.175521 0.770370 0.069792 0.112963
1 0.264062 0.856944 0.063542 0.112037
3 0.198698 0.987500 0.086979 0.104630
