1 0.871615 0.620370 0.070312 0.081481
1 0.773698 0.542130 0.070312 0.075000
1 0.188021 0.106019 0.034375 0.043519
1 0.964323 0.701852 0.072396 0.090741
1 0.485677 0.483796 0.047396 0.065741
0 0.706771 0.955093 0.021875 0.045370
1 0.268750 0.870833 0.061458 0.113889
1 0.171354 0.801852 0.070833 0.111111
1 0.411198 0.487963 0.050521 0.068519
1 0.145573 0.010185 0.039062 0.037037
1 0.218750 0.350926 0.033333 0.075926
1 0.654167 0.123611 0.043750 0.034259
1 0.145833 0.174074 0.043750 0.053704
1 0.487240 0.256019 0.045312 0.049074
1 0.871615 0.620370 0.070312 0.081481
3 0.268490 0.149074 0.088021 0.107407
1 0.773698 0.542130 0.070312 0.075000
1 0.188021 0.106019 0.034375 0.043519
1 0.964323 0.701852 0.072396 0.090741
3 0.393750 0.081019 0.080208 0.100926
3 0.732292 0.277778 0.090625 0.146296
2 0.815625 0.935185 0.268750 0.392593
1 0.485677 0.483796 0.047396 0.065741
2 0.666667 0.623611 0.211458 0.260185
0 0.706771 0.955093 0.021875 0.045370
1 0.268750 0.870833 0.061458 0.113889
1 0.171354 0.801852 0.070833 0.111111
1 0.411198 0.487963 0.050521 0.068519
3 0.489063 0.190278 0.130208 0.143519
1 0.145573 0.010185 0.039062 0.037037
1 0.218750 0.350926 0.033333 0.075926
1 0.654167 0.123611 0.043750 0.034259
3 0.214583 0.981481 0.066667 0.072222
1 0.145833 0.174074 0.043750 0.053704
3 0.902083 0.432407 0.148958 0.150000
1 0.487240 0.256019 0.045312 0.049074
