1 0.873437 0.609259 0.070833 0.079630
1 0.775000 0.532870 0.069792 0.076852
1 0.184375 0.101389 0.034375 0.043519
1 0.967969 0.690741 0.075521 0.090741
1 0.268229 0.867130 0.061458 0.113889
1 0.176563 0.787500 0.070833 0.112037
1 0.622396 0.121296 0.042708 0.035185
1 0.683594 0.116667 0.035937 0.037037
1 0.259115 0.012963 0.038021 0.031481
1 0.727344 0.226852 0.023438 0.051852
1 0.372917 0.122222 0.040625 0.044444
1 0.474479 0.193056 0.042708 0.045370
1 0.942448 0.476852 0.054688 0.059259
1 0.966406 0.600926 0.063021 0.072222
1 0.873437 0.609259 0.070833 0.079630
3 0.265885 0.144444 0.088021 0.105556
1 0.775000 0.532870 0.069792 0.076852
1 0.184375 0.101389 0.034375 0.043519
1 0.967969 0.690741 0.075521 0.090741
1 0.268229 0.867130 0.061458 0.113889
1 0.176563 0.787500 0.070833 0.112037
1 0.622396 0.121296 0.042708 0.035185
3 0.213021 0.978241 0.069792 0.073148
1 0.683594 0.116667 0.035937 0.037037
1 0.259115 0.012963 0.038021 0.031481
1 0.727344 0.226852 0.023438 0.051852
1 0.372917 0.122222 0.040625 0.044444
1 0.474479 0.193056 0.042708 0.045370
1 0.942448 0.476852 0.054688 0.059259
1 0.966406 0.600926 0.063021 0.072222
