1 0.465885 0.679167 0.058854 0.067593
1 0.198698 0.802778 0.061979 0.098148
1 0.693750 0.181019 0.040625 0.039815
1 0.144531 0.691667 0.066146 0.105556
1 0.342969 0.423148 0.061979 0.062963
1 0.490885 0.384722 0.057813 0.041667
1 0.232292 0.857407 0.075000 0.129630
1 0.076302 0.106019 0.038021 0.047222
3 0.329688 0.812963 0.077083 0.129630
1 0.465885 0.679167 0.058854 0.067593
1 0.198698 0.802778 0.061979 0.098148
2 0.167448 0.231019 0.127604 0.163889
3 0.647917 0.450463 0.072917 0.082407
1 0.693750 0.181019 0.040625 0.039815
1 0.144531 0.691667 0.066146 0.105556
1 0.342969 0.423148 0.061979 0.062963
1 0.490885 0.384722 0.057813 0.041667
1 0.232292 0.857407 0.075000 0.129630
3 0.788281 0.563426 0.078646 0.086111
1 0.076302 0.106019 0.038021 0.047222
