1 0.802246 0.249219 0.083008 0.135937
0 0.147949 0.117188 0.020508 0.046875
1 0.267578 0.061719 0.060547 0.035937
1 0.085449 0.057813 0.028320 0.028125
1 0.619141 0.051562 0.041016 0.015625
1 1.062500 0.612500 0.134766 0.143750
1 0.802246 0.249219 0.083008 0.135937
0 0.147949 0.117188 0.020508 0.046875
1 0.267578 0.061719 0.060547 0.035937
1 0.085449 0.057813 0.028320 0.028125
1 0.619141 0.051562 0.041016 0.015625
1 1.062500 0.612500 0.134766 0.143750
2 0.166992 0.074219 0.128906 0.060937
1 0.802246 0.249219 0.083008 0.135937
0 0.147949 0.117188 0.020508 0.046875
1 0.267578 0.061719 0.060547 0.035937
1 0.085449 0.057813 0.028320 0.028125
1 0.619141 0.051562 0.041016 0.015625
1 1.062500 0.612500 0.134766 0.143750
