0 0.437240 0.014815 0.019271 0.035185
1 0.714063 0.370833 0.062500 0.063889
1 0.004167 0.066667 0.009375 0.027778
0 0.240625 0.362963 0.017708 0.031481
1 0.828385 0.004167 0.023438 0.026852
1 0.903125 0.519444 0.062500 0.072222
1 0.328385 0.260648 0.045312 0.056481
1 0.245833 0.194907 0.042708 0.054630
1 0.775781 0.554167 0.064062 0.075000
1 0.864062 0.627778 0.075000 0.083333
1 0.714063 0.423611 0.065625 0.071296
1 0.966146 0.721296 0.082292 0.085185
0 0.437240 0.014815 0.019271 0.035185
1 0.714063 0.370833 0.062500 0.063889
1 0.004167 0.066667 0.009375 0.027778
3 0.996354 0.611574 0.007292 0.041667
0 0.240625 0.362963 0.017708 0.031481
3 0.800260 0.375926 0.077604 0.081481
1 0.828385 0.004167 0.023438 0.026852
1 0.903125 0.519444 0.062500 0.072222
1 0.328385 0.260648 0.045312 0.056481
1 0.245833 0.194907 0.042708 0.054630
3 0.345052 0.324074 0.066146 0.098148
3 0.270313 0.307870 0.080208 0.126852
3 0.139583 0.188426 0.088542 0.113889
1 0.775781 0.554167 0.064062 0.075000
1 0.864062 0.627778 0.075000 0.083333
1 0.714063 0.423611 0.065625 0.071296
1 0.966146 0.721296 0.082292 0.085185
3 0.055990 0.117130 0.049479 0.065741
2 0.142187 0.129167 0.129167 0.158333
