1 0.935059 0.060156 0.047852 0.032813
1 0.799805 0.071875 0.085938 0.056250
1 0.477051 0.203125 0.110352 0.121875
1 0.136230 0.066406 0.047852 0.045312
1 0.935059 0.060156 0.047852 0.032813
1 0.799805 0.071875 0.085938 0.056250
1 0.477051 0.203125 0.110352 0.121875
1 0.136230 0.066406 0.047852 0.045312
1 0.935059 0.060156 0.047852 0.032813
1 0.799805 0.071875 0.085938 0.056250
2 0.039062 0.050000 0.041016 0.012500
3 1.020508 0.552344 0.191406 0.270313
1 0.477051 0.203125 0.110352 0.121875
1 0.136230 0.066406 0.047852 0.045312
