1 0.932617 0.060156 0.044922 0.032813
1 0.163086 0.318750 0.132812 0.140625
1 1.060547 0.616406 0.142578 0.148438
1 0.502441 0.145313 0.129883 0.090625
1 -0.066406 0.947656 0.162109 0.257812
1 -0.014160 1.137500 0.243164 0.350000
0 -0.003906 0.060156 0.013672 0.032813
1 0.932617 0.060156 0.044922 0.032813
1 0.163086 0.318750 0.132812 0.140625
1 1.060547 0.616406 0.142578 0.148438
1 0.502441 0.145313 0.129883 0.090625
1 -0.066406 0.947656 0.162109 0.257812
1 -0.014160 1.137500 0.243164 0.350000
0 -0.003906 0.060156 0.013672 0.032813
2 0.166504 0.074219 0.129883 0.060937
1 0.932617 0.060156 0.044922 0.032813
1 0.163086 0.318750 0.132812 0.140625
1 1.060547 0.616406 0.142578 0.148438
1 0.502441 0.145313 0.129883 0.090625
3 0.607422 0.822656 0.289062 0.360938
3 0.825684 0.160938 0.129883 0.118750
1 -0.066406 0.947656 0.162109 0.257812
1 -0.014160 1.137500 0.243164 0.350000
0 -0.003906 0.060156 0.013672 0.032813
