0 0.926042 0.103704 0.018750 0.027778
1 0.837760 0.442593 0.071354 0.072222
0 0.182031 0.296759 0.016146 0.039815
1 0.438281 0.146296 0.033854 0.055556
1 0.947135 0.532407 0.065104 0.074074
1 0.267708 0.192130 0.044792 0.060185
1 0.216406 0.150463 0.043229 0.050926
1 0.772656 0.527315 0.064062 0.075000
1 0.859896 0.600926 0.075000 0.083333
1 0.834375 0.500000 0.072917 0.075926
1 0.962760 0.695370 0.083854 0.088889
1 0.387240 0.072685 0.034896 0.041667
0 0.926042 0.103704 0.018750 0.027778
1 0.837760 0.442593 0.071354 0.072222
0 0.182031 0.296759 0.016146 0.039815
1 0.438281 0.146296 0.033854 0.055556
1 0.947135 0.532407 0.065104 0.074074
1 0.267708 0.192130 0.044792 0.060185
1 0.216406 0.150463 0.043229 0.050926
3 0.212240 0.187500 0.063021 0.091667
3 0.190104 0.214815 0.078125 0.118519
3 0.110417 0.150000 0.088542 0.112963
1 0.772656 0.527315 0.064062 0.075000
1 0.859896 0.600926 0.075000 0.083333
1 0.834375 0.500000 0.072917 0.075926
1 0.962760 0.695370 0.083854 0.088889
3 0.045052 0.093056 0.049479 0.065741
2 0.090365 0.066204 0.128646 0.145370
1 0.387240 0.072685 0.034896 0.041667
