1 0.932617 0.060156 0.044922 0.032813
1 0.169922 0.311719 0.130859 0.139063
1 1.053711 0.617969 0.142578 0.148438
1 0.508301 0.144531 0.129883 0.089063
1 -0.066406 0.947656 0.162109 0.257812
1 -0.014160 1.137500 0.243164 0.350000
0 -0.003906 0.060156 0.013672 0.032813
1 0.932617 0.060156 0.044922 0.032813
1 0.169922 0.311719 0.130859 0.139063
1 1.053711 0.617969 0.142578 0.148438
1 0.508301 0.144531 0.129883 0.089063
1 -0.066406 0.947656 0.162109 0.257812
1 -0.014160 1.137500 0.243164 0.350000
0 -0.003906 0.060156 0.013672 0.032813
2 0.166504 0.074219 0.129883 0.060937
1 0.932617 0.060156 0.044922 0.032813
1 0.169922 0.311719 0.130859 0.139063
1 1.053711 0.617969 0.142578 0.148438
1 0.508301 0.144531 0.129883 0.089063
3 0.599609 0.828125 0.289062 0.362500
3 0.830566 0.162500 0.129883 0.118750
1 -0.066406 0.947656 0.162109 0.257812
1 -0.014160 1.137500 0.243164 0.350000
0 -0.003906 0.060156 0.013672 0.032813
