0 0.552865 0.074074 0.019271 0.035185
1 0.826302 0.456944 0.069271 0.073148
1 0.001302 0.066204 0.009896 0.028704
0 0.194792 0.323611 0.013542 0.036111
1 0.940365 0.547222 0.064062 0.072222
1 0.272656 0.215278 0.045312 0.058333
1 0.222396 0.171759 0.040625 0.047222
1 0.775260 0.552315 0.064062 0.075000
1 0.863021 0.625926 0.075000 0.083333
1 0.830729 0.519444 0.072917 0.075926
1 0.966146 0.713889 0.082292 0.085185
0 0.552865 0.074074 0.019271 0.035185
1 0.826302 0.456944 0.069271 0.073148
1 0.001302 0.066204 0.009896 0.028704
0 0.194792 0.323611 0.013542 0.036111
3 0.908073 0.458796 0.085938 0.087963
1 0.940365 0.547222 0.064062 0.072222
1 0.272656 0.215278 0.045312 0.058333
1 0.222396 0.171759 0.040625 0.047222
3 0.231250 0.222222 0.061458 0.090741
3 0.201302 0.243519 0.076563 0.116667
3 0.118750 0.171296 0.088542 0.112963
1 0.775260 0.552315 0.064062 0.075000
1 0.863021 0.625926 0.075000 0.083333
1 0.830729 0.519444 0.072917 0.075926
1 0.966146 0.713889 0.082292 0.085185
3 0.052865 0.115278 0.049479 0.065741
2 0.116146 0.106019 0.128125 0.154630
