1 0.874740 0.623611 0.070312 0.080556
1 0.777083 0.544444 0.070833 0.074074
1 0.191667 0.108796 0.034375 0.043519
1 0.966146 0.706944 0.069792 0.091667
1 0.960938 0.849074 0.086458 0.111111
1 0.807552 0.795370 0.073438 0.098148
1 0.538281 0.458333 0.060937 0.085185
1 0.227083 0.243981 0.038542 0.050926
0 0.419792 0.585648 0.018750 0.043519
1 0.272396 0.871759 0.061458 0.113889
1 0.408854 0.339352 0.041667 0.062037
1 0.175000 0.802778 0.070833 0.111111
1 0.145833 0.227778 0.039583 0.051852
1 0.687240 0.399537 0.058854 0.065741
1 0.041146 0.134259 0.042708 0.051852
1 0.894792 0.123148 0.045833 0.035185
1 0.874740 0.623611 0.070312 0.080556
3 0.271615 0.150000 0.088021 0.107407
1 0.777083 0.544444 0.070833 0.074074
1 0.191667 0.108796 0.034375 0.043519
1 0.966146 0.706944 0.069792 0.091667
3 0.638802 0.244907 0.101562 0.123148
3 0.862240 0.378241 0.118229 0.089815
1 0.960938 0.849074 0.086458 0.111111
1 0.807552 0.795370 0.073438 0.098148
2 0.451042 0.508796 0.173958 0.237963
1 0.538281 0.458333 0.060937 0.085185
3 0.233854 0.356019 0.040625 0.108333
1 0.227083 0.243981 0.038542 0.050926
2 0.332552 0.312037 0.145313 0.177778
0 0.419792 0.585648 0.018750 0.043519
1 0.272396 0.871759 0.061458 0.113889
1 0.408854 0.339352 0.041667 0.062037
1 0.175000 0.802778 0.070833 0.111111
1 0.145833 0.227778 0.039583 0.051852
3 0.839063 0.433333 0.186458 0.194444
1 0.687240 0.399537 0.058854 0.065741
1 0.041146 0.134259 0.042708 0.051852
1 0.894792 0.123148 0.045833 0.035185
3 0.198958 1.031481 0.064583 0.074074
