1 0.932617 0.060156 0.044922 0.032813
1 0.058105 0.446094 0.137695 0.189062
1 0.513184 0.135937 0.131836 0.078125
1 0.676758 0.750781 0.203125 0.248438
1 0.820312 0.167969 0.109375 0.079687
1 -0.070312 0.957031 0.162109 0.257812
1 0.932617 0.060156 0.044922 0.032813
1 0.058105 0.446094 0.137695 0.189062
1 0.513184 0.135937 0.131836 0.078125
1 0.676758 0.750781 0.203125 0.248438
1 0.820312 0.167969 0.109375 0.079687
1 -0.070312 0.957031 0.162109 0.257812
2 0.166504 0.074219 0.129883 0.060937
1 0.932617 0.060156 0.044922 0.032813
1 0.058105 0.446094 0.137695 0.189062
1 0.513184 0.135937 0.131836 0.078125
1 0.676758 0.750781 0.203125 0.248438
1 0.820312 0.167969 0.109375 0.079687
1 -0.070312 0.957031 0.162109 0.257812
