1 0.874740 0.633796 0.068229 0.082407
1 0.777344 0.555556 0.071354 0.075926
1 0.195312 0.115278 0.034375 0.043519
1 0.965625 0.717130 0.069792 0.091667
1 0.441667 0.383333 0.053125 0.066667
1 0.405208 0.410648 0.052083 0.062037
1 0.303385 0.257407 0.047396 0.066667
1 0.116927 0.149537 0.034896 0.045370
0 0.278125 0.430093 0.015625 0.034259
1 0.275000 0.878704 0.061458 0.112963
1 0.470313 0.221296 0.050000 0.050000
1 0.224479 0.178241 0.020833 0.019444
1 0.178125 0.809722 0.070833 0.110185
1 0.048177 0.143056 0.036979 0.047222
