1 0.142708 0.200926 0.036458 0.053704
1 0.288802 0.867130 0.060937 0.110185
1 0.225781 0.960648 0.073438 0.080556
0 0.530729 0.718056 0.023958 0.047222
1 0.194792 0.185185 0.041667 0.051852
1 0.709375 0.164352 0.041667 0.039815
1 0.315885 0.071759 0.035937 0.039815
1 0.780990 0.550463 0.064062 0.075000
1 0.868750 0.625000 0.075000 0.083333
1 0.971354 0.717593 0.082292 0.085185
1 0.142708 0.200926 0.036458 0.053704
3 0.569271 0.252315 0.068750 0.078704
1 0.288802 0.867130 0.060937 0.110185
1 0.225781 0.960648 0.073438 0.080556
0 0.530729 0.718056 0.023958 0.047222
3 0.268490 -0.007870 0.046354 0.054630
1 0.194792 0.185185 0.041667 0.051852
1 0.709375 0.164352 0.041667 0.039815
1 0.315885 0.071759 0.035937 0.039815
3 0.449479 0.509259 0.120833 0.166667
1 0.780990 0.550463 0.064062 0.075000
1 0.868750 0.625000 0.075000 0.083333
1 0.971354 0.717593 0.082292 0.085185
3 0.243229 0.288426 0.055208 0.076852
2 0.543750 0.503241 0.201042 0.252778
