1 0.612240 0.729630 0.068229 0.088889
1 0.414583 0.668519 0.068750 0.081481
1 0.174479 0.788889 0.069792 0.111111
1 0.089323 0.943056 0.073438 0.115741
1 0.155469 0.613426 0.073438 0.106481
1 0.327344 0.413426 0.068229 0.078704
1 0.777344 0.468519 0.053646 0.042593
1 0.816927 0.409722 0.049479 0.054630
1 0.619531 0.143981 0.045312 0.036111
1 0.679688 0.138426 0.035417 0.037963
1 0.731510 0.205556 0.036979 0.038889
3 0.913542 0.916667 0.108333 0.153704
1 0.612240 0.729630 0.068229 0.088889
1 0.414583 0.668519 0.068750 0.081481
1 0.174479 0.788889 0.069792 0.111111
1 0.089323 0.943056 0.073438 0.115741
1 0.155469 0.613426 0.073438 0.106481
1 0.327344 0.413426 0.068229 0.078704
3 0.877865 0.611111 0.244271 0.283333
1 0.777344 0.468519 0.053646 0.042593
1 0.816927 0.409722 0.049479 0.054630
1 0.619531 0.143981 0.045312 0.036111
1 0.679688 0.138426 0.035417 0.037963
1 0.731510 0.205556 0.036979 0.038889
3 0.880990 0.150463 0.094271 0.076852
