1 0.875521 0.626852 0.069792 0.081481
1 0.777344 0.547222 0.070312 0.075926
1 0.193229 0.111574 0.034375 0.043519
1 0.966667 0.708796 0.069792 0.091667
1 0.614844 0.529630 0.061979 0.077778
1 0.555990 0.551852 0.059896 0.072222
1 0.387760 0.327778 0.054688 0.074074
1 0.165104 0.187500 0.035417 0.047222
0 0.338281 0.493519 0.015104 0.033333
1 0.273958 0.873611 0.061458 0.113889
1 0.311198 0.091667 0.041146 0.038889
1 0.293490 0.230556 0.028646 0.025926
1 0.176563 0.803704 0.070833 0.111111
1 0.088802 0.175926 0.036979 0.048148
1 0.990365 0.640278 0.071354 0.084259
1 0.875521 0.626852 0.069792 0.081481
3 0.273698 0.151389 0.088021 0.108333
1 0.777344 0.547222 0.070312 0.075926
1 0.193229 0.111574 0.034375 0.043519
1 0.966667 0.708796 0.069792 0.091667
3 0.723698 0.307407 0.107813 0.133333
3 0.917969 0.429167 0.136979 0.110185
1 0.614844 0.529630 0.061979 0.077778
1 0.555990 0.551852 0.059896 0.072222
2 0.340885 0.396296 0.159896 0.203704
1 0.387760 0.327778 0.054688 0.074074
3 0.183854 0.259722 0.058333 0.086111
1 0.165104 0.187500 0.035417 0.047222
2 0.267188 0.251852 0.135417 0.155556
0 0.338281 0.493519 0.015104 0.033333
1 0.273958 0.873611 0.061458 0.113889
1 0.311198 0.091667 0.041146 0.038889
1 0.293490 0.230556 0.028646 0.025926
1 0.176563 0.803704 0.070833 0.111111
1 0.088802 0.175926 0.036979 0.048148
3 0.955729 0.520370 0.198958 0.207407
1 0.990365 0.640278 0.071354 0.084259
