1 0.874740 0.623611 0.070312 0.080556
1 0.777083 0.544444 0.070833 0.074074
1 0.191667 0.108796 0.034375 0.043519
1 0.966146 0.706944 0.069792 0.091667
1 0.925260 0.814352 0.083854 0.106481
1 0.783073 0.771759 0.072396 0.095370
1 0.522396 0.444444 0.060417 0.083333
1 0.222656 0.239352 0.038021 0.050926
0 0.411719 0.575926 0.018229 0.040741
1 0.272917 0.871759 0.061458 0.113889
1 0.397656 0.328704 0.040104 0.061111
1 0.175521 0.802778 0.070833 0.111111
1 0.140625 0.223148 0.039583 0.051852
1 0.709115 0.417130 0.058854 0.067593
1 0.035417 0.129630 0.042708 0.051852
1 0.906250 0.125926 0.045833 0.035185
1 0.874740 0.623611 0.070312 0.080556
3 0.272135 0.150000 0.088021 0.107407
1 0.777083 0.544444 0.070833 0.074074
1 0.191667 0.108796 0.034375 0.043519
1 0.966146 0.706944 0.069792 0.091667
3 0.645573 0.248611 0.102604 0.125000
3 0.867448 0.382870 0.120313 0.091667
1 0.925260 0.814352 0.083854 0.106481
1 0.783073 0.771759 0.072396 0.095370
2 0.440625 0.498611 0.172917 0.236111
1 0.522396 0.444444 0.060417 0.083333
3 0.231771 0.343981 0.042708 0.106481
1 0.222656 0.239352 0.038021 0.050926
2 0.326823 0.305093 0.144271 0.171296
0 0.411719 0.575926 0.018229 0.040741
1 0.272917 0.871759 0.061458 0.113889
1 0.397656 0.328704 0.040104 0.061111
1 0.175521 0.802778 0.070833 0.111111
1 0.140625 0.223148 0.039583 0.051852
3 0.848698 0.441204 0.188021 0.199074
1 0.709115 0.417130 0.058854 0.067593
1 0.035417 0.129630 0.042708 0.051852
1 0.906250 0.125926 0.045833 0.035185
