1 0.841406 0.445370 0.072396 0.072222
0 0.181510 0.295833 0.016146 0.039815
1 0.374740 0.710648 0.068229 0.091667
1 0.278906 0.605556 0.069271 0.103704
1 0.414323 0.157870 0.033854 0.052778
1 0.266667 0.194444 0.044792 0.061111
1 0.214062 0.151389 0.042708 0.050926
1 0.772656 0.527778 0.064062 0.074074
1 0.860417 0.600000 0.075000 0.083333
1 0.834375 0.500926 0.072917 0.077778
1 0.963802 0.692593 0.083854 0.088889
1 0.410156 0.415741 0.046354 0.070370
1 0.841406 0.445370 0.072396 0.072222
0 0.181510 0.295833 0.016146 0.039815
1 0.374740 0.710648 0.068229 0.091667
1 0.278906 0.605556 0.069271 0.103704
1 0.414323 0.157870 0.033854 0.052778
1 0.266667 0.194444 0.044792 0.061111
1 0.214062 0.151389 0.042708 0.050926
3 0.209635 0.187500 0.061979 0.089815
3 0.189323 0.216667 0.077604 0.116667
3 0.109896 0.149537 0.089583 0.113889
1 0.772656 0.527778 0.064062 0.074074
1 0.860417 0.600000 0.075000 0.083333
1 0.834375 0.500926 0.072917 0.077778
1 0.963802 0.692593 0.083854 0.088889
3 0.043490 0.095833 0.049479 0.065741
2 0.058333 0.057870 0.127083 0.125000
3 0.295312 0.032407 0.059375 0.066667
1 0.410156 0.415741 0.046354 0.070370
