0 0.476823 0.034259 0.019271 0.035185
1 0.763281 0.409722 0.065104 0.065741
1 0.004687 0.068519 0.009375 0.027778
0 0.222917 0.345833 0.017708 0.034259
1 0.931510 0.542593 0.064062 0.072222
1 0.297135 0.234722 0.045312 0.056481
1 0.232292 0.183796 0.041667 0.054630
1 0.775260 0.554167 0.064062 0.075000
1 0.863021 0.627778 0.075000 0.083333
1 0.767969 0.468981 0.067187 0.073148
1 0.966146 0.721296 0.082292 0.085185
0 0.476823 0.034259 0.019271 0.035185
1 0.763281 0.409722 0.065104 0.065741
1 0.004687 0.068519 0.009375 0.027778
3 0.996354 0.611574 0.007292 0.041667
0 0.222917 0.345833 0.017708 0.034259
3 0.836719 0.406019 0.079687 0.084259
1 0.931510 0.542593 0.064062 0.072222
1 0.297135 0.234722 0.045312 0.056481
1 0.232292 0.183796 0.041667 0.054630
3 0.297917 0.281481 0.064583 0.094444
3 0.239844 0.280556 0.077604 0.122222
3 0.127604 0.178704 0.088542 0.112963
1 0.775260 0.554167 0.064062 0.075000
1 0.863021 0.627778 0.075000 0.083333
1 0.767969 0.468981 0.067187 0.073148
1 0.966146 0.721296 0.082292 0.085185
3 0.055469 0.118056 0.049479 0.065741
2 0.129427 0.120833 0.127604 0.154630
