1 0.201302 0.754167 0.060937 0.095370
1 0.678646 0.158333 0.040625 0.038889
1 0.783594 0.542593 0.070312 0.075926
0 0.144271 0.268981 0.014583 0.032407
1 0.067448 0.989352 0.040104 0.023148
1 0.321875 0.656019 0.066667 0.104630
1 0.241406 0.241667 0.044271 0.055556
0 0.558594 0.068056 0.017188 0.026852
1 0.260677 0.206481 0.044271 0.053704
0 0.560417 0.750000 0.031250 0.046296
1 0.962500 0.697222 0.076042 0.088889
3 0.946354 0.474074 0.108333 0.157407
1 0.201302 0.754167 0.060937 0.095370
2 0.156250 0.203704 0.129167 0.161111
1 0.678646 0.158333 0.040625 0.038889
1 0.783594 0.542593 0.070312 0.075926
0 0.144271 0.268981 0.014583 0.032407
1 0.067448 0.989352 0.040104 0.023148
1 0.321875 0.656019 0.066667 0.104630
1 0.241406 0.241667 0.044271 0.055556
0 0.558594 0.068056 0.017188 0.026852
1 0.260677 0.206481 0.044271 0.053704
0 0.560417 0.750000 0.031250 0.046296
1 0.962500 0.697222 0.076042 0.088889
