1 0.801758 0.064062 0.052734 0.040625
1 0.624512 0.122656 0.067383 0.082812
1 0.982910 0.118750 0.041992 0.050000
0 0.147949 0.117188 0.020508 0.046875
1 0.267578 0.061719 0.060547 0.035937
1 0.030762 0.050000 0.018555 0.012500
1 0.119629 0.705469 0.196289 0.270313
1 0.801758 0.064062 0.052734 0.040625
1 0.624512 0.122656 0.067383 0.082812
1 0.982910 0.118750 0.041992 0.050000
0 0.147949 0.117188 0.020508 0.046875
1 0.267578 0.061719 0.060547 0.035937
1 0.030762 0.050000 0.018555 0.012500
1 0.119629 0.705469 0.196289 0.270313
