1 0.869792 0.615741 0.069792 0.079630
1 0.772396 0.537037 0.069792 0.074074
1 0.184896 0.106019 0.034375 0.043519
1 0.963802 0.697222 0.075521 0.090741
1 0.268229 0.868981 0.061458 0.113889
1 0.172396 0.798611 0.070833 0.112037
1 0.622917 0.126852 0.042708 0.035185
1 0.763802 0.737500 0.077604 0.104630
1 0.710156 0.115278 0.034896 0.036111
1 0.279687 0.102315 0.033333 0.034259
1 0.604948 0.245833 0.051562 0.047222
1 0.482292 0.213426 0.040625 0.043519
1 0.620573 0.345833 0.053646 0.054630
1 0.995833 0.519907 0.068750 0.069444
1 0.869792 0.615741 0.069792 0.079630
3 0.265885 0.147222 0.088021 0.105556
1 0.772396 0.537037 0.069792 0.074074
1 0.184896 0.106019 0.034375 0.043519
1 0.963802 0.697222 0.075521 0.090741
3 0.903906 0.132407 0.098437 0.074074
1 0.268229 0.868981 0.061458 0.113889
1 0.172396 0.798611 0.070833 0.112037
1 0.622917 0.126852 0.042708 0.035185
3 0.213281 0.981019 0.068229 0.073148
1 0.763802 0.737500 0.077604 0.104630
3 0.427604 0.106481 0.089583 0.101852
1 0.710156 0.115278 0.034896 0.036111
1 0.279687 0.102315 0.033333 0.034259
1 0.604948 0.245833 0.051562 0.047222
1 0.482292 0.213426 0.040625 0.043519
1 0.620573 0.345833 0.053646 0.054630
1 0.995833 0.519907 0.068750 0.069444
