1 0.937500 0.061719 0.044922 0.035937
1 0.300293 0.057031 0.069336 0.026562
1 0.164551 0.071094 0.047852 0.054688
1 0.042480 0.051562 0.026367 0.015625
1 0.937500 0.061719 0.044922 0.035937
1 0.300293 0.057031 0.069336 0.026562
1 0.164551 0.071094 0.047852 0.054688
1 0.042480 0.051562 0.026367 0.015625
1 0.937500 0.061719 0.044922 0.035937
1 0.300293 0.057031 0.069336 0.026562
3 0.880859 0.448437 0.384766 0.450000
3 0.310059 0.105469 0.102539 0.104688
1 0.164551 0.071094 0.047852 0.054688
2 1.125488 0.457031 0.491211 0.535937
1 0.042480 0.051562 0.026367 0.015625
