1 0.840365 0.449074 0.072396 0.072222
0 0.180990 0.296759 0.016146 0.039815
1 0.523698 0.669444 0.066146 0.064815
1 0.385156 0.444907 0.055729 0.084259
1 0.330990 0.077315 0.038021 0.041667
1 0.266667 0.197222 0.044792 0.061111
1 0.214583 0.154167 0.042708 0.050926
1 0.772656 0.531481 0.064062 0.074074
1 0.859375 0.603704 0.075000 0.083333
1 0.832812 0.503704 0.072917 0.077778
1 0.963281 0.696296 0.083854 0.088889
1 0.457813 0.300463 0.032292 0.060185
1 0.840365 0.449074 0.072396 0.072222
0 0.180990 0.296759 0.016146 0.039815
1 0.523698 0.669444 0.066146 0.064815
1 0.385156 0.444907 0.055729 0.084259
1 0.330990 0.077315 0.038021 0.041667
1 0.266667 0.197222 0.044792 0.061111
1 0.214583 0.154167 0.042708 0.050926
3 0.209635 0.190278 0.061979 0.089815
3 0.189323 0.219907 0.077604 0.115741
3 0.109896 0.151389 0.089583 0.113889
1 0.772656 0.531481 0.064062 0.074074
1 0.859375 0.603704 0.075000 0.083333
1 0.832812 0.503704 0.072917 0.077778
1 0.963281 0.696296 0.083854 0.088889
3 0.043490 0.097685 0.049479 0.065741
2 0.070833 0.062500 0.123958 0.126852
1 0.457813 0.300463 0.032292 0.060185
