1 0.220573 0.503241 0.063021 0.087963
1 0.465365 0.373148 0.052604 0.050000
1 0.611979 0.427778 0.064583 0.059259
1 0.777865 0.474074 0.053646 0.061111
1 0.816667 0.405556 0.050000 0.055556
1 0.775781 0.549074 0.076563 0.079630
1 0.621094 0.141204 0.043229 0.037963
1 0.680990 0.137037 0.035937 0.037037
1 0.424219 0.282870 0.043229 0.045370
1 0.469271 0.650000 0.061458 0.062963
1 0.180469 0.785185 0.070312 0.109259
1 0.867708 0.541667 0.056250 0.066667
1 0.197396 1.035185 0.067708 0.098148
1 0.044792 1.024537 0.062500 0.058333
