1 0.874219 0.637963 0.069271 0.079630
1 0.777604 0.557407 0.070833 0.075926
1 0.196354 0.117130 0.034375 0.043519
1 0.965625 0.720833 0.069792 0.091667
1 0.381510 0.333333 0.050521 0.062963
1 0.354427 0.364815 0.049479 0.061111
1 0.268750 0.228704 0.046875 0.064815
1 0.102865 0.138426 0.034896 0.043519
0 0.255208 0.404167 0.014583 0.034259
1 0.275521 0.881944 0.061458 0.112037
1 0.547656 0.287963 0.053646 0.051852
1 0.198958 0.160648 0.020833 0.019444
1 0.179167 0.812500 0.070833 0.110185
1 0.035677 0.132870 0.035937 0.045370
1 0.874219 0.637963 0.069271 0.079630
3 0.275260 0.160648 0.088021 0.108333
1 0.777604 0.557407 0.070833 0.075926
1 0.196354 0.117130 0.034375 0.043519
1 0.965625 0.720833 0.069792 0.091667
3 0.806250 0.376852 0.117708 0.146296
3 0.998437 0.500463 0.141667 0.117593
1 0.381510 0.333333 0.050521 0.062963
1 0.354427 0.364815 0.049479 0.061111
2 0.228646 0.297222 0.141667 0.174074
1 0.268750 0.228704 0.046875 0.064815
3 0.102083 0.188426 0.055208 0.076852
1 0.102865 0.138426 0.034896 0.043519
2 0.189323 0.193056 0.119271 0.139815
0 0.255208 0.404167 0.014583 0.034259
1 0.275521 0.881944 0.061458 0.112037
1 0.547656 0.287963 0.053646 0.051852
1 0.198958 0.160648 0.020833 0.019444
1 0.179167 0.812500 0.070833 0.110185
1 0.035677 0.132870 0.035937 0.045370
3 1.073958 0.621296 0.203125 0.209259
