1 -0.022135 0.920833 0.085938 0.145370
1 0.244010 0.498611 0.058854 0.086111
1 0.411458 0.404630 0.063542 0.055556
1 0.573438 0.406481 0.065625 0.066667
1 0.778646 0.476852 0.054167 0.061111
1 0.863021 0.530556 0.057292 0.050000
1 0.817708 0.406481 0.048958 0.057407
1 0.599740 0.279630 0.042188 0.040741
1 0.680729 0.137963 0.038542 0.037037
1 0.621354 0.141667 0.042708 0.038889
1 0.697917 0.720833 0.066667 0.080556
1 0.177344 0.790278 0.070312 0.110185
1 0.360156 0.717593 0.061979 0.092593
1 0.092188 0.943519 0.073958 0.114815
1 0.214844 1.010648 0.073438 0.136111
1 -0.022135 0.920833 0.085938 0.145370
1 0.244010 0.498611 0.058854 0.086111
1 0.411458 0.404630 0.063542 0.055556
1 0.573438 0.406481 0.065625 0.066667
1 0.778646 0.476852 0.054167 0.061111
1 0.863021 0.530556 0.057292 0.050000
1 0.817708 0.406481 0.048958 0.057407
3 0.722656 0.191667 0.085938 0.105556
1 0.599740 0.279630 0.042188 0.040741
1 0.680729 0.137963 0.038542 0.037037
1 0.621354 0.141667 0.042708 0.038889
1 0.697917 0.720833 0.066667 0.080556
3 0.542448 0.638889 0.082812 0.074074
1 0.177344 0.790278 0.070312 0.110185
1 0.360156 0.717593 0.061979 0.092593
1 0.092188 0.943519 0.073958 0.114815
3 0.949219 0.675000 0.209896 0.272222
1 0.214844 1.010648 0.073438 0.136111
