1 0.498437 0.364352 0.059375 0.049074
1 0.686198 0.467130 0.057813 0.065741
1 0.776563 0.462963 0.053125 0.062963
1 0.816146 0.393519 0.048958 0.055556
1 0.825000 0.576389 0.076042 0.080556
1 0.999740 0.168519 0.050521 0.038889
1 0.620313 0.127315 0.043750 0.036111
1 0.679167 0.125000 0.035417 0.037037
1 0.266146 0.171296 0.036458 0.038889
1 0.180208 0.773611 0.069792 0.110185
1 0.280990 0.829630 0.060937 0.109259
1 1.014583 0.739352 0.058333 0.097222
1 0.498437 0.364352 0.059375 0.049074
1 0.686198 0.467130 0.057813 0.065741
1 0.776563 0.462963 0.053125 0.062963
1 0.816146 0.393519 0.048958 0.055556
1 0.825000 0.576389 0.076042 0.080556
1 0.999740 0.168519 0.050521 0.038889
1 0.620313 0.127315 0.043750 0.036111
1 0.679167 0.125000 0.035417 0.037037
3 0.399479 0.248611 0.098958 0.117593
1 0.266146 0.171296 0.036458 0.038889
1 0.180208 0.773611 0.069792 0.110185
1 0.280990 0.829630 0.060937 0.109259
3 0.208073 0.973148 0.088021 0.105556
1 1.014583 0.739352 0.058333 0.097222
