1 0.867676 0.757812 0.200195 0.218750
1 0.645996 0.118750 0.061523 0.084375
0 0.153809 0.126562 0.020508 0.062500
1 0.043945 0.053906 0.023438 0.020313
1 0.445801 0.330469 0.163086 0.164062
1 0.867676 0.757812 0.200195 0.218750
1 0.645996 0.118750 0.061523 0.084375
0 0.153809 0.126562 0.020508 0.062500
1 0.043945 0.053906 0.023438 0.020313
1 0.445801 0.330469 0.163086 0.164062
1 0.867676 0.757812 0.200195 0.218750
1 0.645996 0.118750 0.061523 0.084375
3 0.194824 0.078125 0.090820 0.068750
3 0.248047 0.057813 0.041016 0.028125
0 0.153809 0.126562 0.020508 0.062500
3 0.116211 0.066406 0.068359 0.045312
3 0.069336 0.055469 0.027344 0.023438
1 0.043945 0.053906 0.023438 0.020313
1 0.445801 0.330469 0.163086 0.164062
