1 0.800781 0.064844 0.052734 0.042188
1 0.625488 0.121875 0.067383 0.081250
1 0.984863 0.118750 0.041992 0.050000
0 0.147949 0.117188 0.020508 0.046875
1 0.267578 0.061719 0.060547 0.035937
1 0.030762 0.050000 0.018555 0.012500
1 0.125488 0.700781 0.196289 0.270313
1 0.800781 0.064844 0.052734 0.042188
1 0.625488 0.121875 0.067383 0.081250
1 0.984863 0.118750 0.041992 0.050000
0 0.147949 0.117188 0.020508 0.046875
1 0.267578 0.061719 0.060547 0.035937
1 0.030762 0.050000 0.018555 0.012500
1 0.125488 0.700781 0.196289 0.270313
