1 0.932617 0.060156 0.044922 0.032813
1 -0.066406 0.946094 0.162109 0.257812
1 -0.013184 1.131250 0.243164 0.350000
0 0.083984 0.082031 0.017578 0.035937
1 0.263184 0.059375 0.051758 0.031250
0 0.799316 0.820312 0.096680 0.106250
1 0.932617 0.060156 0.044922 0.032813
1 -0.066406 0.946094 0.162109 0.257812
1 -0.013184 1.131250 0.243164 0.350000
0 0.083984 0.082031 0.017578 0.035937
1 0.263184 0.059375 0.051758 0.031250
0 0.799316 0.820312 0.096680 0.106250
2 0.166504 0.074219 0.129883 0.060937
1 0.932617 0.060156 0.044922 0.032813
1 -0.066406 0.946094 0.162109 0.257812
1 -0.013184 1.131250 0.243164 0.350000
0 0.083984 0.082031 0.017578 0.035937
1 0.263184 0.059375 0.051758 0.031250
0 0.799316 0.820312 0.096680 0.106250
