1 0.856771 0.588426 0.069792 0.078704
1 0.723958 0.482870 0.068750 0.069444
1 0.182292 0.094907 0.034375 0.043519
1 0.967448 0.683333 0.075521 0.090741
1 0.265625 0.859722 0.061458 0.113889
1 0.175260 0.775463 0.070312 0.112037
1 0.622396 0.114815 0.042708 0.035185
1 0.682552 0.110185 0.035937 0.037037
1 0.772656 0.152778 0.042188 0.040741
1 0.179688 -0.010648 0.036458 0.036111
1 0.243490 0.041667 0.036979 0.037037
1 0.847656 0.401852 0.050521 0.055556
1 0.840885 0.497222 0.056771 0.064815
1 0.856771 0.588426 0.069792 0.078704
3 0.286719 0.152778 0.088021 0.105556
1 0.723958 0.482870 0.068750 0.069444
1 0.182292 0.094907 0.034375 0.043519
1 0.967448 0.683333 0.075521 0.090741
1 0.265625 0.859722 0.061458 0.113889
1 0.175260 0.775463 0.070312 0.112037
1 0.622396 0.114815 0.042708 0.035185
3 0.207552 0.972222 0.072396 0.074074
1 0.682552 0.110185 0.035937 0.037037
1 0.772656 0.152778 0.042188 0.040741
1 0.179688 -0.010648 0.036458 0.036111
1 0.243490 0.041667 0.036979 0.037037
1 0.847656 0.401852 0.050521 0.055556
1 0.840885 0.497222 0.056771 0.064815
