1 0.871615 0.620370 0.070312 0.081481
1 0.773698 0.542130 0.070312 0.075000
1 0.188021 0.106019 0.034375 0.043519
1 0.964323 0.701852 0.072396 0.090741
1 0.482552 0.481481 0.047396 0.064815
0 0.703385 0.952315 0.021354 0.045370
1 0.268750 0.870833 0.061458 0.113889
1 0.171354 0.801852 0.070833 0.111111
1 0.408073 0.485185 0.050521 0.068519
1 0.149219 0.012963 0.039062 0.037037
1 0.217969 0.348611 0.034896 0.075000
1 0.654687 0.123611 0.043750 0.034259
1 0.144271 0.173148 0.043750 0.053704
1 0.492448 0.259722 0.045312 0.049074
