1 0.443490 0.171759 0.026562 0.045370
1 0.969010 0.702778 0.067187 0.092593
1 0.515885 0.300926 0.034896 0.064815
1 0.782552 0.538889 0.071354 0.075926
0 0.172656 0.292130 0.014063 0.036111
1 0.371094 0.472685 0.052604 0.078704
1 0.889323 0.158333 0.050521 0.038889
1 0.239323 0.234259 0.044271 0.055556
1 0.335156 0.738426 0.055729 0.093519
1 0.269792 0.212037 0.044792 0.055556
1 0.880729 0.620370 0.070833 0.081481
1 0.007812 0.025000 0.017708 0.038889
3 0.884896 0.414352 0.123958 0.149074
2 0.114323 0.101852 0.114062 0.131481
1 0.443490 0.171759 0.026562 0.045370
2 0.153646 0.198611 0.130208 0.162037
1 0.969010 0.702778 0.067187 0.092593
1 0.515885 0.300926 0.034896 0.064815
1 0.782552 0.538889 0.071354 0.075926
0 0.172656 0.292130 0.014063 0.036111
1 0.371094 0.472685 0.052604 0.078704
1 0.889323 0.158333 0.050521 0.038889
3 0.181250 0.064815 0.079167 0.094444
1 0.239323 0.234259 0.044271 0.055556
1 0.335156 0.738426 0.055729 0.093519
1 0.269792 0.212037 0.044792 0.055556
3 0.022656 0.087500 0.046354 0.073148
1 0.880729 0.620370 0.070833 0.081481
1 0.007812 0.025000 0.017708 0.038889
