0 0.248535 0.164844 0.028320 0.076563
1 0.044922 0.053906 0.023438 0.020313
1 0.958496 0.146875 0.086914 0.053125
1 0.450684 0.064844 0.055664 0.042188
1 0.968750 0.199219 0.062500 0.085938
0 0.248535 0.164844 0.028320 0.076563
1 0.044922 0.053906 0.023438 0.020313
1 0.958496 0.146875 0.086914 0.053125
1 0.450684 0.064844 0.055664 0.042188
1 0.968750 0.199219 0.062500 0.085938
3 0.344238 0.111719 0.149414 0.135937
3 0.549805 0.128906 0.164062 0.170313
0 0.248535 0.164844 0.028320 0.076563
3 0.154297 0.070312 0.099609 0.053125
3 0.075195 0.056250 0.039062 0.025000
1 0.044922 0.053906 0.023438 0.020313
1 0.958496 0.146875 0.086914 0.053125
2 0.215332 0.053125 0.034180 0.018750
1 0.450684 0.064844 0.055664 0.042188
1 0.968750 0.199219 0.062500 0.085938
