1 0.875260 0.637500 0.069271 0.080556
1 0.778646 0.555093 0.069792 0.076852
1 0.197917 0.115278 0.034375 0.043519
1 0.966927 0.720833 0.069271 0.091667
1 0.291406 0.255556 0.045312 0.057407
1 0.273177 0.289815 0.045312 0.057407
1 0.222656 0.187037 0.042188 0.061111
1 0.087500 0.129167 0.019792 0.045370
0 0.213802 0.355556 0.014063 0.033333
1 0.274479 0.880093 0.062500 0.112037
1 0.691927 0.403704 0.061979 0.064815
1 0.168229 0.133796 0.020833 0.019444
1 0.178646 0.810648 0.070833 0.110185
1 0.020573 0.118981 0.035937 0.045370
1 0.875260 0.637500 0.069271 0.080556
3 0.276302 0.159722 0.088021 0.108333
1 0.778646 0.555093 0.069792 0.076852
1 0.197917 0.115278 0.034375 0.043519
1 0.966927 0.720833 0.069271 0.091667
3 0.856510 0.413426 0.122396 0.152778
3 1.032292 0.524537 0.141667 0.117593
1 0.291406 0.255556 0.045312 0.057407
1 0.273177 0.289815 0.045312 0.057407
2 0.179427 0.250000 0.133854 0.162963
1 0.222656 0.187037 0.042188 0.061111
3 0.070312 0.157870 0.053125 0.075000
1 0.087500 0.129167 0.019792 0.045370
2 0.158073 0.163889 0.116146 0.133333
0 0.213802 0.355556 0.014063 0.033333
1 0.274479 0.880093 0.062500 0.112037
1 0.691927 0.403704 0.061979 0.064815
1 0.168229 0.133796 0.020833 0.019444
1 0.178646 0.810648 0.070833 0.110185
1 0.020573 0.118981 0.035937 0.045370
