1 0.873437 0.607407 0.070833 0.081481
1 0.772135 0.525463 0.071354 0.076852
1 0.183854 0.099537 0.034375 0.043519
1 0.967969 0.688889 0.075521 0.090741
1 0.267708 0.864352 0.061458 0.113889
1 0.176042 0.783796 0.070833 0.112037
1 0.622396 0.119444 0.042708 0.035185
1 0.683594 0.113889 0.035937 0.037037
1 0.732292 0.200000 0.026042 0.051852
1 0.312500 0.079630 0.039583 0.042593
1 0.402083 0.142593 0.039583 0.042593
1 0.909635 0.450463 0.052604 0.058333
1 0.920312 0.562500 0.060417 0.069444
1 0.873437 0.607407 0.070833 0.081481
3 0.267448 0.141667 0.088021 0.105556
1 0.772135 0.525463 0.071354 0.076852
1 0.183854 0.099537 0.034375 0.043519
1 0.967969 0.688889 0.075521 0.090741
1 0.267708 0.864352 0.061458 0.113889
1 0.176042 0.783796 0.070833 0.112037
1 0.622396 0.119444 0.042708 0.035185
3 0.211458 0.975463 0.070833 0.073148
1 0.683594 0.113889 0.035937 0.037037
1 0.732292 0.200000 0.026042 0.051852
1 0.312500 0.079630 0.039583 0.042593
1 0.402083 0.142593 0.039583 0.042593
1 0.909635 0.450463 0.052604 0.058333
1 0.920312 0.562500 0.060417 0.069444
