1 0.871615 0.620370 0.070312 0.081481
1 0.773698 0.542130 0.070312 0.075000
1 0.188542 0.106019 0.034375 0.043519
1 0.964323 0.701852 0.072396 0.090741
1 0.437240 0.437963 0.046354 0.062963
0 0.662760 0.888426 0.019271 0.045370
1 0.269792 0.870833 0.061458 0.113889
1 0.939583 0.836111 0.079167 0.103704
1 0.171875 0.801852 0.070833 0.111111
1 0.365885 0.441667 0.048438 0.066667
1 0.205469 0.052778 0.039062 0.040741
1 0.206771 0.309259 0.041667 0.066667
1 0.671875 0.118056 0.043750 0.036111
1 0.116667 0.151389 0.043750 0.052778
1 0.573698 0.317130 0.049479 0.054630
1 0.871615 0.620370 0.070312 0.081481
3 0.268490 0.149074 0.088021 0.107407
1 0.773698 0.542130 0.070312 0.075000
1 0.188542 0.106019 0.034375 0.043519
1 0.964323 0.701852 0.072396 0.090741
3 0.428385 0.102778 0.081771 0.101852
3 0.743750 0.298148 0.104167 0.140741
2 0.763542 0.868056 0.256250 0.371296
1 0.437240 0.437963 0.046354 0.062963
2 0.610156 0.572222 0.198437 0.246296
0 0.662760 0.888426 0.019271 0.045370
1 0.269792 0.870833 0.061458 0.113889
1 0.939583 0.836111 0.079167 0.103704
1 0.171875 0.801852 0.070833 0.111111
1 0.365885 0.441667 0.048438 0.066667
3 0.534375 0.219444 0.135417 0.151852
1 0.205469 0.052778 0.039062 0.040741
1 0.206771 0.309259 0.041667 0.066667
1 0.671875 0.118056 0.043750 0.036111
3 0.214583 0.981481 0.066667 0.072222
1 0.116667 0.151389 0.043750 0.052778
3 0.933073 0.455093 0.155729 0.152778
1 0.573698 0.317130 0.049479 0.054630
