1 0.800781 0.804630 0.065104 0.092593
1 0.197917 0.791667 0.060417 0.096296
1 0.691406 0.171759 0.041146 0.039815
1 0.868750 0.632407 0.076042 0.085185
1 0.057031 0.823611 0.080729 0.134259
1 0.211719 0.592130 0.059896 0.093519
1 0.233594 0.839815 0.072396 0.127778
1 0.189844 0.199074 0.043229 0.044444
0 0.916406 0.123148 0.023438 0.029630
1 0.049219 0.035648 0.036979 0.045370
0 0.276562 0.981481 0.023958 0.038889
3 0.557552 0.658333 0.077604 0.072222
1 0.800781 0.804630 0.065104 0.092593
1 0.197917 0.791667 0.060417 0.096296
2 0.164323 0.221759 0.127604 0.162037
3 0.370052 0.402778 0.072396 0.081481
1 0.691406 0.171759 0.041146 0.039815
1 0.868750 0.632407 0.076042 0.085185
1 0.057031 0.823611 0.080729 0.134259
1 0.211719 0.592130 0.059896 0.093519
1 0.233594 0.839815 0.072396 0.127778
3 0.500521 0.385185 0.064583 0.061111
1 0.189844 0.199074 0.043229 0.044444
0 0.916406 0.123148 0.023438 0.029630
1 0.049219 0.035648 0.036979 0.045370
0 0.276562 0.981481 0.023958 0.038889
