0 0.309570 0.207031 0.033203 0.085938
1 0.047852 0.053906 0.023438 0.020313
1 0.649902 0.130469 0.114258 0.101562
1 0.765625 0.077344 0.097656 0.067187
1 0.411133 0.059375 0.078125 0.031250
0 0.309570 0.207031 0.033203 0.085938
1 0.047852 0.053906 0.023438 0.020313
1 0.649902 0.130469 0.114258 0.101562
1 0.765625 0.077344 0.097656 0.067187
1 0.411133 0.059375 0.078125 0.031250
3 0.958984 0.125000 0.082031 0.093750
3 0.520996 0.175000 0.213867 0.259375
3 0.916504 0.349219 0.192383 0.267188
0 0.309570 0.207031 0.033203 0.085938
3 0.189941 0.077344 0.114258 0.067187
3 0.085449 0.057031 0.040039 0.026562
1 0.047852 0.053906 0.023438 0.020313
2 0.270020 0.059375 0.053711 0.031250
1 0.649902 0.130469 0.114258 0.101562
1 0.765625 0.077344 0.097656 0.067187
1 0.411133 0.059375 0.078125 0.031250
