1 0.879167 0.630093 0.067708 0.080556
1 0.780990 0.550000 0.070312 0.074074
1 0.199479 0.110648 0.034375 0.043519
1 0.969271 0.714352 0.067708 0.091667
1 0.268490 0.225926 0.045312 0.057407
1 0.241667 0.250926 0.045833 0.057407
1 0.176302 0.128704 0.034896 0.033333
1 0.084375 0.117130 0.017708 0.041667
1 0.264062 0.891204 0.062500 0.115741
1 0.916667 0.577778 0.076042 0.077778
1 0.023698 0.023148 0.034896 0.042593
1 0.079167 0.987500 0.081250 0.132407
1 0.879167 0.630093 0.067708 0.080556
3 0.278385 0.152778 0.088021 0.109259
1 0.780990 0.550000 0.070312 0.074074
1 0.199479 0.110648 0.034375 0.043519
1 0.969271 0.714352 0.067708 0.091667
3 0.883594 0.425000 0.123438 0.153704
3 1.037500 0.520833 0.141667 0.117593
1 0.268490 0.225926 0.045312 0.057407
1 0.241667 0.250926 0.045833 0.057407
2 0.152604 0.213889 0.129167 0.161111
1 0.176302 0.128704 0.034896 0.033333
3 0.064583 0.146759 0.043750 0.075000
1 0.084375 0.117130 0.017708 0.041667
2 0.156771 0.150926 0.115625 0.133333
1 0.264062 0.891204 0.062500 0.115741
1 0.916667 0.577778 0.076042 0.077778
1 0.023698 0.023148 0.034896 0.042593
1 0.079167 0.987500 0.081250 0.132407
