1 0.663542 0.436574 0.063542 0.065741
1 0.820833 0.558333 0.067708 0.075926
1 0.807552 0.470833 0.055729 0.062037
1 0.824219 0.383333 0.049479 0.057407
1 0.962760 0.675463 0.086979 0.091667
1 0.822135 0.135648 0.047396 0.037963
1 0.622135 0.113426 0.044271 0.039815
1 0.683073 0.107870 0.034896 0.037963
1 0.189583 0.100463 0.035417 0.039815
1 0.175521 0.770370 0.069792 0.112963
1 0.264844 0.856019 0.063021 0.112037
1 0.663542 0.436574 0.063542 0.065741
1 0.820833 0.558333 0.067708 0.075926
1 0.807552 0.470833 0.055729 0.062037
1 0.824219 0.383333 0.049479 0.057407
1 0.962760 0.675463 0.086979 0.091667
1 0.822135 0.135648 0.047396 0.037963
1 0.622135 0.113426 0.044271 0.039815
1 0.683073 0.107870 0.034896 0.037963
3 0.314583 0.172222 0.089583 0.112963
1 0.189583 0.100463 0.035417 0.039815
1 0.175521 0.770370 0.069792 0.112963
1 0.264844 0.856019 0.063021 0.112037
3 0.198698 0.985648 0.086979 0.104630
