1 0.610156 0.404630 0.063021 0.061111
1 0.777083 0.529630 0.063542 0.072222
1 0.788021 0.461574 0.054167 0.062037
1 0.817448 0.382870 0.047396 0.056481
1 0.926042 0.651852 0.085417 0.088889
1 0.874219 0.133796 0.049479 0.034259
1 0.622135 0.117130 0.044271 0.039815
1 0.680729 0.111111 0.036458 0.038889
1 0.207552 0.118056 0.035937 0.039815
1 0.176042 0.771296 0.069792 0.112963
1 0.264062 0.857870 0.063542 0.112037
1 0.610156 0.404630 0.063021 0.061111
1 0.777083 0.529630 0.063542 0.072222
1 0.788021 0.461574 0.054167 0.062037
1 0.817448 0.382870 0.047396 0.056481
1 0.926042 0.651852 0.085417 0.088889
1 0.874219 0.133796 0.049479 0.034259
1 0.622135 0.117130 0.044271 0.039815
1 0.680729 0.111111 0.036458 0.038889
3 0.340625 0.198148 0.090625 0.114815
1 0.207552 0.118056 0.035937 0.039815
1 0.176042 0.771296 0.069792 0.112963
1 0.264062 0.857870 0.063542 0.112037
3 0.198698 0.989352 0.086979 0.104630
