1 0.876823 0.635648 0.070312 0.080556
1 0.779427 0.554630 0.070312 0.077778
1 0.197917 0.113426 0.034375 0.043519
1 0.967708 0.719907 0.067708 0.091667
1 0.276302 0.240741 0.045312 0.057407
1 0.256250 0.274074 0.044792 0.057407
1 0.214583 0.178704 0.041667 0.061111
1 0.086198 0.128704 0.019271 0.044444
0 0.201823 0.340741 0.015104 0.033333
1 0.274479 0.878241 0.062500 0.112037
1 0.740885 0.441667 0.065104 0.070370
1 0.159896 0.126389 0.020833 0.019444
1 0.178646 0.809722 0.070833 0.110185
1 0.016406 0.112500 0.035937 0.045370
1 0.876823 0.635648 0.070312 0.080556
3 0.276302 0.156944 0.088021 0.108333
1 0.779427 0.554630 0.070312 0.077778
1 0.197917 0.113426 0.034375 0.043519
1 0.967708 0.719907 0.067708 0.091667
3 0.870573 0.422222 0.123438 0.153704
3 1.033333 0.524537 0.141667 0.117593
1 0.276302 0.240741 0.045312 0.057407
1 0.256250 0.274074 0.044792 0.057407
2 0.166146 0.236111 0.132292 0.161111
1 0.214583 0.178704 0.041667 0.061111
3 0.067708 0.154167 0.053125 0.075000
1 0.086198 0.128704 0.019271 0.044444
2 0.156510 0.158333 0.116146 0.133333
0 0.201823 0.340741 0.015104 0.033333
1 0.274479 0.878241 0.062500 0.112037
1 0.740885 0.441667 0.065104 0.070370
1 0.159896 0.126389 0.020833 0.019444
1 0.178646 0.809722 0.070833 0.110185
1 0.016406 0.112500 0.035937 0.045370
