1 0.876042 0.628241 0.068750 0.080556
1 0.778906 0.547685 0.070312 0.075000
1 0.179167 0.093981 0.034375 0.043519
1 0.966667 0.712037 0.067708 0.090741
1 0.267969 0.225000 0.045312 0.057407
1 0.240625 0.250000 0.045833 0.057407
1 0.103385 0.071759 0.035937 0.034259
1 0.080208 0.111574 0.021875 0.043519
1 0.961719 1.051852 0.076563 0.111111
1 0.656771 0.736111 0.062500 0.096296
1 0.326823 0.085648 0.039062 0.039815
1 0.876042 0.628241 0.068750 0.080556
3 0.277344 0.151852 0.088021 0.109259
1 0.778906 0.547685 0.070312 0.075000
1 0.179167 0.093981 0.034375 0.043519
1 0.966667 0.712037 0.067708 0.090741
3 0.881510 0.423148 0.123438 0.153704
3 1.034896 0.517130 0.141667 0.117593
1 0.267969 0.225000 0.045312 0.057407
1 0.240625 0.250000 0.045833 0.057407
2 0.152344 0.213889 0.129688 0.161111
1 0.103385 0.071759 0.035937 0.034259
3 0.065104 0.146759 0.043750 0.075000
1 0.080208 0.111574 0.021875 0.043519
2 0.153646 0.148611 0.115625 0.134259
1 0.961719 1.051852 0.076563 0.111111
1 0.656771 0.736111 0.062500 0.096296
1 0.326823 0.085648 0.039062 0.039815
