1 0.875521 0.625926 0.069792 0.081481
1 0.777344 0.546759 0.070312 0.075000
1 0.192708 0.110648 0.034375 0.043519
1 0.966667 0.708796 0.069792 0.091667
1 0.635938 0.548148 0.062500 0.079630
1 0.573177 0.567593 0.060937 0.074074
1 0.397396 0.335648 0.055208 0.075000
1 0.170313 0.192130 0.036458 0.047222
0 0.344010 0.499074 0.015104 0.033333
1 0.273958 0.873611 0.061458 0.113889
1 0.298177 0.082407 0.041146 0.038889
1 0.303646 0.239815 0.035417 0.033333
1 0.176563 0.803704 0.070833 0.111111
1 0.092969 0.179630 0.036979 0.048148
1 0.964323 0.618519 0.071354 0.083333
1 -0.017708 0.080556 0.042708 0.051852
1 0.875521 0.625926 0.069792 0.081481
3 0.273698 0.151389 0.088021 0.108333
1 0.777344 0.546759 0.070312 0.075000
1 0.192708 0.110648 0.034375 0.043519
1 0.966667 0.708796 0.069792 0.091667
3 0.717448 0.301389 0.107813 0.132407
3 0.914323 0.423611 0.136979 0.108333
1 0.635938 0.548148 0.062500 0.079630
1 0.573177 0.567593 0.060937 0.074074
2 0.349219 0.404630 0.160938 0.205556
1 0.397396 0.335648 0.055208 0.075000
3 0.190104 0.265278 0.058333 0.086111
1 0.170313 0.192130 0.036458 0.047222
2 0.271875 0.255556 0.136458 0.155556
0 0.344010 0.499074 0.015104 0.033333
1 0.273958 0.873611 0.061458 0.113889
1 0.298177 0.082407 0.041146 0.038889
1 0.303646 0.239815 0.035417 0.033333
1 0.176563 0.803704 0.070833 0.111111
1 0.092969 0.179630 0.036979 0.048148
3 0.946094 0.512500 0.198437 0.206481
1 0.964323 0.618519 0.071354 0.083333
1 -0.017708 0.080556 0.042708 0.051852
