1 0.947266 0.062500 0.042969 0.037500
1 0.186523 0.048438 0.039062 0.009375
0 0.984863 0.781250 0.077148 0.137500
1 0.128906 0.063281 0.039062 0.039062
1 0.947266 0.062500 0.042969 0.037500
1 0.186523 0.048438 0.039062 0.009375
0 0.984863 0.781250 0.077148 0.137500
1 0.128906 0.063281 0.039062 0.039062
1 0.947266 0.062500 0.042969 0.037500
1 0.186523 0.048438 0.039062 0.009375
0 0.984863 0.781250 0.077148 0.137500
3 0.662109 0.282813 0.345703 0.368750
3 0.231445 0.083594 0.080078 0.079687
1 0.128906 0.063281 0.039062 0.039062
2 0.863770 0.296094 0.493164 0.492188
3 0.835938 0.082031 0.111328 0.076563
