1 0.932617 0.060156 0.044922 0.032813
1 0.042969 0.464844 0.138672 0.195312
1 0.501465 0.139844 0.131836 0.079687
1 0.690430 0.741406 0.201172 0.245312
1 0.809570 0.164062 0.115234 0.078125
1 -0.070312 0.955469 0.162109 0.257812
1 0.932617 0.060156 0.044922 0.032813
1 0.042969 0.464844 0.138672 0.195312
1 0.501465 0.139844 0.131836 0.079687
1 0.690430 0.741406 0.201172 0.245312
1 0.809570 0.164062 0.115234 0.078125
1 -0.070312 0.955469 0.162109 0.257812
2 0.166504 0.074219 0.129883 0.060937
1 0.932617 0.060156 0.044922 0.032813
1 0.042969 0.464844 0.138672 0.195312
1 0.501465 0.139844 0.131836 0.079687
1 0.690430 0.741406 0.201172 0.245312
1 0.809570 0.164062 0.115234 0.078125
1 -0.070312 0.955469 0.162109 0.257812
