1 0.874740 0.623611 0.070312 0.080556
1 0.776823 0.544444 0.070312 0.074074
1 0.191667 0.108796 0.034375 0.043519
1 0.966146 0.706944 0.069792 0.091667
1 0.978646 0.865741 0.086458 0.111111
1 0.820312 0.808796 0.073958 0.099074
1 0.546615 0.465741 0.060937 0.085185
1 0.230208 0.246296 0.038542 0.051852
0 0.423438 0.589815 0.018750 0.044444
1 0.272396 0.871759 0.061458 0.113889
1 0.414583 0.343981 0.041667 0.062037
1 0.175000 0.802778 0.070833 0.111111
1 0.148438 0.230556 0.039583 0.051852
1 0.675781 0.391667 0.057813 0.064815
1 0.044271 0.137963 0.042708 0.051852
1 0.890104 0.122222 0.045833 0.035185
1 0.874740 0.623611 0.070312 0.080556
3 0.271615 0.150000 0.088021 0.107407
1 0.776823 0.544444 0.070312 0.074074
1 0.191667 0.108796 0.034375 0.043519
1 0.966146 0.706944 0.069792 0.091667
3 0.634635 0.242130 0.101562 0.123148
3 0.860156 0.377315 0.118229 0.089815
1 0.978646 0.865741 0.086458 0.111111
1 0.820312 0.808796 0.073958 0.099074
2 0.455469 0.513889 0.174479 0.240741
1 0.546615 0.465741 0.060937 0.085185
3 0.234896 0.361111 0.039583 0.109259
1 0.230208 0.246296 0.038542 0.051852
2 0.336198 0.316204 0.145313 0.178704
0 0.423438 0.589815 0.018750 0.044444
1 0.272396 0.871759 0.061458 0.113889
1 0.414583 0.343981 0.041667 0.062037
1 0.175000 0.802778 0.070833 0.111111
1 0.148438 0.230556 0.039583 0.051852
3 0.834375 0.429630 0.184375 0.194444
1 0.675781 0.391667 0.057813 0.064815
1 0.044271 0.137963 0.042708 0.051852
1 0.890104 0.122222 0.045833 0.035185
3 0.201042 1.025926 0.064583 0.074074
