1 0.192448 0.781481 0.060937 0.096296
1 0.690104 0.160185 0.041667 0.038889
1 0.784635 0.549074 0.070312 0.075926
0 0.091667 0.218056 0.014583 0.032407
1 0.229427 0.826852 0.072396 0.131481
1 0.239063 0.239815 0.042708 0.055556
0 0.669531 0.098611 0.019271 0.025000
1 0.218490 0.175000 0.042188 0.051852
0 0.450000 0.703241 0.030208 0.032407
1 0.192448 0.781481 0.060937 0.096296
2 0.159375 0.209259 0.129167 0.161111
1 0.690104 0.160185 0.041667 0.038889
1 0.784635 0.549074 0.070312 0.075926
0 0.091667 0.218056 0.014583 0.032407
1 0.229427 0.826852 0.072396 0.131481
3 0.097917 0.710185 0.082292 0.146296
1 0.239063 0.239815 0.042708 0.055556
0 0.669531 0.098611 0.019271 0.025000
1 0.218490 0.175000 0.042188 0.051852
0 0.450000 0.703241 0.030208 0.032407
