1 0.562240 0.383333 0.060937 0.055556
1 0.737240 0.501389 0.060937 0.069444
1 0.779167 0.459259 0.053125 0.062963
1 0.817187 0.387500 0.048958 0.056481
1 0.882552 0.618981 0.079687 0.087963
1 0.928385 0.144907 0.051562 0.037963
1 0.621615 0.121759 0.044271 0.036111
1 0.680469 0.118519 0.035937 0.037037
1 0.232031 0.140278 0.035937 0.039815
1 0.178646 0.770833 0.069792 0.110185
1 0.266667 0.854630 0.062500 0.112963
1 0.562240 0.383333 0.060937 0.055556
1 0.737240 0.501389 0.060937 0.069444
1 0.779167 0.459259 0.053125 0.062963
1 0.817187 0.387500 0.048958 0.056481
1 0.882552 0.618981 0.079687 0.087963
1 0.928385 0.144907 0.051562 0.037963
1 0.621615 0.121759 0.044271 0.036111
1 0.680469 0.118519 0.035937 0.037037
3 0.365625 0.221759 0.093750 0.115741
1 0.232031 0.140278 0.035937 0.039815
1 0.178646 0.770833 0.069792 0.110185
1 0.266667 0.854630 0.062500 0.112963
3 0.199740 0.988426 0.086979 0.104630
