1 0.932617 0.060156 0.044922 0.032813
1 0.000977 0.501563 0.140625 0.187500
1 0.337891 0.214062 0.136719 0.109375
1 -0.066406 0.947656 0.162109 0.257812
1 -0.014160 1.137500 0.243164 0.350000
0 0.003906 0.063281 0.013672 0.032813
1 0.932617 0.060156 0.044922 0.032813
1 0.000977 0.501563 0.140625 0.187500
1 0.337891 0.214062 0.136719 0.109375
1 -0.066406 0.947656 0.162109 0.257812
1 -0.014160 1.137500 0.243164 0.350000
0 0.003906 0.063281 0.013672 0.032813
2 0.166504 0.074219 0.129883 0.060937
1 0.932617 0.060156 0.044922 0.032813
1 0.000977 0.501563 0.140625 0.187500
1 0.337891 0.214062 0.136719 0.109375
3 0.801270 0.692187 0.241211 0.278125
3 0.685547 0.124219 0.140625 0.104688
3 0.946777 0.221875 0.120117 0.121875
1 -0.066406 0.947656 0.162109 0.257812
1 -0.014160 1.137500 0.243164 0.350000
0 0.003906 0.063281 0.013672 0.032813
