1 0.191406 0.778704 0.060937 0.096296
1 0.689583 0.157407 0.041667 0.038889
1 0.784115 0.545370 0.070312 0.075926
0 0.116667 0.237500 0.014583 0.032407
1 0.245052 0.790741 0.072396 0.127778
1 0.240365 0.240741 0.044271 0.055556
0 0.622396 0.095833 0.017708 0.025000
1 0.243750 0.193519 0.042708 0.053704
0 0.498958 0.698611 0.032292 0.036111
3 0.983333 0.501852 0.034375 0.101852
1 0.191406 0.778704 0.060937 0.096296
2 0.157812 0.206481 0.129167 0.161111
1 0.689583 0.157407 0.041667 0.038889
1 0.784115 0.545370 0.070312 0.075926
0 0.116667 0.237500 0.014583 0.032407
1 0.245052 0.790741 0.072396 0.127778
1 0.240365 0.240741 0.044271 0.055556
0 0.622396 0.095833 0.017708 0.025000
1 0.243750 0.193519 0.042708 0.053704
0 0.498958 0.698611 0.032292 0.036111
