1 -0.029948 0.937500 0.085938 0.145370
1 0.238021 0.505093 0.059375 0.087963
1 0.405469 0.406944 0.065104 0.056481
1 0.567448 0.403704 0.067187 0.066667
1 0.778646 0.476852 0.054167 0.061111
1 0.863021 0.529167 0.057292 0.047222
1 0.817708 0.406481 0.048958 0.057407
1 0.603385 0.278704 0.043229 0.040741
1 0.680729 0.137963 0.038542 0.037037
1 0.621354 0.141667 0.042708 0.038889
1 0.705208 0.726389 0.066667 0.080556
1 0.177344 0.790278 0.070312 0.110185
1 0.365365 0.711111 0.063021 0.090741
1 0.092188 0.943519 0.073958 0.114815
1 0.219010 1.001389 0.073438 0.136111
