1 0.264323 0.447222 0.063021 0.077778
1 0.508854 0.377778 0.053125 0.053704
1 0.647396 0.446759 0.065625 0.063889
1 0.777604 0.472685 0.053125 0.062037
1 0.816146 0.402778 0.048958 0.055556
1 0.815104 0.580556 0.078125 0.081481
1 0.620573 0.140278 0.043229 0.037963
1 0.680469 0.135648 0.035937 0.036111
1 0.389583 0.265741 0.041667 0.048148
1 0.426563 0.662500 0.061458 0.071296
1 0.180729 0.783333 0.069792 0.109259
1 0.886719 0.555093 0.057813 0.067593
1 0.264323 0.447222 0.063021 0.077778
1 0.508854 0.377778 0.053125 0.053704
1 0.647396 0.446759 0.065625 0.063889
1 0.777604 0.472685 0.053125 0.062037
1 0.816146 0.402778 0.048958 0.055556
1 0.815104 0.580556 0.078125 0.081481
1 0.620573 0.140278 0.043229 0.037963
1 0.680469 0.135648 0.035937 0.036111
3 0.553906 0.278704 0.106771 0.092593
1 0.389583 0.265741 0.041667 0.048148
1 0.426563 0.662500 0.061458 0.071296
1 0.180729 0.783333 0.069792 0.109259
3 0.298438 0.806944 0.080208 0.143519
1 0.886719 0.555093 0.057813 0.067593
