1 0.827148 0.058594 0.050781 0.029687
1 0.539062 0.228125 0.099609 0.112500
1 0.926758 0.139063 0.054688 0.062500
0 0.148926 0.117188 0.020508 0.046875
1 0.267578 0.061719 0.060547 0.035937
1 0.018066 0.046875 0.014648 0.006250
1 -0.019531 0.885156 0.199219 0.292187
1 0.827148 0.058594 0.050781 0.029687
1 0.539062 0.228125 0.099609 0.112500
1 0.926758 0.139063 0.054688 0.062500
0 0.148926 0.117188 0.020508 0.046875
1 0.267578 0.061719 0.060547 0.035937
1 0.018066 0.046875 0.014648 0.006250
1 -0.019531 0.885156 0.199219 0.292187
