1 0.547917 0.659259 0.056250 0.057407
1 0.198958 0.800926 0.060417 0.096296
1 0.693750 0.178241 0.039583 0.039815
1 0.015625 0.919444 0.080208 0.137037
1 0.260677 0.492593 0.060937 0.079630
1 0.408333 0.394444 0.059375 0.051852
1 0.234635 0.848148 0.072396 0.127778
1 0.118229 0.139352 0.040625 0.039815
3 0.388021 0.734722 0.077083 0.113889
1 0.547917 0.659259 0.056250 0.057407
1 0.198958 0.800926 0.060417 0.096296
2 0.166927 0.229167 0.127604 0.162037
3 0.563281 0.399537 0.068229 0.071296
1 0.693750 0.178241 0.039583 0.039815
1 0.015625 0.919444 0.080208 0.137037
1 0.260677 0.492593 0.060937 0.079630
1 0.408333 0.394444 0.059375 0.051852
1 0.234635 0.848148 0.072396 0.127778
3 0.698698 0.484722 0.072396 0.080556
1 0.118229 0.139352 0.040625 0.039815
