1 0.932617 0.060156 0.044922 0.032813
1 -0.066406 0.946094 0.162109 0.257812
1 -0.014160 1.137500 0.243164 0.350000
0 0.035156 0.072656 0.013672 0.032813
1 0.249023 0.053906 0.023438 0.020313
1 0.932617 0.060156 0.044922 0.032813
1 -0.066406 0.946094 0.162109 0.257812
1 -0.014160 1.137500 0.243164 0.350000
0 0.035156 0.072656 0.013672 0.032813
1 0.249023 0.053906 0.023438 0.020313
2 0.166504 0.074219 0.129883 0.060937
1 0.932617 0.060156 0.044922 0.032813
3 0.112305 0.369531 0.173828 0.232813
3 0.437988 0.167969 0.157227 0.145313
1 -0.066406 0.946094 0.162109 0.257812
1 -0.014160 1.137500 0.243164 0.350000
0 0.035156 0.072656 0.013672 0.032813
1 0.249023 0.053906 0.023438 0.020313
