1 0.932617 0.060156 0.044922 0.032813
1 0.246094 0.281250 0.136719 0.140625
1 -0.066406 0.946094 0.162109 0.257812
1 -0.014160 1.137500 0.243164 0.350000
0 0.006836 0.063281 0.013672 0.032813
1 0.932617 0.060156 0.044922 0.032813
1 0.246094 0.281250 0.136719 0.140625
1 -0.066406 0.946094 0.162109 0.257812
1 -0.014160 1.137500 0.243164 0.350000
0 0.006836 0.063281 0.013672 0.032813
2 0.166504 0.074219 0.129883 0.060937
1 0.932617 0.060156 0.044922 0.032813
1 0.246094 0.281250 0.136719 0.140625
3 0.893555 0.656250 0.214844 0.243750
3 0.605469 0.121094 0.150391 0.101562
3 0.877930 0.185938 0.125000 0.118750
1 -0.066406 0.946094 0.162109 0.257812
1 -0.014160 1.137500 0.243164 0.350000
0 0.006836 0.063281 0.013672 0.032813
