1 0.872656 0.623611 0.070312 0.080556
1 0.775000 0.543981 0.069792 0.073148
1 0.191146 0.108796 0.034375 0.043519
1 0.964844 0.705556 0.071354 0.090741
1 0.884635 0.766667 0.079687 0.112963
1 0.319271 0.327315 0.040625 0.056481
0 0.544010 0.731019 0.022396 0.049074
1 0.271354 0.871759 0.061458 0.113889
1 0.631510 0.543056 0.059896 0.076852
1 0.174479 0.803704 0.070833 0.111111
1 0.246615 0.324074 0.043229 0.057407
1 0.402083 0.189352 0.045833 0.049074
1 0.135156 0.223148 0.046354 0.055556
1 0.753125 0.111574 0.042708 0.034259
1 0.035417 0.084722 0.040625 0.049074
1 0.877344 0.547685 0.065104 0.076852
1 0.872656 0.623611 0.070312 0.080556
3 0.270573 0.150000 0.088021 0.107407
1 0.775000 0.543981 0.069792 0.073148
1 0.191146 0.108796 0.034375 0.043519
1 0.964844 0.705556 0.071354 0.090741
3 0.532292 0.172222 0.094792 0.114815
3 0.795052 0.352778 0.111979 0.138889
2 0.614844 0.690278 0.211979 0.299074
1 0.884635 0.766667 0.079687 0.112963
3 0.156771 0.623148 0.071875 0.146296
1 0.319271 0.327315 0.040625 0.056481
2 0.467708 0.439815 0.165625 0.212963
0 0.544010 0.731019 0.022396 0.049074
1 0.271354 0.871759 0.061458 0.113889
1 0.631510 0.543056 0.059896 0.076852
1 0.174479 0.803704 0.070833 0.111111
1 0.246615 0.324074 0.043229 0.057407
3 0.678646 0.320370 0.158333 0.172222
1 0.402083 0.189352 0.045833 0.049074
1 0.135156 0.223148 0.046354 0.055556
1 0.753125 0.111574 0.042708 0.034259
3 0.217708 0.983333 0.065625 0.072222
1 0.035417 0.084722 0.040625 0.049074
3 1.031510 0.528241 0.159896 0.156481
1 0.877344 0.547685 0.065104 0.076852
