1 0.871615 0.619907 0.070312 0.080556
1 0.773438 0.541204 0.070833 0.076852
1 0.187500 0.106019 0.034375 0.043519
1 0.964323 0.701852 0.072396 0.090741
1 0.517969 0.515278 0.048438 0.067593
0 0.736719 1.000926 0.024479 0.048148
1 0.268750 0.870833 0.061458 0.113889
1 0.170833 0.801852 0.070833 0.111111
1 0.441146 0.520370 0.051042 0.070370
1 0.222135 0.381481 0.028646 0.081481
1 0.645573 0.123611 0.043229 0.036111
1 0.164583 0.189815 0.044792 0.055556
1 0.435156 0.218056 0.043229 0.045370
1 1.025781 0.610185 0.069271 0.074074
1 0.871615 0.619907 0.070312 0.080556
3 0.268490 0.149074 0.088021 0.107407
1 0.773438 0.541204 0.070833 0.076852
1 0.187500 0.106019 0.034375 0.043519
1 0.964323 0.701852 0.072396 0.090741
3 0.370833 0.064352 0.080208 0.099074
3 0.726823 0.264815 0.079687 0.146296
2 0.847396 0.978704 0.270833 0.405556
1 0.517969 0.515278 0.048438 0.067593
2 0.705990 0.660185 0.220312 0.270370
0 0.736719 1.000926 0.024479 0.048148
1 0.268750 0.870833 0.061458 0.113889
1 0.170833 0.801852 0.070833 0.111111
1 0.441146 0.520370 0.051042 0.070370
3 0.461198 0.168056 0.127604 0.143519
1 0.222135 0.381481 0.028646 0.081481
1 0.645573 0.123611 0.043229 0.036111
3 0.214583 0.981481 0.066667 0.072222
1 0.164583 0.189815 0.044792 0.055556
3 0.880990 0.418519 0.146354 0.148148
1 0.435156 0.218056 0.043229 0.045370
1 1.025781 0.610185 0.069271 0.074074
