1 0.093490 0.151852 0.035937 0.050000
1 0.288802 0.867130 0.060937 0.110185
1 0.221615 0.967593 0.073438 0.079630
0 0.457031 0.626852 0.023438 0.046296
1 0.080990 0.085648 0.038021 0.047222
1 0.748958 0.154167 0.039583 0.039815
1 0.429688 0.150463 0.039583 0.043519
1 0.793490 0.698611 0.070312 0.095370
1 0.780990 0.550463 0.064062 0.075000
1 0.869271 0.625000 0.075000 0.083333
1 0.158333 -0.006019 0.041667 0.043519
1 0.971354 0.717593 0.082292 0.085185
1 0.093490 0.151852 0.035937 0.050000
3 0.689583 0.340278 0.080208 0.093519
1 0.288802 0.867130 0.060937 0.110185
1 0.221615 0.967593 0.073438 0.079630
0 0.457031 0.626852 0.023438 0.046296
3 0.373437 0.062037 0.048958 0.059259
1 0.080990 0.085648 0.038021 0.047222
1 0.748958 0.154167 0.039583 0.039815
1 0.429688 0.150463 0.039583 0.043519
1 0.793490 0.698611 0.070312 0.095370
3 0.946875 1.031944 0.142708 0.232407
3 0.365104 0.411574 0.112500 0.145370
1 0.780990 0.550463 0.064062 0.075000
1 0.869271 0.625000 0.075000 0.083333
1 0.158333 -0.006019 0.041667 0.043519
1 0.971354 0.717593 0.082292 0.085185
3 0.180208 0.226852 0.053125 0.072222
2 0.422396 0.383796 0.176042 0.225000
