1 0.875000 0.637963 0.069792 0.079630
1 0.777865 0.556481 0.071354 0.077778
1 0.197396 0.117130 0.034375 0.043519
1 0.966406 0.720833 0.069271 0.091667
1 0.317969 0.280556 0.045312 0.057407
1 0.301302 0.316204 0.046354 0.058333
1 0.237500 0.200926 0.042708 0.061111
1 0.091146 0.131481 0.026042 0.044444
0 0.228906 0.373148 0.014063 0.033333
1 0.275000 0.881944 0.061458 0.112037
1 0.636458 0.362037 0.058333 0.059259
1 0.177604 0.143981 0.020833 0.019444
1 0.179688 0.812500 0.070833 0.110185
1 0.024740 0.123611 0.035937 0.045370
1 0.875000 0.637963 0.069792 0.079630
3 0.275781 0.160648 0.088021 0.108333
1 0.777865 0.556481 0.071354 0.077778
1 0.197396 0.117130 0.034375 0.043519
1 0.966406 0.720833 0.069271 0.091667
3 0.835156 0.399074 0.120313 0.151852
3 1.023958 0.519907 0.141667 0.117593
1 0.317969 0.280556 0.045312 0.057407
1 0.301302 0.316204 0.046354 0.058333
2 0.196875 0.267593 0.136458 0.166667
1 0.237500 0.200926 0.042708 0.061111
3 0.079427 0.168056 0.053646 0.075000
1 0.091146 0.131481 0.026042 0.044444
2 0.167969 0.173148 0.117188 0.137037
0 0.228906 0.373148 0.014063 0.033333
1 0.275000 0.881944 0.061458 0.112037
1 0.636458 0.362037 0.058333 0.059259
1 0.177604 0.143981 0.020833 0.019444
1 0.179688 0.812500 0.070833 0.110185
1 0.024740 0.123611 0.035937 0.045370
