0 0.431510 0.013889 0.019271 0.035185
1 0.704688 0.364352 0.061458 0.063889
1 0.004427 0.065741 0.009896 0.029630
0 0.243750 0.368056 0.017708 0.030556
1 0.830469 0.008796 0.024479 0.026852
1 0.895833 0.513889 0.062500 0.072222
1 0.335156 0.264815 0.046354 0.057407
1 0.250521 0.199537 0.042708 0.054630
1 0.775781 0.554167 0.064062 0.075000
1 0.864062 0.627778 0.075000 0.083333
1 0.703906 0.415741 0.065104 0.070370
1 0.966146 0.721296 0.082292 0.085185
0 0.431510 0.013889 0.019271 0.035185
1 0.704688 0.364352 0.061458 0.063889
1 0.004427 0.065741 0.009896 0.029630
3 0.996354 0.610648 0.007292 0.041667
0 0.243750 0.368056 0.017708 0.030556
3 0.792448 0.369907 0.076563 0.080556
1 0.830469 0.008796 0.024479 0.026852
1 0.895833 0.513889 0.062500 0.072222
1 0.335156 0.264815 0.046354 0.057407
1 0.250521 0.199537 0.042708 0.054630
3 0.353906 0.332870 0.068229 0.102778
3 0.275521 0.312500 0.080208 0.126852
3 0.142708 0.191204 0.088542 0.113889
1 0.775781 0.554167 0.064062 0.075000
1 0.864062 0.627778 0.075000 0.083333
1 0.703906 0.415741 0.065104 0.070370
1 0.966146 0.721296 0.082292 0.085185
3 0.055990 0.117130 0.049479 0.065741
2 0.143750 0.131944 0.129167 0.158333
