0 0.635417 0.097685 0.018750 0.032407
1 0.838281 0.457407 0.070312 0.072222
1 0.001563 0.057870 0.004167 0.015741
0 0.186719 0.308796 0.016146 0.039815
1 0.942448 0.540278 0.064062 0.071296
1 0.272135 0.207870 0.045312 0.058333
1 0.220312 0.165278 0.042708 0.047222
1 0.776823 0.543056 0.064062 0.075000
1 0.865104 0.617593 0.075000 0.083333
1 0.838021 0.514815 0.072917 0.075926
1 0.966146 0.708333 0.082292 0.085185
0 0.635417 0.097685 0.018750 0.032407
1 0.838281 0.457407 0.070312 0.072222
1 0.001563 0.057870 0.004167 0.015741
0 0.186719 0.308796 0.016146 0.039815
3 0.975260 0.512037 0.063021 0.090741
1 0.942448 0.540278 0.064062 0.071296
1 0.272135 0.207870 0.045312 0.058333
1 0.220312 0.165278 0.042708 0.047222
3 0.218229 0.202778 0.062500 0.090741
3 0.195312 0.229630 0.077083 0.116667
3 0.116146 0.162037 0.088542 0.112963
1 0.776823 0.543056 0.064062 0.075000
1 0.865104 0.617593 0.075000 0.083333
1 0.838021 0.514815 0.072917 0.075926
1 0.966146 0.708333 0.082292 0.085185
3 0.051302 0.107870 0.049479 0.065741
2 0.110156 0.094444 0.129688 0.151852
