1 0.412500 0.124074 0.030208 0.040741
1 0.968750 0.707870 0.067708 0.093519
1 0.507292 0.331019 0.032292 0.067593
1 0.782031 0.542593 0.071354 0.075926
0 0.173177 0.297685 0.014063 0.036111
1 0.405469 0.409722 0.045312 0.073148
1 0.965885 0.170370 0.053646 0.040741
1 0.239323 0.237963 0.044271 0.055556
1 0.392188 0.668519 0.057292 0.081481
1 0.269792 0.214815 0.044792 0.055556
1 0.879167 0.622222 0.070833 0.081481
1 0.023177 0.045370 0.033854 0.040741
3 0.883854 0.418056 0.123958 0.149074
2 0.124219 0.113889 0.115104 0.133333
1 0.412500 0.124074 0.030208 0.040741
2 0.153646 0.201389 0.130208 0.162037
1 0.968750 0.707870 0.067708 0.093519
1 0.507292 0.331019 0.032292 0.067593
1 0.782031 0.542593 0.071354 0.075926
0 0.173177 0.297685 0.014063 0.036111
1 0.405469 0.409722 0.045312 0.073148
1 0.965885 0.170370 0.053646 0.040741
3 0.211458 0.091667 0.082292 0.096296
1 0.239323 0.237963 0.044271 0.055556
1 0.392188 0.668519 0.057292 0.081481
1 0.269792 0.214815 0.044792 0.055556
3 0.039323 0.106944 0.051562 0.073148
1 0.879167 0.622222 0.070833 0.081481
1 0.023177 0.045370 0.033854 0.040741
3 0.993490 0.519444 0.014063 0.057407
