1 0.426823 0.371296 0.038021 0.061111
1 0.972135 0.704167 0.057813 0.082407
1 0.563802 0.225926 0.039062 0.053704
1 0.782031 0.538889 0.071354 0.075926
0 0.173177 0.293056 0.014063 0.036111
1 0.240104 0.686574 0.066667 0.102778
1 0.682292 0.246296 0.044792 0.048148
1 0.240365 0.234259 0.044271 0.055556
0 0.379948 -0.002315 0.019271 0.025000
1 0.269271 0.211111 0.044792 0.055556
0 0.744531 1.010185 0.027604 0.053704
1 0.880729 0.619444 0.070833 0.081481
3 0.884896 0.414352 0.123958 0.149074
2 0.066146 0.064352 0.111458 0.130556
1 0.426823 0.371296 0.038021 0.061111
2 0.155208 0.199537 0.130208 0.162037
1 0.972135 0.704167 0.057813 0.082407
1 0.563802 0.225926 0.039062 0.053704
1 0.782031 0.538889 0.071354 0.075926
0 0.173177 0.293056 0.014063 0.036111
1 0.240104 0.686574 0.066667 0.102778
1 0.682292 0.246296 0.044792 0.048148
3 0.066927 0.004167 0.033854 0.010185
1 0.240365 0.234259 0.044271 0.055556
0 0.379948 -0.002315 0.019271 0.025000
1 0.269271 0.211111 0.044792 0.055556
0 0.744531 1.010185 0.027604 0.053704
1 0.880729 0.619444 0.070833 0.081481
