1 0.840820 0.056250 0.048828 0.025000
1 0.466309 0.300781 0.122070 0.132812
1 0.889648 0.154688 0.064453 0.071875
0 0.146973 0.117188 0.020508 0.046875
1 0.267578 0.061719 0.060547 0.035937
1 -0.070801 0.961719 0.202148 0.295312
1 0.840820 0.056250 0.048828 0.025000
1 0.466309 0.300781 0.122070 0.132812
1 0.889648 0.154688 0.064453 0.071875
0 0.146973 0.117188 0.020508 0.046875
1 0.267578 0.061719 0.060547 0.035937
1 -0.070801 0.961719 0.202148 0.295312
2 0.166504 0.074219 0.129883 0.060937
1 0.840820 0.056250 0.048828 0.025000
1 0.466309 0.300781 0.122070 0.132812
1 0.889648 0.154688 0.064453 0.071875
0 0.146973 0.117188 0.020508 0.046875
1 0.267578 0.061719 0.060547 0.035937
1 -0.070801 0.961719 0.202148 0.295312
