1 0.932617 0.060156 0.044922 0.032813
1 0.062012 0.475781 0.145508 0.192188
1 -0.066406 0.946094 0.162109 0.257812
1 -0.014160 1.137500 0.243164 0.350000
0 0.017578 0.067969 0.013672 0.032813
1 0.932617 0.060156 0.044922 0.032813
1 0.062012 0.475781 0.145508 0.192188
1 -0.066406 0.946094 0.162109 0.257812
1 -0.014160 1.137500 0.243164 0.350000
0 0.017578 0.067969 0.013672 0.032813
2 0.166504 0.074219 0.129883 0.060937
1 0.932617 0.060156 0.044922 0.032813
1 0.062012 0.475781 0.145508 0.192188
3 1.054688 0.635938 0.203125 0.203125
3 0.458496 0.150000 0.165039 0.137500
3 0.743652 0.144531 0.139648 0.110937
1 -0.066406 0.946094 0.162109 0.257812
1 -0.014160 1.137500 0.243164 0.350000
0 0.017578 0.067969 0.013672 0.032813
