1 0.459635 0.229630 0.021354 0.048148
1 0.969010 0.701389 0.067187 0.093519
1 0.527344 0.275000 0.035937 0.061111
1 0.782031 0.536111 0.071354 0.075926
0 0.172656 0.290278 0.014063 0.036111
1 0.331250 0.535648 0.057292 0.084259
1 0.822656 0.165741 0.046354 0.038889
1 0.238802 0.231481 0.044271 0.055556
1 0.284115 0.837037 0.059896 0.107407
1 0.269792 0.210185 0.044792 0.055556
1 0.880729 0.617593 0.070833 0.081481
3 0.884896 0.412500 0.123958 0.149074
2 0.102344 0.089815 0.113021 0.129630
1 0.459635 0.229630 0.021354 0.048148
2 0.153646 0.197685 0.130208 0.162037
1 0.969010 0.701389 0.067187 0.093519
1 0.527344 0.275000 0.035937 0.061111
1 0.782031 0.536111 0.071354 0.075926
0 0.172656 0.290278 0.014063 0.036111
1 0.331250 0.535648 0.057292 0.084259
1 0.822656 0.165741 0.046354 0.038889
3 0.144271 0.041204 0.081250 0.082407
1 0.238802 0.231481 0.044271 0.055556
1 0.284115 0.837037 0.059896 0.107407
1 0.269792 0.210185 0.044792 0.055556
3 0.013021 0.073611 0.027083 0.063889
1 0.880729 0.617593 0.070833 0.081481
