1 0.873437 0.606019 0.070833 0.080556
1 0.769271 0.523611 0.070833 0.075000
1 0.183854 0.097685 0.034375 0.043519
1 0.967969 0.687963 0.075521 0.090741
1 0.267708 0.863426 0.061458 0.113889
1 0.176042 0.782870 0.070833 0.112037
1 0.622396 0.119444 0.042708 0.035185
1 0.683594 0.112963 0.035937 0.037037
1 0.734635 0.192593 0.028646 0.050000
1 0.295052 0.068519 0.039062 0.042593
1 0.382031 0.128704 0.040104 0.042593
1 0.900521 0.443519 0.052083 0.057407
1 0.908594 0.552778 0.059896 0.068519
1 0.873437 0.606019 0.070833 0.080556
3 0.268490 0.141667 0.088021 0.105556
1 0.769271 0.523611 0.070833 0.075000
1 0.183854 0.097685 0.034375 0.043519
1 0.967969 0.687963 0.075521 0.090741
1 0.267708 0.863426 0.061458 0.113889
1 0.176042 0.782870 0.070833 0.112037
1 0.622396 0.119444 0.042708 0.035185
3 0.211198 0.975463 0.070312 0.073148
1 0.683594 0.112963 0.035937 0.037037
1 0.734635 0.192593 0.028646 0.050000
1 0.295052 0.068519 0.039062 0.042593
1 0.382031 0.128704 0.040104 0.042593
1 0.900521 0.443519 0.052083 0.057407
1 0.908594 0.552778 0.059896 0.068519
