1 0.294531 0.595370 0.052604 0.081481
1 0.623958 0.178241 0.040625 0.045370
1 0.782552 0.541667 0.070312 0.075926
0 0.172656 0.293056 0.014063 0.036111
1 0.153646 0.839352 0.075000 0.121296
1 0.501302 0.424537 0.054688 0.071296
1 0.240365 0.237963 0.044271 0.055556
0 0.474219 0.021759 0.017188 0.026852
1 0.268750 0.212963 0.044792 0.055556
0 0.645052 0.857870 0.025521 0.050926
1 0.899219 0.637963 0.072396 0.083333
3 0.904167 0.432407 0.127083 0.153704
2 0.027865 0.037963 0.055729 0.077778
1 0.294531 0.595370 0.052604 0.081481
2 0.155729 0.202315 0.130208 0.160185
1 0.623958 0.178241 0.040625 0.045370
1 0.782552 0.541667 0.070312 0.075926
0 0.172656 0.293056 0.014063 0.036111
1 0.153646 0.839352 0.075000 0.121296
1 0.501302 0.424537 0.054688 0.071296
1 0.240365 0.237963 0.044271 0.055556
0 0.474219 0.021759 0.017188 0.026852
1 0.268750 0.212963 0.044792 0.055556
0 0.645052 0.857870 0.025521 0.050926
1 0.899219 0.637963 0.072396 0.083333
