1 0.868750 0.620370 0.071875 0.079630
1 0.771875 0.542130 0.068750 0.075000
1 0.186458 0.108796 0.034375 0.043519
1 0.962760 0.701852 0.075521 0.090741
1 0.993229 0.975463 0.070833 0.099074
1 0.268229 0.872685 0.061458 0.113889
1 0.170833 0.804167 0.070833 0.112037
1 0.887760 0.970370 0.075521 0.105556
1 0.025000 0.897222 0.085417 0.146296
1 0.623958 0.129167 0.042708 0.034259
1 0.395313 0.394444 0.053125 0.072222
1 0.443490 0.200463 0.046354 0.047222
1 0.808594 0.106944 0.033854 0.034259
1 0.686198 0.399537 0.048438 0.054630
1 0.888802 0.451852 0.066146 0.066667
1 0.987240 0.586111 0.057813 0.072222
1 0.868750 0.620370 0.071875 0.079630
3 0.266406 0.150926 0.088021 0.105556
1 0.771875 0.542130 0.068750 0.075000
1 0.186458 0.108796 0.034375 0.043519
1 0.962760 0.701852 0.075521 0.090741
3 0.761458 0.164815 0.078125 0.111111
1 0.993229 0.975463 0.070833 0.099074
1 0.268229 0.872685 0.061458 0.113889
1 0.170833 0.804167 0.070833 0.112037
1 0.887760 0.970370 0.075521 0.105556
3 0.182812 -0.018981 0.101042 0.115741
1 0.025000 0.897222 0.085417 0.146296
1 0.623958 0.129167 0.042708 0.034259
3 0.213542 0.983796 0.067708 0.073148
1 0.395313 0.394444 0.053125 0.072222
3 0.638802 0.254167 0.111979 0.119444
1 0.443490 0.200463 0.046354 0.047222
1 0.808594 0.106944 0.033854 0.034259
1 0.686198 0.399537 0.048438 0.054630
1 0.888802 0.451852 0.066146 0.066667
1 0.987240 0.586111 0.057813 0.072222
