1 0.332292 0.081481 0.042708 0.046296
1 0.052604 0.114815 0.035417 0.050000
1 0.281510 0.878241 0.060937 0.110185
1 0.190885 1.031019 0.073438 0.080556
0 0.380208 0.529630 0.018750 0.042593
1 0.821354 0.133333 0.035417 0.042593
1 0.568229 0.257407 0.044792 0.051852
1 0.728646 0.631944 0.068750 0.091667
1 0.515885 0.431019 0.050521 0.069444
1 0.779427 0.549537 0.064062 0.075000
1 0.867708 0.624074 0.075000 0.083333
1 0.319010 0.117593 0.045312 0.046296
1 0.970313 0.717593 0.082292 0.085185
1 0.332292 0.081481 0.042708 0.046296
1 0.052604 0.114815 0.035417 0.050000
3 0.848177 0.466667 0.089063 0.101852
1 0.281510 0.878241 0.060937 0.110185
1 0.190885 1.031019 0.073438 0.080556
0 0.380208 0.529630 0.018750 0.042593
3 0.505729 0.157870 0.056250 0.067593
1 0.821354 0.133333 0.035417 0.042593
1 0.568229 0.257407 0.044792 0.051852
1 0.728646 0.631944 0.068750 0.091667
1 0.515885 0.431019 0.050521 0.069444
3 0.957031 0.952778 0.121354 0.177778
3 0.612240 0.665741 0.105729 0.181481
3 0.270313 0.312500 0.102083 0.121296
1 0.779427 0.549537 0.064062 0.075000
1 0.867708 0.624074 0.075000 0.083333
1 0.319010 0.117593 0.045312 0.046296
1 0.970313 0.717593 0.082292 0.085185
3 0.120833 0.173148 0.050000 0.066667
2 0.297656 0.266667 0.152604 0.190741
