1 0.875521 0.624537 0.069792 0.082407
1 0.777604 0.545833 0.070833 0.075000
1 0.192708 0.109722 0.034375 0.043519
1 0.966667 0.706944 0.069792 0.091667
1 0.700521 0.605556 0.066667 0.085185
1 0.624219 0.616667 0.063021 0.079630
1 0.425000 0.357870 0.056250 0.078704
1 0.184375 0.203704 0.036458 0.048148
0 0.361719 0.516204 0.016146 0.036111
1 0.273958 0.870833 0.061458 0.113889
1 0.263281 0.056481 0.040104 0.037037
1 0.325260 0.257870 0.036979 0.037963
1 0.176563 0.803704 0.070833 0.111111
1 0.105729 0.190741 0.038542 0.050000
1 0.893490 0.559722 0.071354 0.080556
1 -0.004167 0.092593 0.042708 0.051852
1 0.994271 0.141204 0.046875 0.030556
