1 0.791504 0.064844 0.077148 0.042188
0 0.513184 0.360156 0.061523 0.120313
1 0.072754 0.055469 0.034180 0.023438
1 0.833008 0.240625 0.119141 0.121875
1 0.791504 0.064844 0.077148 0.042188
0 0.513184 0.360156 0.061523 0.120313
1 0.072754 0.055469 0.034180 0.023438
1 0.833008 0.240625 0.119141 0.121875
1 0.791504 0.064844 0.077148 0.042188
0 0.513184 0.360156 0.061523 0.120313
3 0.291504 0.102344 0.172852 0.117188
3 0.119629 0.060937 0.051758 0.034375
1 0.072754 0.055469 0.034180 0.023438
2 0.428711 0.089063 0.115234 0.090625
1 0.833008 0.240625 0.119141 0.121875
