1 0.192969 0.782407 0.060937 0.096296
1 0.690104 0.161111 0.041667 0.038889
1 0.785156 0.550926 0.070312 0.075926
0 0.082812 0.209722 0.014583 0.032407
1 0.228906 0.827778 0.072396 0.131481
1 0.237240 0.239815 0.043229 0.055556
0 0.688281 0.095833 0.019271 0.025000
1 0.207292 0.165741 0.041667 0.051852
0 0.431510 0.709722 0.028646 0.034259
1 0.192969 0.782407 0.060937 0.096296
2 0.159896 0.211111 0.129167 0.161111
1 0.690104 0.161111 0.041667 0.038889
1 0.785156 0.550926 0.070312 0.075926
0 0.082812 0.209722 0.014583 0.032407
1 0.228906 0.827778 0.072396 0.131481
3 0.144792 0.639352 0.078125 0.134259
1 0.237240 0.239815 0.043229 0.055556
0 0.688281 0.095833 0.019271 0.025000
1 0.207292 0.165741 0.041667 0.051852
0 0.431510 0.709722 0.028646 0.034259
