1 0.039583 0.809722 0.082292 0.134259
1 0.289062 0.451389 0.058333 0.078704
1 0.455729 0.395833 0.063542 0.049074
1 0.616927 0.427778 0.067187 0.072222
1 0.778385 0.476852 0.053646 0.061111
1 0.861979 0.538426 0.055208 0.065741
1 0.817708 0.406019 0.048958 0.056481
1 0.567708 0.290741 0.043750 0.040741
1 0.680729 0.137963 0.038542 0.037037
1 0.621354 0.141667 0.042708 0.038889
1 0.642188 0.686574 0.066667 0.073148
1 0.178125 0.789352 0.069792 0.110185
1 0.322917 0.771296 0.060417 0.101852
1 0.089583 0.949074 0.073958 0.114815
1 0.039583 0.809722 0.082292 0.134259
1 0.289062 0.451389 0.058333 0.078704
1 0.455729 0.395833 0.063542 0.049074
1 0.616927 0.427778 0.067187 0.072222
1 0.778385 0.476852 0.053646 0.061111
1 0.861979 0.538426 0.055208 0.065741
1 0.817708 0.406019 0.048958 0.056481
3 0.697135 0.206944 0.088021 0.108333
1 0.567708 0.290741 0.043750 0.040741
1 0.680729 0.137963 0.038542 0.037037
1 0.621354 0.141667 0.042708 0.038889
1 0.642188 0.686574 0.066667 0.073148
3 0.490885 0.640278 0.083854 0.084259
1 0.178125 0.789352 0.069792 0.110185
1 0.322917 0.771296 0.060417 0.101852
1 0.089583 0.949074 0.073958 0.114815
3 0.980469 0.697685 0.213021 0.273148
