1 0.932617 0.060156 0.044922 0.032813
1 0.232422 0.296094 0.138672 0.145313
1 -0.066406 0.946094 0.162109 0.257812
1 -0.014160 1.137500 0.243164 0.350000
0 0.006836 0.063281 0.013672 0.032813
1 0.932617 0.060156 0.044922 0.032813
1 0.232422 0.296094 0.138672 0.145313
1 -0.066406 0.946094 0.162109 0.257812
1 -0.014160 1.137500 0.243164 0.350000
0 0.006836 0.063281 0.013672 0.032813
2 0.166504 0.074219 0.129883 0.060937
1 0.932617 0.060156 0.044922 0.032813
1 0.232422 0.296094 0.138672 0.145313
3 0.908203 0.650781 0.212891 0.239063
3 0.593262 0.123438 0.151367 0.103125
3 0.867188 0.182031 0.125000 0.117188
1 -0.066406 0.946094 0.162109 0.257812
1 -0.014160 1.137500 0.243164 0.350000
0 0.006836 0.063281 0.013672 0.032813
