1 0.427604 0.143056 0.030208 0.041667
1 0.969010 0.704630 0.067187 0.092593
1 0.510156 0.318519 0.033854 0.068519
1 0.782031 0.539815 0.071354 0.075926
0 0.173177 0.294907 0.014063 0.036111
1 0.392969 0.437037 0.048438 0.075926
1 0.932031 0.161574 0.052604 0.039815
1 0.239323 0.237037 0.044271 0.055556
1 0.366667 0.695833 0.058333 0.089815
1 0.269792 0.212963 0.044792 0.055556
1 0.880208 0.622222 0.070833 0.081481
1 0.015104 0.036111 0.031250 0.040741
3 0.884375 0.417130 0.123958 0.149074
2 0.120573 0.109259 0.114062 0.131481
1 0.427604 0.143056 0.030208 0.041667
2 0.153646 0.199537 0.130208 0.162037
1 0.969010 0.704630 0.067187 0.092593
1 0.510156 0.318519 0.033854 0.068519
1 0.782031 0.539815 0.071354 0.075926
0 0.173177 0.294907 0.014063 0.036111
1 0.392969 0.437037 0.048438 0.075926
1 0.932031 0.161574 0.052604 0.039815
3 0.199219 0.081019 0.079687 0.095370
1 0.239323 0.237037 0.044271 0.055556
1 0.366667 0.695833 0.058333 0.089815
1 0.269792 0.212963 0.044792 0.055556
3 0.031771 0.098611 0.051042 0.073148
1 0.880208 0.622222 0.070833 0.081481
1 0.015104 0.036111 0.031250 0.040741
3 0.997656 0.535648 0.005729 0.028704
