1 0.845703 0.056250 0.048828 0.025000
1 0.433105 0.332813 0.129883 0.146875
1 0.875000 0.164844 0.070312 0.076563
0 0.146973 0.117188 0.020508 0.046875
1 0.267578 0.061719 0.060547 0.035937
1 -0.089355 0.996094 0.202148 0.295312
1 0.845703 0.056250 0.048828 0.025000
1 0.433105 0.332813 0.129883 0.146875
1 0.875000 0.164844 0.070312 0.076563
0 0.146973 0.117188 0.020508 0.046875
1 0.267578 0.061719 0.060547 0.035937
1 -0.089355 0.996094 0.202148 0.295312
2 0.166504 0.074219 0.129883 0.060937
1 0.845703 0.056250 0.048828 0.025000
1 0.433105 0.332813 0.129883 0.146875
1 0.875000 0.164844 0.070312 0.076563
0 0.146973 0.117188 0.020508 0.046875
1 0.267578 0.061719 0.060547 0.035937
1 -0.089355 0.996094 0.202148 0.295312
