1 0.871615 0.620370 0.070312 0.081481
1 0.773698 0.542130 0.070312 0.075000
1 0.188542 0.106019 0.034375 0.043519
1 0.964323 0.701852 0.072396 0.090741
1 0.432031 0.432407 0.046354 0.062963
0 0.658073 0.881481 0.019271 0.044444
1 0.269792 0.870833 0.061458 0.113889
1 0.923958 0.819907 0.078125 0.102778
1 0.172396 0.801852 0.070833 0.111111
1 0.361198 0.436111 0.048438 0.066667
1 0.212760 0.058333 0.040104 0.040741
1 0.204427 0.305093 0.042188 0.065741
1 0.675000 0.118056 0.043750 0.036111
1 0.114062 0.148148 0.043750 0.051852
1 0.584375 0.324537 0.050000 0.054630
1 0.871615 0.620370 0.070312 0.081481
3 0.268490 0.149074 0.088021 0.107407
1 0.773698 0.542130 0.070312 0.075000
1 0.188542 0.106019 0.034375 0.043519
1 0.964323 0.701852 0.072396 0.090741
3 0.434375 0.108333 0.084375 0.105556
3 0.745052 0.299074 0.103646 0.140741
2 0.757292 0.860648 0.254167 0.367593
1 0.432031 0.432407 0.046354 0.062963
2 0.604948 0.564352 0.195312 0.241667
0 0.658073 0.881481 0.019271 0.044444
1 0.269792 0.870833 0.061458 0.113889
1 0.923958 0.819907 0.078125 0.102778
1 0.172396 0.801852 0.070833 0.111111
1 0.361198 0.436111 0.048438 0.066667
3 0.539844 0.223611 0.136979 0.149074
1 0.212760 0.058333 0.040104 0.040741
1 0.204427 0.305093 0.042188 0.065741
1 0.675000 0.118056 0.043750 0.036111
3 0.214583 0.981481 0.066667 0.072222
1 0.114062 0.148148 0.043750 0.051852
3 0.936719 0.458796 0.155729 0.152778
1 0.584375 0.324537 0.050000 0.054630
