1 0.874479 0.623611 0.070833 0.080556
1 0.776823 0.544444 0.070312 0.074074
1 0.191146 0.108796 0.034375 0.043519
1 0.965365 0.706944 0.070312 0.091667
1 0.970313 0.957870 0.082292 0.115741
1 0.645052 0.551852 0.067187 0.092593
1 0.257552 0.271296 0.039062 0.051852
0 0.463021 0.639352 0.022917 0.049074
1 0.271875 0.871759 0.061458 0.113889
1 0.481250 0.405556 0.048958 0.066667
1 0.175000 0.802778 0.070833 0.111111
1 0.178906 0.259722 0.041146 0.054630
1 0.568750 0.311111 0.053125 0.059259
1 0.075000 0.168056 0.042708 0.050926
1 0.836719 0.116204 0.045312 0.034259
