1 0.630469 0.415741 0.064062 0.062963
1 0.795052 0.541204 0.065104 0.075000
1 0.794531 0.464815 0.054688 0.062963
1 0.819010 0.381944 0.049479 0.056481
1 0.943490 0.663426 0.084896 0.089815
1 0.851562 0.132870 0.048958 0.034259
1 0.622135 0.114352 0.044271 0.039815
1 0.682031 0.110185 0.034896 0.038889
1 0.199219 0.110648 0.035937 0.039815
1 0.175521 0.770370 0.069792 0.112963
1 0.264062 0.856944 0.063542 0.112037
1 0.630469 0.415741 0.064062 0.062963
1 0.795052 0.541204 0.065104 0.075000
1 0.794531 0.464815 0.054688 0.062963
1 0.819010 0.381944 0.049479 0.056481
1 0.943490 0.663426 0.084896 0.089815
1 0.851562 0.132870 0.048958 0.034259
1 0.622135 0.114352 0.044271 0.039815
1 0.682031 0.110185 0.034896 0.038889
3 0.330469 0.188426 0.090104 0.113889
1 0.199219 0.110648 0.035937 0.039815
1 0.175521 0.770370 0.069792 0.112963
1 0.264062 0.856944 0.063542 0.112037
3 0.198698 0.987500 0.086979 0.104630
