1 0.484896 0.194444 0.048958 0.051852
1 0.014063 0.079167 0.041667 0.045370
1 0.238542 0.963426 0.065625 0.119444
0 0.318750 0.449537 0.016667 0.041667
1 0.858073 0.088889 0.019271 0.050000
1 0.711198 0.360648 0.052604 0.060185
1 0.507031 0.418056 0.053646 0.071296
1 0.376302 0.301852 0.047396 0.064815
1 0.778906 0.549537 0.064062 0.075000
1 0.866667 0.624074 0.075000 0.083333
1 0.477604 0.236574 0.055208 0.056481
1 0.969792 0.718519 0.082292 0.085185
1 0.484896 0.194444 0.048958 0.051852
1 0.014063 0.079167 0.041667 0.045370
3 0.958854 0.557870 0.091667 0.112037
1 0.238542 0.963426 0.065625 0.119444
0 0.318750 0.449537 0.016667 0.041667
3 0.632031 0.245370 0.065104 0.074074
1 0.858073 0.088889 0.019271 0.050000
1 0.711198 0.360648 0.052604 0.060185
1 0.507031 0.418056 0.053646 0.071296
1 0.376302 0.301852 0.047396 0.064815
3 0.624479 0.601389 0.088542 0.137963
3 0.438281 0.472685 0.089063 0.150926
3 0.211198 0.253704 0.099479 0.114815
1 0.778906 0.549537 0.064062 0.075000
1 0.866667 0.624074 0.075000 0.083333
1 0.477604 0.236574 0.055208 0.056481
1 0.969792 0.718519 0.082292 0.085185
3 0.083333 0.136574 0.050000 0.065741
2 0.223698 0.198611 0.142187 0.175000
