1 0.876302 0.627778 0.069271 0.081481
1 0.778906 0.547685 0.070312 0.075000
1 0.173437 0.088426 0.034375 0.043519
1 0.966667 0.709259 0.067708 0.090741
1 0.267969 0.224074 0.045312 0.057407
1 0.240104 0.249074 0.045833 0.057407
1 0.092188 0.067130 0.035417 0.041667
1 0.079427 0.109259 0.023438 0.044444
1 0.897656 0.984259 0.075521 0.111111
1 0.625781 0.698148 0.060937 0.094444
1 0.345313 0.095833 0.038542 0.039815
1 0.876302 0.627778 0.069271 0.081481
3 0.277344 0.149074 0.088021 0.109259
1 0.778906 0.547685 0.070312 0.075000
1 0.173437 0.088426 0.034375 0.043519
1 0.966667 0.709259 0.067708 0.090741
3 0.881510 0.423148 0.123438 0.153704
3 1.034896 0.517130 0.141667 0.117593
1 0.267969 0.224074 0.045312 0.057407
1 0.240104 0.249074 0.045833 0.057407
2 0.152344 0.212963 0.129688 0.161111
1 0.092188 0.067130 0.035417 0.041667
3 0.065104 0.145833 0.043750 0.075000
1 0.079427 0.109259 0.023438 0.044444
2 0.152604 0.146759 0.115625 0.134259
1 0.897656 0.984259 0.075521 0.111111
1 0.625781 0.698148 0.060937 0.094444
1 0.345313 0.095833 0.038542 0.039815
