1 0.409115 0.120370 0.031771 0.040741
1 0.968750 0.707870 0.067708 0.093519
1 0.506250 0.334259 0.032292 0.068519
1 0.782031 0.542593 0.071354 0.075926
0 0.173177 0.297685 0.014063 0.036111
1 0.408333 0.403704 0.044792 0.072222
1 0.974740 0.171759 0.053646 0.043519
1 0.239323 0.237963 0.044271 0.055556
1 0.396875 0.663889 0.057292 0.081481
1 0.269792 0.215741 0.044792 0.055556
1 0.879167 0.622222 0.070833 0.081481
1 0.024740 0.046759 0.033854 0.041667
3 0.883854 0.418056 0.123958 0.149074
2 0.125260 0.113889 0.115104 0.133333
1 0.409115 0.120370 0.031771 0.040741
2 0.153646 0.202315 0.130208 0.162037
1 0.968750 0.707870 0.067708 0.093519
1 0.506250 0.334259 0.032292 0.068519
1 0.782031 0.542593 0.071354 0.075926
0 0.173177 0.297685 0.014063 0.036111
1 0.408333 0.403704 0.044792 0.072222
1 0.974740 0.171759 0.053646 0.043519
3 0.214062 0.092593 0.082292 0.098148
1 0.239323 0.237963 0.044271 0.055556
1 0.396875 0.663889 0.057292 0.081481
1 0.269792 0.215741 0.044792 0.055556
3 0.040365 0.108333 0.052604 0.074074
1 0.879167 0.622222 0.070833 0.081481
1 0.024740 0.046759 0.033854 0.041667
3 0.992969 0.517593 0.015104 0.062963
