1 0.760742 0.118750 0.050781 0.087500
0 0.147949 0.117188 0.020508 0.046875
1 0.267578 0.061719 0.060547 0.035937
1 0.074707 0.055469 0.034180 0.023438
1 0.573242 0.178906 0.095703 0.104688
1 0.594727 0.732031 0.205078 0.260937
1 0.760742 0.118750 0.050781 0.087500
0 0.147949 0.117188 0.020508 0.046875
1 0.267578 0.061719 0.060547 0.035937
1 0.074707 0.055469 0.034180 0.023438
1 0.573242 0.178906 0.095703 0.104688
1 0.594727 0.732031 0.205078 0.260937
2 0.166504 0.074219 0.129883 0.060937
1 0.760742 0.118750 0.050781 0.087500
0 0.147949 0.117188 0.020508 0.046875
1 0.267578 0.061719 0.060547 0.035937
1 0.074707 0.055469 0.034180 0.023438
1 0.573242 0.178906 0.095703 0.104688
1 0.594727 0.732031 0.205078 0.260937
