1 0.877604 0.629630 0.069792 0.079630
1 0.779427 0.549074 0.069271 0.074074
1 0.189583 0.103241 0.034375 0.043519
1 0.967187 0.712963 0.067708 0.090741
1 0.268490 0.225926 0.045312 0.057407
1 0.241146 0.251852 0.045833 0.057407
1 0.130208 0.092593 0.033333 0.031481
1 0.082812 0.114352 0.021875 0.043519
1 0.747656 0.837500 0.070312 0.104630
1 0.278646 0.051389 0.038542 0.039815
1 0.225521 0.974537 0.067708 0.123148
1 0.877604 0.629630 0.069792 0.079630
3 0.277865 0.151852 0.088021 0.109259
1 0.779427 0.549074 0.069271 0.074074
1 0.189583 0.103241 0.034375 0.043519
1 0.967187 0.712963 0.067708 0.090741
3 0.882552 0.424074 0.123438 0.153704
3 1.035937 0.519907 0.141667 0.117593
1 0.268490 0.225926 0.045312 0.057407
1 0.241146 0.251852 0.045833 0.057407
2 0.152604 0.214815 0.129167 0.161111
1 0.130208 0.092593 0.033333 0.031481
3 0.065104 0.147685 0.043750 0.075000
1 0.082812 0.114352 0.021875 0.043519
2 0.156250 0.150926 0.115625 0.133333
1 0.747656 0.837500 0.070312 0.104630
1 0.278646 0.051389 0.038542 0.039815
1 0.225521 0.974537 0.067708 0.123148
