1 0.944824 0.061719 0.043945 0.035937
1 0.197754 0.048438 0.040039 0.009375
0 1.011230 0.807813 0.077148 0.137500
1 0.134766 0.063281 0.039062 0.039062
1 0.944824 0.061719 0.043945 0.035937
1 0.197754 0.048438 0.040039 0.009375
0 1.011230 0.807813 0.077148 0.137500
1 0.134766 0.063281 0.039062 0.039062
1 0.944824 0.061719 0.043945 0.035937
1 0.197754 0.048438 0.040039 0.009375
0 1.011230 0.807813 0.077148 0.137500
3 0.697266 0.304688 0.353516 0.387500
3 0.241211 0.084375 0.083984 0.081250
1 0.134766 0.063281 0.039062 0.039062
2 0.904297 0.317188 0.496094 0.503125
3 0.810547 0.075000 0.107422 0.062500
