1 0.163802 0.609259 0.063021 0.103704
1 0.333333 0.438426 0.067708 0.065741
1 0.497917 0.381944 0.062500 0.058333
1 0.778125 0.476852 0.054167 0.061111
1 0.862760 0.516204 0.041146 0.019444
1 0.817187 0.406481 0.048958 0.057407
1 0.646354 0.255556 0.040625 0.042593
1 0.680729 0.138889 0.038542 0.037037
1 0.621354 0.142593 0.042708 0.038889
1 0.808073 0.806019 0.071354 0.091667
1 0.176823 0.790278 0.070312 0.110185
1 0.433854 0.665278 0.066667 0.073148
1 0.090885 0.943519 0.074479 0.114815
1 0.269271 0.883796 0.067708 0.125000
