1 0.873177 0.611111 0.071354 0.079630
1 0.775000 0.534722 0.069792 0.075000
1 0.185417 0.103241 0.034375 0.043519
1 0.967448 0.692593 0.075521 0.090741
1 0.270313 0.867130 0.061458 0.113889
1 0.176563 0.790278 0.070833 0.112037
1 0.622396 0.123148 0.042708 0.035185
1 0.685156 0.118519 0.035937 0.037037
1 0.321875 0.054630 0.040625 0.033333
1 0.198437 0.041204 0.036458 0.036111
1 0.733594 0.271759 0.041146 0.056481
1 0.469271 0.192130 0.044792 0.047222
1 0.592708 0.277315 0.046875 0.049074
1 0.999219 0.520833 0.056771 0.062037
1 0.873177 0.611111 0.071354 0.079630
3 0.265885 0.144444 0.088021 0.105556
1 0.775000 0.534722 0.069792 0.075000
1 0.185417 0.103241 0.034375 0.043519
1 0.967448 0.692593 0.075521 0.090741
1 0.270313 0.867130 0.061458 0.113889
1 0.176563 0.790278 0.070833 0.112037
1 0.622396 0.123148 0.042708 0.035185
3 0.214844 0.979167 0.068229 0.073148
1 0.685156 0.118519 0.035937 0.037037
1 0.321875 0.054630 0.040625 0.033333
1 0.198437 0.041204 0.036458 0.036111
1 0.733594 0.271759 0.041146 0.056481
1 0.469271 0.192130 0.044792 0.047222
1 0.592708 0.277315 0.046875 0.049074
1 0.999219 0.520833 0.056771 0.062037
