1 0.872656 0.611574 0.071354 0.078704
1 0.775000 0.534722 0.069792 0.075000
1 0.185417 0.102315 0.034375 0.043519
1 0.967448 0.692593 0.075521 0.090741
1 0.270313 0.867130 0.061458 0.113889
1 0.176563 0.790278 0.070833 0.112037
1 0.622917 0.123148 0.042708 0.035185
1 0.686719 0.118519 0.035937 0.037037
1 0.374740 0.087500 0.042188 0.036111
1 0.266406 0.089352 0.038021 0.037963
1 0.753646 0.312963 0.051042 0.057407
1 0.558594 0.254630 0.047396 0.051852
1 0.710938 0.358333 0.053125 0.055556
1 0.872656 0.611574 0.071354 0.078704
3 0.266406 0.144444 0.088021 0.105556
1 0.775000 0.534722 0.069792 0.075000
1 0.185417 0.102315 0.034375 0.043519
1 0.967448 0.692593 0.075521 0.090741
1 0.270313 0.867130 0.061458 0.113889
1 0.176563 0.790278 0.070833 0.112037
1 0.622917 0.123148 0.042708 0.035185
3 0.214844 0.978241 0.068229 0.073148
3 0.205729 -0.041204 0.077083 0.091667
1 0.686719 0.118519 0.035937 0.037037
1 0.374740 0.087500 0.042188 0.036111
1 0.266406 0.089352 0.038021 0.037963
1 0.753646 0.312963 0.051042 0.057407
1 0.558594 0.254630 0.047396 0.051852
1 0.710938 0.358333 0.053125 0.055556
