1 0.875000 0.637963 0.069792 0.079630
1 0.777865 0.556019 0.071354 0.078704
1 0.197917 0.116204 0.034375 0.043519
1 0.966406 0.720833 0.069271 0.091667
1 0.302865 0.265741 0.045312 0.057407
1 0.285417 0.300463 0.045833 0.058333
1 0.228906 0.192130 0.042188 0.062037
1 0.089323 0.130093 0.023438 0.045370
0 0.221094 0.362963 0.014063 0.033333
1 0.275000 0.880093 0.061458 0.112037
1 0.667188 0.384259 0.061458 0.061111
1 0.172396 0.138426 0.020833 0.019444
1 0.178646 0.810648 0.070833 0.110185
1 0.022135 0.120833 0.035937 0.045370
1 0.875000 0.637963 0.069792 0.079630
3 0.276302 0.159722 0.088021 0.108333
1 0.777865 0.556019 0.071354 0.078704
1 0.197917 0.116204 0.034375 0.043519
1 0.966406 0.720833 0.069271 0.091667
3 0.846875 0.407407 0.120833 0.151852
3 1.029167 0.523611 0.141667 0.117593
1 0.302865 0.265741 0.045312 0.057407
1 0.285417 0.300463 0.045833 0.058333
2 0.186979 0.256481 0.134375 0.164815
1 0.228906 0.192130 0.042188 0.062037
3 0.073438 0.161574 0.053125 0.075000
1 0.089323 0.130093 0.023438 0.045370
2 0.162760 0.167593 0.116146 0.133333
0 0.221094 0.362963 0.014063 0.033333
1 0.275000 0.880093 0.061458 0.112037
1 0.667188 0.384259 0.061458 0.061111
1 0.172396 0.138426 0.020833 0.019444
1 0.178646 0.810648 0.070833 0.110185
1 0.022135 0.120833 0.035937 0.045370
