1 0.459635 0.232407 0.021354 0.048148
1 0.969010 0.701389 0.067187 0.093519
1 0.528385 0.274074 0.035937 0.061111
1 0.782031 0.536111 0.071354 0.075926
0 0.172656 0.290278 0.014063 0.036111
1 0.329948 0.538426 0.058854 0.086111
1 0.820052 0.165741 0.046354 0.038889
1 0.239323 0.232407 0.044271 0.055556
1 0.282031 0.842593 0.059896 0.107407
1 0.269792 0.210185 0.044792 0.055556
1 0.880729 0.617593 0.070833 0.081481
3 0.884896 0.412500 0.123958 0.149074
2 0.101823 0.088889 0.113021 0.129630
1 0.459635 0.232407 0.021354 0.048148
2 0.153646 0.197685 0.130208 0.162037
1 0.969010 0.701389 0.067187 0.093519
1 0.528385 0.274074 0.035937 0.061111
1 0.782031 0.536111 0.071354 0.075926
0 0.172656 0.290278 0.014063 0.036111
1 0.329948 0.538426 0.058854 0.086111
1 0.820052 0.165741 0.046354 0.038889
3 0.141667 0.040741 0.081250 0.081481
1 0.239323 0.232407 0.044271 0.055556
1 0.282031 0.842593 0.059896 0.107407
1 0.269792 0.210185 0.044792 0.055556
3 0.012500 0.073611 0.026042 0.062037
1 0.880729 0.617593 0.070833 0.081481
