1 0.932617 0.060156 0.044922 0.032813
1 0.365723 0.185938 0.137695 0.100000
1 0.840820 0.660156 0.167969 0.192188
1 0.690918 0.132031 0.120117 0.073438
1 -0.067383 0.947656 0.162109 0.257812
1 -0.017090 1.142187 0.243164 0.350000
1 0.932617 0.060156 0.044922 0.032813
1 0.365723 0.185938 0.137695 0.100000
1 0.840820 0.660156 0.167969 0.192188
1 0.690918 0.132031 0.120117 0.073438
1 -0.067383 0.947656 0.162109 0.257812
1 -0.017090 1.142187 0.243164 0.350000
2 0.166504 0.074219 0.129883 0.060937
1 0.932617 0.060156 0.044922 0.032813
1 0.365723 0.185938 0.137695 0.100000
1 0.840820 0.660156 0.167969 0.192188
1 0.690918 0.132031 0.120117 0.073438
3 0.353027 1.053125 0.325195 0.384375
3 0.995117 0.247656 0.123047 0.126562
1 -0.067383 0.947656 0.162109 0.257812
1 -0.017090 1.142187 0.243164 0.350000
