1 0.846615 0.450926 0.072396 0.075926
0 0.181510 0.295833 0.016146 0.039815
1 0.294792 0.801852 0.066667 0.112963
1 0.213542 0.709259 0.077083 0.114815
1 0.439844 0.219444 0.025521 0.053704
1 0.266667 0.194444 0.044792 0.061111
1 0.214062 0.151389 0.042708 0.050926
1 0.772656 0.527778 0.064062 0.074074
1 0.860417 0.600000 0.075000 0.083333
1 0.834375 0.499074 0.072917 0.077778
1 0.960677 0.690741 0.079687 0.088889
1 0.357031 0.497222 0.051562 0.077778
1 0.846615 0.450926 0.072396 0.075926
0 0.181510 0.295833 0.016146 0.039815
1 0.294792 0.801852 0.066667 0.112963
1 0.213542 0.709259 0.077083 0.114815
1 0.439844 0.219444 0.025521 0.053704
1 0.266667 0.194444 0.044792 0.061111
1 0.214062 0.151389 0.042708 0.050926
3 0.209635 0.187500 0.061979 0.089815
3 0.189323 0.217130 0.077604 0.115741
3 0.109896 0.149537 0.089583 0.113889
1 0.772656 0.527778 0.064062 0.074074
1 0.860417 0.600000 0.075000 0.083333
1 0.834375 0.499074 0.072917 0.077778
1 0.960677 0.690741 0.079687 0.088889
3 0.043490 0.095833 0.049479 0.065741
2 0.050781 0.050463 0.125521 0.125000
3 0.350000 0.063426 0.061458 0.082407
1 0.357031 0.497222 0.051562 0.077778
