1 0.874219 0.638426 0.069271 0.080556
3 0.275260 0.160648 0.088021 0.108333
1 0.777865 0.557407 0.071354 0.075926
1 0.196875 0.117130 0.034375 0.043519
1 0.965625 0.721759 0.069792 0.091667
3 0.816667 0.387037 0.117708 0.146296
3 1.009375 0.508796 0.141667 0.117593
1 0.353906 0.310185 0.049479 0.061111
1 0.334896 0.346296 0.047917 0.061111
2 0.215885 0.286111 0.139063 0.170370
1 0.255469 0.217593 0.044271 0.062963
3 0.093229 0.181019 0.054167 0.075000
1 0.099219 0.135648 0.034896 0.045370
2 0.181250 0.184722 0.118750 0.137963
0 0.246094 0.393056 0.014063 0.034259
1 0.275521 0.881944 0.061458 0.112037
1 0.582031 0.316204 0.054688 0.054630
1 0.189062 0.153241 0.020833 0.019444
1 0.179688 0.812500 0.070833 0.110185
1 0.031510 0.129167 0.035937 0.045370
3 1.086458 0.631019 0.203125 0.208333
