1 0.848177 0.451852 0.072396 0.075926
0 0.181510 0.295833 0.016146 0.039815
1 0.283854 0.819907 0.066667 0.117593
1 0.204167 0.723148 0.077083 0.118519
1 0.441667 0.229630 0.023958 0.055556
1 0.266667 0.194444 0.044792 0.061111
1 0.214062 0.151389 0.042708 0.050926
3 0.209635 0.187500 0.061979 0.089815
3 0.189323 0.216667 0.077604 0.116667
3 0.109896 0.149537 0.089583 0.113889
1 0.772656 0.527778 0.064062 0.074074
1 0.859896 0.599074 0.075000 0.083333
1 0.834375 0.500000 0.072917 0.077778
1 0.960677 0.690741 0.079687 0.088889
3 0.043490 0.095833 0.049479 0.065741
2 0.049219 0.049537 0.125521 0.125000
3 0.357552 0.070370 0.060937 0.083333
1 0.349479 0.511111 0.053125 0.077778
