1 0.870052 0.620370 0.070312 0.081481
3 0.267448 0.148148 0.088021 0.107407
1 0.772917 0.541204 0.070833 0.076852
1 0.186979 0.106944 0.034375 0.043519
1 0.963802 0.701852 0.074479 0.090741
3 0.304427 0.022222 0.071354 0.094444
3 0.720052 0.230556 0.044271 0.133333
2 0.940625 1.100463 0.277083 0.406481
1 0.622135 0.614815 0.053646 0.075926
2 0.843750 0.793981 0.256250 0.310185
1 0.268229 0.870833 0.061458 0.113889
1 0.171354 0.803241 0.070833 0.112037
1 0.538542 0.621296 0.055208 0.077778
3 0.377083 0.111574 0.113542 0.132407
1 0.207031 0.492593 0.039062 0.092593
1 0.628646 0.127315 0.042708 0.036111
3 0.213281 0.982407 0.067187 0.072222
1 0.222135 0.241204 0.046354 0.058333
3 0.817448 0.375000 0.139063 0.138889
1 0.299479 0.120833 0.037500 0.037963
1 0.830208 0.465278 0.063542 0.065741
1 0.967708 0.133333 0.036458 0.033333
