1 0.876823 0.628704 0.068229 0.079630
3 0.277865 0.151852 0.088021 0.109259
1 0.779687 0.548148 0.068750 0.074074
1 0.186979 0.099537 0.034375 0.043519
1 0.967187 0.712963 0.067708 0.090741
3 0.882031 0.424074 0.123438 0.153704
3 1.034896 0.518981 0.141667 0.117593
1 0.268490 0.225926 0.045312 0.057407
1 0.240625 0.251852 0.045833 0.057407
2 0.152604 0.214815 0.129167 0.161111
1 0.120573 0.086111 0.036979 0.029630
3 0.065104 0.147685 0.043750 0.075000
1 0.081771 0.114352 0.021875 0.043519
2 0.155208 0.150926 0.115625 0.133333
1 0.711719 0.798148 0.068229 0.101852
1 0.296875 0.064352 0.038542 0.039815
1 0.213542 1.001389 0.067708 0.123148
