1 0.341927 0.087963 0.044271 0.046296
1 0.051042 0.112037 0.035417 0.050000
3 0.855990 0.472222 0.090104 0.103704
1 0.279948 0.881019 0.060937 0.110185
1 0.187760 1.037500 0.073438 0.080556
0 0.376042 0.525000 0.018750 0.042593
3 0.513802 0.162963 0.056771 0.068519
1 0.825000 0.131481 0.035417 0.042593
1 0.576823 0.262963 0.045312 0.050000
1 0.713021 0.617593 0.066667 0.088889
1 0.504948 0.419907 0.049479 0.067593
3 0.934115 0.925926 0.118229 0.175926
3 0.598958 0.651852 0.104167 0.179630
3 0.264583 0.306944 0.103125 0.121296
1 0.779427 0.549537 0.064062 0.075000
1 0.867188 0.623148 0.075000 0.083333
1 0.328385 0.123611 0.045312 0.047222
1 0.970313 0.717593 0.082292 0.085185
3 0.118229 0.170370 0.048958 0.064815
2 0.291927 0.261111 0.151562 0.188889
