1 0.875521 0.626852 0.069792 0.081481
3 0.273698 0.151389 0.088021 0.108333
1 0.777344 0.547222 0.070312 0.075926
1 0.193229 0.111574 0.034375 0.043519
1 0.966667 0.708796 0.069792 0.091667
3 0.724740 0.308333 0.107813 0.133333
3 0.919010 0.428241 0.136979 0.112037
1 0.610156 0.525463 0.060937 0.076852
1 0.552083 0.548148 0.059375 0.072222
2 0.338802 0.394444 0.159896 0.203704
1 0.385677 0.325926 0.054688 0.074074
3 0.182812 0.258796 0.058333 0.086111
1 0.164062 0.186574 0.035417 0.047222
2 0.267188 0.251852 0.133333 0.153704
0 0.336198 0.490741 0.015104 0.033333
1 0.273958 0.873611 0.061458 0.113889
1 0.313802 0.093519 0.041146 0.038889
1 0.291927 0.229630 0.028646 0.025926
1 0.176563 0.803704 0.070833 0.111111
1 0.087760 0.175000 0.036979 0.048148
3 0.957812 0.522222 0.198958 0.207407
1 0.997656 0.645833 0.071354 0.084259
