1 0.875260 0.629167 0.069271 0.080556
3 0.273698 0.152315 0.088021 0.108333
1 0.777604 0.550926 0.070833 0.075926
1 0.193750 0.112500 0.034375 0.043519
1 0.966146 0.711574 0.069792 0.091667
3 0.746354 0.324537 0.111458 0.137963
3 0.935417 0.442130 0.139583 0.113889
1 0.547917 0.472685 0.058333 0.073148
1 0.499219 0.496759 0.055729 0.071296
2 0.312240 0.370833 0.155729 0.193519
1 0.356771 0.300926 0.053125 0.072222
3 0.164583 0.241667 0.057292 0.083333
1 0.147917 0.173148 0.035417 0.046296
2 0.251042 0.238426 0.130208 0.152778
0 0.316667 0.473148 0.015625 0.033333
1 0.273958 0.875463 0.061458 0.113889
1 0.358854 0.129167 0.042708 0.041667
1 0.269010 0.212963 0.028646 0.025926
1 0.177083 0.806481 0.070833 0.111111
1 0.073698 0.163889 0.036979 0.048148
3 0.987240 0.546296 0.199479 0.207407
