1 0.876563 0.628704 0.068750 0.079630
3 0.277865 0.151852 0.088021 0.109259
1 0.778906 0.548148 0.070312 0.074074
1 0.183333 0.096759 0.034375 0.043519
1 0.967187 0.712963 0.067708 0.090741
3 0.881510 0.423148 0.123438 0.153704
3 1.034896 0.517130 0.141667 0.117593
1 0.268490 0.225926 0.045312 0.057407
1 0.240625 0.250926 0.045833 0.057407
2 0.152604 0.213889 0.129167 0.161111
1 0.111719 0.078704 0.035937 0.029630
3 0.065104 0.147685 0.043750 0.075000
1 0.081250 0.112500 0.021875 0.043519
2 0.154688 0.149074 0.115625 0.133333
1 0.682813 0.766204 0.065625 0.099074
1 0.311979 0.074537 0.038542 0.039815
1 0.201823 1.027778 0.068229 0.124074
