1 0.877604 0.629630 0.069792 0.079630
3 0.277865 0.151852 0.088021 0.109259
1 0.779687 0.550000 0.068750 0.074074
1 0.191667 0.105093 0.034375 0.043519
1 0.967187 0.713426 0.067708 0.091667
3 0.882552 0.424074 0.123438 0.153704
3 1.035937 0.519907 0.141667 0.117593
1 0.268490 0.225926 0.045312 0.057407
1 0.241146 0.251852 0.045833 0.057407
2 0.152604 0.214815 0.129167 0.161111
1 0.136979 0.095370 0.033333 0.031481
3 0.065104 0.146759 0.043750 0.075000
1 0.082031 0.114815 0.019271 0.042593
2 0.156250 0.150926 0.115625 0.133333
1 0.781771 0.875926 0.073958 0.107407
1 0.262500 0.042130 0.037500 0.037963
1 0.234896 0.955093 0.066667 0.121296
