3 0.884896 0.414352 0.123958 0.149074
2 0.081250 0.073611 0.112500 0.126852
1 0.447917 0.321759 0.033333 0.056481
2 0.154688 0.198611 0.130208 0.162037
1 0.968490 0.702778 0.065104 0.092593
1 0.548958 0.241667 0.037500 0.055556
1 0.782031 0.537963 0.071354 0.075926
0 0.173177 0.291204 0.014063 0.036111
1 0.270313 0.636111 0.063542 0.096296
1 0.731510 0.208333 0.045312 0.044444
3 0.091146 0.019444 0.065625 0.040741
1 0.240365 0.234259 0.044271 0.055556
1 0.269271 0.211111 0.044792 0.055556
1 0.880729 0.619444 0.070833 0.081481
