1 0.401823 0.361111 0.060937 0.046296
1 0.618750 0.425000 0.056250 0.061111
1 0.748698 0.517593 0.070312 0.074074
1 0.776823 0.467130 0.053646 0.062037
1 0.815885 0.398148 0.048438 0.053704
1 0.944531 0.679167 0.089063 0.100926
1 0.620573 0.133796 0.043229 0.037963
1 0.680469 0.129167 0.035937 0.036111
3 0.456771 0.274537 0.108333 0.106481
1 0.313021 0.207870 0.037500 0.043519
1 0.321094 0.758333 0.059896 0.098148
1 0.181250 0.775926 0.069792 0.109259
3 0.230990 0.948611 0.090104 0.165741
1 1.004427 0.643981 0.061979 0.075000
