1 0.877604 0.634259 0.069792 0.081481
3 0.276823 0.156019 0.088021 0.108333
1 0.780469 0.553241 0.070312 0.075000
1 0.197917 0.112500 0.034375 0.043519
1 0.968750 0.718056 0.067708 0.091667
3 0.877865 0.425000 0.123438 0.153704
3 1.033854 0.523611 0.141667 0.117593
1 0.270052 0.233333 0.045312 0.057407
1 0.247917 0.263889 0.045833 0.057407
2 0.158333 0.225926 0.130208 0.161111
1 0.210156 0.173148 0.041146 0.059259
3 0.065885 0.152315 0.049479 0.075000
1 0.086198 0.126852 0.019271 0.044444
2 0.156510 0.155093 0.116146 0.134259
0 0.192448 0.332407 0.015104 0.033333
1 0.274479 0.876389 0.062500 0.112037
1 0.776042 0.468981 0.067708 0.071296
1 0.153125 0.118981 0.020833 0.019444
1 0.178646 0.806944 0.070833 0.110185
1 0.011198 0.106944 0.035937 0.045370
