1 0.713802 0.825463 0.072396 0.099074
1 0.521094 0.640278 0.069271 0.060185
1 0.174479 0.789815 0.069792 0.111111
1 0.089323 0.943056 0.073438 0.115741
1 0.042188 0.788889 0.084375 0.135185
1 0.237500 0.490741 0.068750 0.094444
3 0.874740 0.605556 0.250521 0.279630
1 0.777083 0.467130 0.053125 0.039815
1 0.816927 0.409722 0.049479 0.054630
1 0.619531 0.147685 0.045312 0.036111
1 0.679688 0.141204 0.035417 0.037963
1 0.780729 0.185648 0.037500 0.037963
3 0.953125 0.161574 0.098958 0.086111
3 0.213021 0.967130 0.071875 0.067593
