3 0.886458 0.416204 0.123958 0.149074
2 0.053646 0.060185 0.107292 0.120370
1 0.401562 0.420833 0.042708 0.065741
2 0.155729 0.199537 0.130208 0.160185
1 0.979167 0.711111 0.041667 0.068519
1 0.577604 0.211111 0.039583 0.051852
1 0.782031 0.538889 0.071354 0.075926
0 0.173177 0.293056 0.014063 0.036111
1 0.216406 0.727778 0.069271 0.107407
1 0.639583 0.284259 0.046875 0.051852
1 0.240365 0.235185 0.044271 0.055556
0 0.408854 0.003241 0.018750 0.023148
1 0.269271 0.212037 0.044792 0.055556
0 0.719010 0.968519 0.029687 0.053704
1 0.881250 0.620833 0.070833 0.082407
