1 0.868750 0.616204 0.070833 0.080556
3 0.265885 0.147222 0.088021 0.105556
1 0.771354 0.539352 0.068750 0.075000
1 0.185417 0.106019 0.034375 0.043519
1 0.962760 0.697222 0.075521 0.090741
3 0.844792 0.134259 0.092708 0.081481
1 0.267708 0.869907 0.061458 0.113889
1 0.170833 0.800463 0.070833 0.112037
1 0.623437 0.126852 0.042708 0.035185
3 0.212760 0.981019 0.068229 0.073148
1 0.600260 0.581481 0.065104 0.087037
3 0.506510 0.161574 0.096354 0.108333
1 0.187240 0.031481 0.038021 0.038889
1 0.733073 0.109259 0.035937 0.037037
1 0.409896 0.197685 0.037500 0.041667
1 0.702083 0.313426 0.055208 0.054630
1 0.643750 0.328241 0.045833 0.049074
1 0.791146 0.473611 0.061458 0.063889
