1 0.555208 0.249537 0.054167 0.056481
1 0.003125 0.067130 0.041667 0.052778
3 0.983073 0.576852 0.070312 0.083333
1 0.199740 1.049074 0.065104 0.120370
0 0.296094 0.425463 0.019271 0.039815
3 0.684375 0.285185 0.067708 0.074074
1 0.856510 0.064815 0.023438 0.050000
1 0.773958 0.412037 0.055208 0.064815
1 0.439844 0.358796 0.051562 0.067593
1 0.330208 0.265741 0.043750 0.057407
3 0.521094 0.498148 0.074479 0.114815
3 0.375260 0.409259 0.085938 0.140741
3 0.189583 0.235185 0.096875 0.114815
1 0.777344 0.551389 0.064062 0.075000
1 0.864583 0.626852 0.075000 0.083333
1 0.547917 0.291667 0.058333 0.062963
1 0.967708 0.720370 0.082292 0.085185
3 0.069531 0.126389 0.049479 0.065741
2 0.196354 0.175463 0.138542 0.169444
