1 0.879687 0.630556 0.068750 0.079630
3 0.277865 0.152778 0.088021 0.109259
1 0.781510 0.550926 0.071354 0.074074
1 0.199479 0.110648 0.034375 0.043519
1 0.969792 0.714352 0.067708 0.091667
3 0.884115 0.425000 0.123438 0.153704
3 1.037500 0.521759 0.141667 0.117593
1 0.268490 0.226852 0.045312 0.057407
1 0.241667 0.251852 0.045833 0.057407
2 0.152604 0.214815 0.129167 0.161111
1 0.188021 0.138426 0.034375 0.032407
3 0.064583 0.147685 0.043750 0.075000
1 0.085417 0.118056 0.017708 0.041667
2 0.157292 0.151389 0.115625 0.134259
1 0.270313 0.879167 0.062500 0.113889
1 0.873437 0.540741 0.073958 0.075926
1 0.052865 0.044444 0.035937 0.042593
1 0.124740 0.900463 0.075521 0.125000
