3 0.907813 0.435185 0.127083 0.153704
2 0.023958 0.034722 0.048958 0.071296
1 0.279948 0.618519 0.054688 0.083333
2 0.156250 0.202315 0.130208 0.160185
1 0.630469 0.174537 0.041146 0.045370
1 0.782552 0.541667 0.070312 0.075926
0 0.170573 0.292130 0.014063 0.036111
1 0.145833 0.854167 0.076042 0.125000
1 0.482292 0.445370 0.056250 0.072222
1 0.240885 0.238889 0.044271 0.055556
0 0.484635 0.025463 0.017188 0.026852
1 0.268229 0.212963 0.044792 0.055556
0 0.636198 0.849537 0.025521 0.050926
1 0.903646 0.642593 0.072917 0.083333
