0 0.806250 0.082870 0.018750 0.028704
1 0.839323 0.450000 0.071354 0.072222
0 0.183594 0.298611 0.016146 0.039815
1 0.347917 0.054630 0.042708 0.042593
1 0.940885 0.528704 0.064062 0.072222
1 0.269531 0.196759 0.045312 0.060185
1 0.219010 0.155556 0.043229 0.050000
3 0.215885 0.194444 0.064062 0.090741
3 0.193229 0.220370 0.078125 0.118519
3 0.114583 0.151852 0.088542 0.112963
1 0.775260 0.533796 0.064062 0.075000
1 0.863021 0.607407 0.075000 0.083333
1 0.835938 0.508333 0.072917 0.075926
1 0.965365 0.699074 0.083854 0.088889
3 0.047656 0.096759 0.049479 0.065741
2 0.099219 0.075463 0.127604 0.149074
1 0.268750 -0.005093 0.035417 0.036111
