1 0.877083 0.627778 0.070833 0.081481
3 0.277344 0.147222 0.088021 0.109259
1 0.779948 0.547222 0.070312 0.074074
1 0.144792 0.061111 0.033333 0.042593
1 0.966667 0.709259 0.067708 0.090741
3 0.882031 0.422222 0.123438 0.153704
3 1.034375 0.517130 0.141667 0.117593
1 0.268490 0.221296 0.045312 0.057407
1 0.240104 0.244444 0.045833 0.057407
2 0.152604 0.209722 0.129167 0.160185
1 0.048177 0.029630 0.041146 0.055556
3 0.064062 0.141204 0.043750 0.075000
1 0.074479 0.099537 0.026042 0.043519
2 0.148958 0.140278 0.115625 0.134259
1 0.713021 0.779630 0.063542 0.094444
1 0.541406 0.572685 0.046354 0.087963
1 0.406771 0.151389 0.035417 0.045370
