1 0.873177 0.610648 0.071354 0.080556
3 0.265885 0.144444 0.088021 0.105556
1 0.775000 0.533333 0.069792 0.075926
1 0.184375 0.103241 0.034375 0.043519
1 0.967448 0.691667 0.075521 0.090741
1 0.269271 0.867130 0.061458 0.113889
1 0.176563 0.788426 0.070833 0.112037
1 0.622396 0.123148 0.042708 0.035185
3 0.214323 0.979167 0.068229 0.073148
1 0.683594 0.117593 0.035937 0.037037
1 0.276823 0.025000 0.038021 0.033333
1 0.142969 0.000000 0.035937 0.035185
1 0.727083 0.240278 0.028125 0.054630
1 0.399740 0.141204 0.042188 0.045370
1 0.504948 0.214815 0.044271 0.048148
1 0.957031 0.489352 0.055729 0.060185
1 0.988021 0.620370 0.063542 0.074074
