3 0.645312 0.692593 0.082292 0.100000
1 0.961979 0.956019 0.076042 0.106481
1 0.196615 0.787963 0.060937 0.096296
2 0.162240 0.216667 0.127604 0.161111
3 0.285156 0.465741 0.073438 0.100000
1 0.691667 0.167593 0.041667 0.038889
1 0.820052 0.586111 0.073438 0.081481
0 0.005469 0.143056 0.013021 0.032407
1 0.105469 0.780093 0.073438 0.123148
1 0.232031 0.834259 0.072396 0.131481
3 0.415625 0.392130 0.065625 0.073148
1 0.210677 0.215741 0.041146 0.050000
0 0.851823 0.106019 0.021354 0.026852
1 0.098177 0.075926 0.038021 0.044444
0 0.313542 0.894907 0.021875 0.052778
