1 0.840365 0.447222 0.072396 0.072222
0 0.180990 0.295833 0.016146 0.039815
1 0.433073 0.677778 0.067187 0.074074
1 0.324479 0.535648 0.063542 0.093519
1 0.384635 0.122685 0.036979 0.045370
1 0.266667 0.195370 0.044792 0.061111
1 0.214583 0.153241 0.042708 0.050926
3 0.209635 0.188426 0.061979 0.089815
3 0.188802 0.217593 0.077604 0.116667
3 0.109896 0.149537 0.089583 0.113889
1 0.772656 0.530556 0.064062 0.074074
1 0.859375 0.601852 0.075000 0.083333
1 0.833854 0.500926 0.072917 0.077778
1 0.963281 0.692593 0.083854 0.088889
3 0.044010 0.096759 0.049479 0.065741
2 0.061719 0.061111 0.128646 0.125926
3 0.258594 0.018981 0.057813 0.043519
1 0.434115 0.365278 0.040104 0.067593
