1 0.872396 0.622222 0.069792 0.081481
3 0.269531 0.150000 0.088021 0.107407
1 0.774479 0.543519 0.069792 0.074074
1 0.189583 0.107870 0.034375 0.043519
1 0.964844 0.704630 0.071354 0.090741
3 0.494271 0.145833 0.087500 0.110185
3 0.770833 0.333796 0.115625 0.137963
2 0.669271 0.751852 0.228125 0.320370
1 1.029948 0.904630 0.086979 0.124074
3 0.085417 0.760185 0.086458 0.170370
1 0.358854 0.364352 0.043750 0.058333
2 0.519792 0.484722 0.176042 0.221296
0 0.585677 0.783333 0.020313 0.044444
1 0.271354 0.870833 0.061458 0.113889
1 0.730208 0.633796 0.064583 0.084259
1 0.173437 0.802778 0.070833 0.111111
1 0.289583 0.364352 0.044792 0.060185
3 0.622917 0.280093 0.146875 0.163889
1 0.323437 0.133333 0.042708 0.044444
1 0.166406 0.254167 0.047396 0.056481
1 0.718490 0.114352 0.043229 0.036111
3 0.216667 0.982407 0.066667 0.072222
1 0.065625 0.109722 0.042708 0.050926
3 0.992969 0.499537 0.158854 0.154630
1 0.752344 0.448611 0.054688 0.065741
