3 0.537240 0.659259 0.077604 0.074074
1 0.768750 0.774074 0.063542 0.088889
1 0.198437 0.794444 0.060417 0.096296
2 0.164844 0.222685 0.127604 0.162037
3 0.391146 0.393519 0.070833 0.075926
1 0.691927 0.172685 0.041146 0.039815
1 0.883854 0.648148 0.076042 0.087037
1 0.086198 0.772685 0.075521 0.125000
1 0.234375 0.554630 0.060417 0.094444
1 0.233594 0.839815 0.072396 0.127778
3 0.521875 0.389352 0.064583 0.065741
1 0.183073 0.193981 0.044271 0.045370
0 0.934115 0.128704 0.023438 0.029630
1 0.035677 0.025000 0.036979 0.044444
0 0.269271 0.993519 0.013542 0.012963
