3 0.860677 0.863889 0.101562 0.148148
1 0.584635 0.704630 0.066146 0.083333
1 0.387240 0.688889 0.067187 0.090741
1 0.175000 0.788889 0.069792 0.111111
1 0.089323 0.943056 0.073438 0.115741
1 -0.021094 0.945833 0.077604 0.137963
1 0.184635 0.574537 0.071354 0.097222
1 0.354427 0.397685 0.068229 0.071296
3 0.880208 0.618056 0.239583 0.291667
1 0.777604 0.469907 0.053125 0.045370
1 0.816927 0.409722 0.049479 0.054630
1 0.619531 0.143981 0.045312 0.036111
1 0.679688 0.138426 0.035417 0.037963
1 0.718229 0.212963 0.036458 0.038889
3 0.860677 0.150000 0.093229 0.081481
