1 0.869271 0.468056 0.073958 0.076852
0 0.181510 0.295833 0.016146 0.039815
1 0.220573 0.949074 0.067187 0.129630
1 0.145313 0.832870 0.085417 0.137963
1 0.441927 0.292130 0.028646 0.062037
1 0.266927 0.193056 0.044271 0.060185
1 0.214062 0.150463 0.042708 0.050926
3 0.209635 0.186574 0.061979 0.089815
3 0.189062 0.216204 0.078125 0.117593
3 0.109375 0.147685 0.089583 0.112037
1 0.772656 0.525926 0.064062 0.074074
1 0.860938 0.597222 0.075000 0.083333
1 0.835938 0.499074 0.072917 0.077778
1 0.960417 0.691204 0.078125 0.091667
3 0.043490 0.095833 0.049479 0.065741
2 0.048958 0.050926 0.110417 0.111111
3 0.400260 0.106481 0.057813 0.087037
1 0.295573 0.589815 0.056771 0.088889
