3 0.882812 0.419907 0.123958 0.149074
2 0.132552 0.122685 0.115104 0.134259
1 0.366667 0.079167 0.032292 0.037963
2 0.153646 0.204167 0.130208 0.162037
1 0.967187 0.708796 0.067708 0.093519
1 0.500000 0.366204 0.029167 0.073148
1 0.780990 0.544444 0.071354 0.075926
0 0.173698 0.299537 0.014063 0.036111
1 0.431510 0.342593 0.035937 0.064815
3 0.240625 0.114352 0.083333 0.099074
1 0.239323 0.239815 0.044271 0.055556
1 0.455729 0.630556 0.057292 0.064815
1 0.269792 0.217593 0.044792 0.055556
3 0.053385 0.121296 0.052604 0.074074
1 0.878125 0.625000 0.070833 0.081481
1 0.042969 0.064352 0.034896 0.041667
3 0.991927 0.512037 0.039062 0.105556
1 0.062500 -0.011574 0.031250 0.037963
