3 0.882292 0.422685 0.123958 0.149074
2 0.142969 0.135185 0.117188 0.135185
1 0.265885 0.009722 0.032813 0.036111
2 0.154688 0.207870 0.130208 0.162037
1 0.967187 0.711574 0.067708 0.093519
1 0.502865 0.458796 0.028646 0.080556
1 0.780469 0.545370 0.071354 0.075926
0 0.173698 0.301389 0.014063 0.036111
1 0.442969 0.234722 0.022396 0.054630
3 0.271875 0.139352 0.085417 0.104630
1 0.239844 0.242593 0.044271 0.055556
1 0.579167 0.651389 0.057292 0.073148
1 0.270313 0.220370 0.044792 0.055556
3 0.066146 0.137963 0.050000 0.075926
1 0.878646 0.627778 0.070833 0.081481
1 0.068490 0.090278 0.033854 0.043519
3 0.981771 0.507407 0.039583 0.105556
1 0.108333 0.030093 0.031250 0.039815
1 -0.011979 -0.015741 0.042708 0.050000
