1 0.868490 0.619444 0.071354 0.081481
3 0.266406 0.150000 0.088021 0.105556
1 0.771354 0.541667 0.068750 0.074074
1 0.186458 0.108796 0.034375 0.043519
1 0.962760 0.701852 0.075521 0.090741
3 0.765104 0.160648 0.079167 0.104630
1 1.022396 0.999537 0.070833 0.099074
1 0.268229 0.872685 0.061458 0.113889
1 0.170833 0.804167 0.070833 0.112037
1 0.914062 0.995833 0.078125 0.106481
3 0.172396 -0.028704 0.101042 0.114815
1 0.008594 0.926852 0.084896 0.146296
1 0.623958 0.129167 0.042708 0.034259
3 0.213542 0.983796 0.067708 0.073148
1 0.407552 0.405093 0.053646 0.073148
3 0.628906 0.248148 0.108854 0.118519
1 0.424479 0.187037 0.045833 0.046296
1 0.800260 0.106944 0.034896 0.034259
1 0.665104 0.382407 0.046875 0.053704
1 0.875000 0.441204 0.065625 0.063889
1 0.959635 0.564815 0.057813 0.066667
