1 0.869271 0.615741 0.070833 0.079630
3 0.265885 0.147222 0.088021 0.105556
1 0.771354 0.538426 0.068750 0.075000
1 0.184896 0.106019 0.034375 0.043519
1 0.963281 0.697222 0.075521 0.090741
3 0.889583 0.131944 0.096875 0.075000
1 0.267708 0.868981 0.061458 0.113889
1 0.171875 0.798611 0.070833 0.112037
1 0.622917 0.126852 0.042708 0.035185
3 0.213281 0.980093 0.068229 0.073148
1 0.721615 0.696296 0.074479 0.100000
3 0.445833 0.120833 0.091667 0.102778
1 0.715365 0.114815 0.034896 0.037037
1 0.308854 0.124537 0.034375 0.037963
1 0.627344 0.260648 0.052604 0.047222
1 0.518229 0.238889 0.040625 0.044444
1 0.658854 0.373611 0.056250 0.056481
1 1.026042 0.542130 0.069792 0.069444
