1 0.872396 0.612963 0.070833 0.079630
3 0.265885 0.144444 0.088021 0.105556
1 0.773698 0.536111 0.070312 0.075926
1 0.185417 0.102315 0.034375 0.043519
1 0.966927 0.691667 0.075521 0.090741
3 0.956510 0.137037 0.101562 0.079630
1 0.269271 0.867130 0.061458 0.113889
1 0.174479 0.793056 0.070833 0.112037
1 0.622917 0.125926 0.042708 0.035185
3 0.214323 0.979167 0.068229 0.073148
1 0.929948 0.896759 0.092188 0.123148
3 0.361719 0.059722 0.083854 0.095370
1 0.699740 0.115741 0.035937 0.037037
1 0.187760 0.034259 0.031771 0.033333
1 0.533333 0.192593 0.047917 0.044444
1 0.369271 0.131019 0.037500 0.037963
1 0.500000 0.256481 0.047917 0.048148
1 0.899740 0.446759 0.066146 0.063889
1 0.886458 0.491204 0.064583 0.069444
