1 0.901042 0.490278 0.077083 0.078704
0 0.181510 0.295833 0.016146 0.039815
1 0.093490 0.923611 0.092188 0.145370
1 0.428906 0.347222 0.038021 0.064815
1 0.266927 0.193056 0.044271 0.060185
1 0.214844 0.150463 0.041146 0.050926
3 0.209375 0.186574 0.062500 0.089815
3 0.189583 0.215741 0.077083 0.116667
3 0.109375 0.147685 0.089583 0.112037
1 0.772656 0.525000 0.064062 0.074074
1 0.860417 0.596296 0.075000 0.083333
1 0.838021 0.499074 0.072917 0.077778
1 0.961198 0.690278 0.076563 0.091667
3 0.042969 0.094907 0.049479 0.065741
2 0.044792 0.044444 0.100000 0.103704
3 0.426302 0.141667 0.050521 0.094444
1 0.249740 0.658796 0.060937 0.089815
