1 0.873177 0.611111 0.071354 0.079630
3 0.265885 0.144444 0.088021 0.105556
1 0.775000 0.534722 0.069792 0.075000
1 0.185417 0.103241 0.034375 0.043519
1 0.967448 0.692593 0.075521 0.090741
1 0.270313 0.867130 0.061458 0.113889
1 0.176563 0.789352 0.070833 0.112037
1 0.622396 0.123148 0.042708 0.035185
3 0.214844 0.979167 0.068229 0.073148
1 0.684115 0.118519 0.035937 0.037037
1 0.304948 0.043519 0.040104 0.033333
1 0.176563 0.025000 0.035417 0.035185
1 0.729688 0.259722 0.034375 0.056481
1 0.441667 0.172685 0.043750 0.045370
1 0.556250 0.252778 0.045833 0.048148
1 0.981510 0.508333 0.056771 0.061111
1 1.027865 0.654630 0.063021 0.074074
