1 0.870052 0.619444 0.070312 0.081481
3 0.267448 0.148148 0.088021 0.107407
1 0.772917 0.541204 0.070833 0.076852
1 0.186979 0.106019 0.034375 0.043519
1 0.963802 0.701852 0.074479 0.090741
3 0.315365 0.028241 0.074479 0.095370
3 0.719271 0.235648 0.051042 0.134259
2 0.925521 1.080093 0.277083 0.406481
1 0.604948 0.597222 0.053646 0.074074
2 0.819531 0.769907 0.249479 0.304630
1 0.268229 0.870833 0.061458 0.113889
1 0.170833 0.802315 0.070833 0.112037
1 0.522135 0.604167 0.054688 0.076852
3 0.391406 0.119907 0.118229 0.134259
1 0.211458 0.472685 0.035417 0.089815
1 0.630208 0.126389 0.042708 0.036111
3 0.213281 0.982407 0.067187 0.072222
1 0.212500 0.232870 0.045833 0.058333
3 0.827344 0.382870 0.140104 0.139815
1 0.319271 0.136111 0.038542 0.042593
1 0.858594 0.486111 0.064062 0.068519
1 0.978646 0.134722 0.034375 0.030556
