1 0.240365 0.014352 0.040104 0.043519
1 0.075260 0.134259 0.034896 0.051852
3 0.761198 0.395370 0.081771 0.094444
1 0.288281 0.867130 0.060937 0.110185
1 0.213281 0.985648 0.073438 0.080556
0 0.422917 0.580093 0.019792 0.039815
3 0.432031 0.102778 0.051562 0.062963
1 0.029687 0.037963 0.035417 0.044444
1 0.782552 0.147222 0.040104 0.040741
1 0.492448 0.199074 0.042188 0.046296
1 0.922917 0.822685 0.082292 0.110185
1 0.648177 0.551852 0.057813 0.079630
3 0.771615 0.843056 0.126562 0.212037
3 0.320312 0.363426 0.109375 0.136111
1 0.780990 0.550463 0.064062 0.075000
1 0.869271 0.625000 0.075000 0.083333
1 0.227604 0.049074 0.044792 0.046296
1 0.971354 0.717593 0.082292 0.085185
3 0.152604 0.199537 0.052083 0.069444
2 0.362760 0.326852 0.166146 0.209259
