1 0.871615 0.619907 0.070312 0.080556
3 0.268490 0.149074 0.088021 0.107407
1 0.773438 0.541204 0.070833 0.076852
1 0.187500 0.106019 0.034375 0.043519
1 0.964323 0.701852 0.072396 0.090741
3 0.379167 0.070833 0.080208 0.099074
3 0.728125 0.269444 0.084375 0.144444
2 0.835417 0.963426 0.268750 0.400926
1 0.505990 0.503241 0.047396 0.065741
2 0.691406 0.646759 0.216146 0.267593
0 0.725000 0.984722 0.023958 0.045370
1 0.268750 0.870833 0.061458 0.113889
1 0.171354 0.801852 0.070833 0.111111
1 0.430208 0.508333 0.051042 0.070370
3 0.472135 0.176389 0.127604 0.139815
1 0.221615 0.369444 0.031771 0.077778
1 0.648958 0.123148 0.043750 0.035185
3 0.214583 0.981481 0.066667 0.072222
1 0.158073 0.184259 0.043229 0.055556
3 0.888802 0.423148 0.148438 0.148148
1 0.453646 0.231481 0.042708 0.050000
