1 0.868490 0.619444 0.071354 0.081481
3 0.266406 0.150000 0.088021 0.105556
1 0.771094 0.541667 0.068229 0.074074
1 0.185938 0.107870 0.034375 0.043519
1 0.962760 0.700926 0.075521 0.090741
3 0.771875 0.157407 0.078125 0.103704
1 0.268229 0.872685 0.061458 0.113889
1 0.170833 0.804167 0.070833 0.112037
1 0.947396 1.028704 0.078125 0.107407
3 0.159896 -0.036111 0.101042 0.114815
1 -0.012240 0.966667 0.084896 0.146296
1 0.623958 0.129167 0.042708 0.034259
3 0.213021 0.983796 0.067708 0.073148
1 0.422656 0.418981 0.054688 0.075000
3 0.619010 0.240741 0.109896 0.118519
1 0.401042 0.170833 0.044792 0.045370
1 0.792969 0.103704 0.036979 0.027778
1 0.638021 0.363426 0.045833 0.050926
1 0.858333 0.428241 0.063542 0.060185
1 0.927604 0.538889 0.057292 0.066667
