1 0.869531 0.620370 0.070312 0.079630
3 0.267448 0.150926 0.088021 0.105556
1 0.772396 0.542130 0.069792 0.075000
1 0.186979 0.108796 0.034375 0.043519
1 0.963281 0.702778 0.074479 0.090741
3 0.740365 0.183333 0.066146 0.120370
1 0.829948 0.817130 0.064062 0.089815
2 1.130729 1.071296 0.271875 0.335185
1 0.268750 0.872685 0.061458 0.113889
1 0.171354 0.804167 0.070833 0.112037
1 0.735417 0.819907 0.065625 0.091667
3 0.254427 0.029630 0.103646 0.118519
1 0.113281 0.719907 0.066146 0.117593
1 0.625000 0.129167 0.042708 0.034259
3 0.214062 0.984259 0.067708 0.072222
1 0.324479 0.331019 0.051042 0.065741
3 0.704427 0.300000 0.119271 0.125926
1 0.128906 0.002778 0.033854 0.033333
1 0.575000 0.288426 0.051042 0.050926
1 0.856250 0.111111 0.036458 0.033333
1 0.843229 0.518519 0.054167 0.061111
1 0.979688 0.518056 0.067708 0.069444
