1 0.770052 0.877778 0.075521 0.105556
1 0.585677 0.655093 0.071354 0.065741
1 0.177604 0.784259 0.069792 0.111111
1 0.088802 0.943056 0.073438 0.115741
1 -0.026823 0.910185 0.085938 0.140741
1 0.193229 0.545370 0.071875 0.109259
3 0.875260 0.605556 0.251563 0.279630
1 0.777083 0.467130 0.053125 0.039815
1 0.816927 0.410648 0.049479 0.054630
1 0.616667 0.147222 0.046875 0.037037
1 0.680208 0.140278 0.035417 0.037963
1 0.810156 0.175000 0.039062 0.037037
3 0.994792 0.168981 0.098958 0.087963
3 0.238802 0.928704 0.090104 0.144444
