1 0.964844 0.539815 0.080729 0.083333
0 0.180990 0.294907 0.016146 0.039815
1 0.054948 0.985648 0.045312 0.032407
1 0.387500 0.429167 0.050000 0.073148
1 0.265885 0.191667 0.045312 0.059259
1 0.213021 0.149537 0.041667 0.049074
3 0.208594 0.182407 0.061979 0.088889
3 0.188281 0.213889 0.077604 0.114815
3 0.109375 0.147685 0.089583 0.112037
1 0.772656 0.525000 0.064062 0.074074
1 0.860417 0.595370 0.075000 0.081481
1 0.844792 0.504630 0.076042 0.077778
1 0.961719 0.689352 0.076563 0.091667
3 0.041927 0.090278 0.049479 0.062037
2 0.039062 0.040278 0.080208 0.084259
3 0.447656 0.195833 0.038021 0.099074
1 0.188281 0.760648 0.065104 0.100926
