1 0.696875 0.809722 0.070833 0.097222
1 0.502604 0.642130 0.069792 0.062037
1 0.174479 0.789815 0.069792 0.111111
1 0.089323 0.943056 0.073438 0.115741
1 0.062500 0.754630 0.081250 0.129630
1 0.251042 0.476389 0.068750 0.093519
3 0.874740 0.605556 0.250521 0.279630
1 0.777083 0.467130 0.053125 0.039815
1 0.816927 0.409722 0.049479 0.054630
1 0.619531 0.147685 0.045312 0.036111
1 0.679688 0.140278 0.035417 0.037963
1 0.772917 0.188426 0.037500 0.037963
3 0.940885 0.160185 0.099479 0.081481
3 0.207813 0.980093 0.060417 0.041667
