0 0.439323 0.016667 0.019271 0.035185
1 0.718750 0.374537 0.062500 0.063889
1 0.004167 0.067593 0.009375 0.027778
3 0.996354 0.611574 0.007292 0.041667
0 0.238542 0.360185 0.017708 0.031481
3 0.803385 0.378704 0.077604 0.081481
1 0.826302 0.006481 0.023438 0.020370
1 0.906771 0.522222 0.062500 0.072222
1 0.324219 0.256944 0.045312 0.056481
1 0.245312 0.193981 0.042708 0.054630
3 0.341667 0.319907 0.066667 0.097222
3 0.267708 0.306019 0.080208 0.126852
3 0.138542 0.187500 0.088542 0.113889
1 0.775260 0.554167 0.064062 0.075000
1 0.864062 0.627778 0.075000 0.083333
1 0.719271 0.427315 0.065625 0.071296
1 0.966146 0.721296 0.082292 0.085185
3 0.055990 0.117130 0.049479 0.065741
2 0.140625 0.128241 0.129167 0.158333
