3 0.709115 0.738889 0.084896 0.114815
1 0.194531 0.787037 0.060937 0.096296
2 0.161719 0.214815 0.127604 0.161111
3 0.228646 0.526852 0.076042 0.114815
1 0.691146 0.164815 0.041667 0.038889
1 0.802604 0.567593 0.071875 0.079630
0 0.021354 0.156944 0.014583 0.034259
1 0.016667 0.941667 0.084375 0.144444
1 0.231510 0.831481 0.072396 0.131481
3 0.362240 0.411111 0.068229 0.083333
1 0.219531 0.224537 0.043229 0.052778
0 0.813802 0.097685 0.021354 0.026852
1 0.125521 0.096759 0.039583 0.047222
0 0.334635 0.843981 0.020313 0.050926
