3 0.891146 0.420370 0.125000 0.150000
2 0.044531 0.052778 0.090104 0.105556
1 0.364844 0.481944 0.045312 0.067593
2 0.155729 0.200463 0.130208 0.160185
1 0.991146 0.723611 0.017708 0.054630
1 0.594531 0.198148 0.040104 0.051852
1 0.782031 0.539815 0.071354 0.075926
0 0.172656 0.293056 0.014063 0.036111
1 0.191927 0.769907 0.071354 0.113889
1 0.589063 0.331019 0.050000 0.058333
1 0.240365 0.237037 0.044271 0.055556
0 0.434375 0.006019 0.018750 0.023148
1 0.269271 0.212963 0.044792 0.055556
0 0.691146 0.921759 0.027083 0.050926
1 0.884375 0.624537 0.070833 0.082407
