1 0.877083 0.635648 0.070833 0.080556
3 0.276302 0.156944 0.088021 0.108333
1 0.779427 0.554630 0.070312 0.077778
1 0.197917 0.113426 0.034375 0.043519
1 0.967708 0.719907 0.067708 0.091667
3 0.872656 0.423148 0.123438 0.153704
3 1.033854 0.523611 0.141667 0.117593
1 0.274740 0.238889 0.045312 0.057407
1 0.254167 0.272222 0.045833 0.057407
2 0.164583 0.234259 0.132292 0.161111
1 0.213802 0.177315 0.041146 0.060185
3 0.067708 0.153241 0.053125 0.075000
1 0.086198 0.127778 0.019271 0.044444
2 0.156510 0.157407 0.116146 0.133333
0 0.200260 0.338889 0.015104 0.033333
1 0.274479 0.877315 0.062500 0.112037
1 0.748177 0.448148 0.065104 0.070370
1 0.159375 0.125463 0.020833 0.019444
1 0.178646 0.808796 0.070833 0.110185
1 0.015365 0.111574 0.035937 0.045370
