1 0.952083 0.564352 0.070833 0.075000
1 0.217708 0.281019 0.038542 0.058333
3 0.429167 0.152315 0.059375 0.071296
1 0.288802 0.873611 0.060937 0.110185
1 0.225521 0.965741 0.072917 0.079630
0 0.612760 0.839815 0.025521 0.053704
1 0.035417 0.104167 0.035417 0.045370
1 0.377865 0.352315 0.047396 0.063889
1 0.697917 0.172222 0.040625 0.040741
3 0.588802 0.673611 0.145313 0.200926
1 0.778906 0.556944 0.064062 0.075000
1 0.867188 0.631481 0.075000 0.083333
1 0.971354 0.723148 0.082292 0.085185
3 0.344531 0.393519 0.061979 0.088889
2 0.750521 0.716204 0.257292 0.330556
