1 0.851562 0.583796 0.069792 0.078704
3 0.290885 0.156481 0.088021 0.105556
1 0.714583 0.475926 0.067708 0.070370
1 0.182292 0.094907 0.034375 0.043519
1 0.966927 0.682407 0.075521 0.090741
1 0.265104 0.860648 0.061458 0.113889
1 0.174740 0.775463 0.070312 0.112037
1 0.622396 0.113889 0.042708 0.035185
3 0.207031 0.971296 0.072396 0.074074
1 0.682552 0.110185 0.035937 0.037037
1 0.780208 0.149537 0.043750 0.039815
1 0.223958 0.031019 0.036458 0.036111
1 0.841406 0.398148 0.050521 0.055556
1 0.833854 0.491667 0.056250 0.064815
