1 0.871094 0.615278 0.070312 0.078704
3 0.265885 0.145370 0.088021 0.105556
1 0.773438 0.536111 0.069792 0.075926
1 0.185417 0.104167 0.034375 0.043519
1 0.965885 0.695370 0.075521 0.090741
3 0.929167 0.133333 0.101042 0.077778
1 0.268750 0.868981 0.061458 0.113889
1 0.173437 0.795833 0.070833 0.112037
1 0.622917 0.125926 0.042708 0.035185
3 0.213802 0.980093 0.068229 0.073148
1 0.839323 0.809722 0.083854 0.112037
3 0.396094 0.083333 0.085938 0.098148
1 0.704948 0.116204 0.034896 0.036111
1 0.233854 0.069444 0.033333 0.035185
1 0.570573 0.220370 0.049479 0.046296
1 0.427083 0.172685 0.037500 0.041667
1 0.561198 0.301389 0.050521 0.050926
1 0.948177 0.484722 0.070312 0.073148
1 0.975521 0.561574 0.068750 0.076852
