0 0.655208 0.097685 0.018750 0.032407
1 0.838542 0.454630 0.069792 0.072222
1 0.001563 0.057870 0.004167 0.015741
0 0.186719 0.307870 0.016146 0.039815
3 0.982812 0.514352 0.036458 0.063889
1 0.942448 0.538426 0.064062 0.071296
1 0.271615 0.205093 0.045312 0.060185
1 0.220052 0.161574 0.042188 0.049074
3 0.217188 0.200926 0.062500 0.090741
3 0.195312 0.227778 0.077083 0.116667
3 0.115625 0.160185 0.088542 0.112963
1 0.776302 0.542130 0.064062 0.075000
1 0.864583 0.615741 0.075000 0.083333
1 0.838021 0.512963 0.072917 0.075926
1 0.969271 0.710185 0.083333 0.088889
3 0.050260 0.105093 0.049479 0.065741
2 0.108594 0.092593 0.128646 0.151852
