2 0.004687 0.053241 0.041667 0.086111
1 0.585938 0.285185 0.050000 0.053704
1 0.360677 0.431481 0.044271 0.068519
3 0.237760 0.017130 0.048438 0.060185
1 0.289844 0.876852 0.060937 0.107407
1 0.227604 0.971296 0.072917 0.079630
1 0.140104 0.210185 0.038542 0.051852
1 0.804427 0.726852 0.069271 0.092593
1 0.695833 0.176389 0.041667 0.039815
3 0.886979 1.001852 0.190625 0.246296
1 0.778906 0.562500 0.064062 0.075000
1 0.866667 0.635185 0.075000 0.083333
1 0.970833 0.727778 0.082292 0.085185
3 0.540365 0.606944 0.072396 0.112037
