1 0.869531 0.615741 0.070312 0.079630
3 0.265885 0.147222 0.088021 0.105556
1 0.771875 0.537500 0.068750 0.073148
1 0.184896 0.106019 0.034375 0.043519
1 0.963281 0.697222 0.075521 0.090741
3 0.898438 0.132407 0.096875 0.074074
1 0.267708 0.868981 0.061458 0.113889
1 0.172396 0.798611 0.070833 0.112037
1 0.622917 0.126852 0.042708 0.035185
3 0.213281 0.981019 0.068229 0.073148
1 0.747917 0.721759 0.075000 0.102778
3 0.435156 0.112037 0.091146 0.101852
1 0.711979 0.114815 0.035417 0.037037
1 0.291667 0.109259 0.034375 0.033333
1 0.613802 0.250926 0.051562 0.048148
1 0.495573 0.222685 0.041146 0.045370
1 0.634635 0.355556 0.054688 0.055556
1 1.006250 0.530093 0.069792 0.069444
