1 0.070573 0.753241 0.076563 0.126852
1 0.314063 0.429630 0.057292 0.072222
1 0.478906 0.393981 0.061979 0.047222
1 0.640885 0.444444 0.069271 0.072222
1 0.778385 0.476852 0.053646 0.061111
1 0.861979 0.537500 0.055208 0.065741
1 0.817708 0.406019 0.048958 0.056481
1 0.546615 0.294907 0.043229 0.039815
1 0.680729 0.137037 0.038542 0.037037
1 0.621354 0.140741 0.042708 0.038889
1 0.613802 0.672222 0.064062 0.070370
1 0.178125 0.788889 0.069792 0.111111
1 0.302604 0.806944 0.060417 0.106481
1 0.086979 0.953704 0.073958 0.114815
