1 0.875521 0.625926 0.069792 0.081481
1 0.777344 0.546296 0.070312 0.074074
1 0.192708 0.110648 0.034375 0.043519
1 0.966667 0.707870 0.069792 0.091667
1 0.663802 0.573148 0.065104 0.083333
1 0.595313 0.589352 0.061458 0.075000
1 0.409896 0.346296 0.055208 0.075926
1 0.176563 0.197222 0.036458 0.048148
0 0.352083 0.506481 0.015625 0.035185
1 0.273958 0.871759 0.061458 0.113889
1 0.281510 0.070370 0.039062 0.037037
1 0.313281 0.247685 0.035937 0.034259
1 0.176563 0.803704 0.070833 0.111111
1 0.099219 0.184722 0.038021 0.049074
1 0.931510 0.590741 0.071354 0.081481
1 -0.011458 0.085185 0.042708 0.051852
