1 0.249740 0.019907 0.040104 0.043519
1 0.073177 0.132407 0.034896 0.051852
1 0.287760 0.868056 0.060937 0.110185
1 0.211719 0.988889 0.073438 0.079630
0 0.417187 0.574074 0.019792 0.040741
1 0.023438 0.033333 0.035417 0.044444
1 0.786979 0.147685 0.038542 0.041667
1 0.500260 0.205556 0.042188 0.046296
1 0.900521 0.799074 0.082292 0.109259
1 0.632031 0.539352 0.056771 0.078704
1 0.780469 0.550463 0.064062 0.075000
1 0.868750 0.624074 0.075000 0.083333
1 0.238021 0.057407 0.044792 0.046296
1 0.970313 0.717593 0.082292 0.085185
