1 0.875521 0.624537 0.069792 0.082407
1 0.777604 0.545833 0.070833 0.075000
1 0.192708 0.109722 0.034375 0.043519
1 0.966667 0.706944 0.069792 0.091667
1 0.724479 0.627778 0.068750 0.088889
1 0.643750 0.632870 0.064583 0.086111
1 0.436458 0.367593 0.056250 0.077778
1 0.189583 0.208333 0.036458 0.048148
0 0.367969 0.523148 0.016146 0.037037
1 0.273438 0.870833 0.061458 0.113889
1 0.251563 0.046296 0.038542 0.037037
1 0.334115 0.264815 0.036979 0.037037
1 0.176042 0.802778 0.070833 0.111111
1 0.110417 0.194444 0.038542 0.050000
1 0.867448 0.538426 0.069271 0.076852
1 0.000000 0.096296 0.042708 0.051852
1 0.980729 0.139352 0.046875 0.030556
