1 0.870052 0.620370 0.070312 0.081481
1 0.772917 0.541204 0.070833 0.076852
1 0.186979 0.107870 0.034375 0.043519
1 0.963802 0.701852 0.074479 0.090741
1 0.635938 0.629167 0.054167 0.078704
1 0.268229 0.871759 0.061458 0.113889
1 0.171354 0.804167 0.070833 0.112037
1 0.552865 0.635648 0.056771 0.078704
1 0.202083 0.508333 0.042708 0.094444
1 0.627604 0.128241 0.042708 0.036111
1 0.229948 0.247685 0.046354 0.058333
1 0.283594 0.109722 0.036979 0.034259
1 0.807813 0.449537 0.061458 0.063889
1 0.958073 0.130556 0.035937 0.035185
