1 0.872396 0.621759 0.069792 0.080556
1 0.774219 0.543519 0.070312 0.074074
1 0.189583 0.106944 0.034375 0.043519
1 0.964844 0.703704 0.072396 0.090741
1 0.377344 0.381944 0.044271 0.060185
0 0.604167 0.809259 0.016667 0.042593
1 0.270833 0.870833 0.061458 0.113889
1 0.777344 0.678704 0.068229 0.088889
1 0.173437 0.802778 0.070833 0.111111
1 0.309375 0.384259 0.044792 0.061111
1 0.291927 0.112037 0.042188 0.038889
1 0.178906 0.268056 0.047396 0.058333
1 0.704688 0.115278 0.043750 0.034259
1 0.078906 0.119907 0.042188 0.050926
1 0.702865 0.410648 0.054688 0.062037
