1 0.871875 0.621296 0.069792 0.081481
1 0.774219 0.543519 0.070312 0.074074
1 0.189062 0.106944 0.034375 0.043519
1 0.964844 0.703704 0.072396 0.090741
1 0.385156 0.388426 0.044271 0.060185
0 0.611979 0.819444 0.016667 0.042593
1 0.270313 0.870833 0.061458 0.113889
1 0.795833 0.696296 0.068750 0.090741
1 0.172917 0.801852 0.070833 0.111111
1 0.316667 0.391667 0.044792 0.061111
1 0.280469 0.103704 0.042188 0.038889
1 0.182552 0.270833 0.047396 0.062037
1 0.700260 0.115278 0.042188 0.032407
1 0.083594 0.124074 0.042188 0.051852
1 0.685417 0.397685 0.054167 0.060185
