1 0.874479 0.623611 0.070833 0.080556
1 0.776823 0.544444 0.070312 0.074074
1 0.191146 0.108796 0.034375 0.043519
1 0.965365 0.706944 0.070312 0.091667
1 0.961979 0.949537 0.082292 0.115741
1 0.639323 0.546759 0.067187 0.091667
1 0.256510 0.270370 0.039062 0.051852
0 0.460938 0.636574 0.022917 0.049074
1 0.272396 0.871759 0.061458 0.113889
1 0.477604 0.402315 0.048958 0.065741
1 0.175000 0.802778 0.070833 0.111111
1 0.176823 0.258796 0.041146 0.054630
1 0.573698 0.316667 0.052604 0.057407
1 0.073438 0.166204 0.042708 0.050926
1 0.839323 0.116204 0.045312 0.034259
