1 0.872656 0.612037 0.071354 0.079630
1 0.774740 0.534259 0.070312 0.075926
1 0.184896 0.102315 0.034375 0.043519
1 0.967448 0.692593 0.075521 0.090741
1 0.269792 0.866204 0.061458 0.113889
1 0.175000 0.792130 0.070833 0.112037
1 0.622917 0.124074 0.042708 0.035185
1 0.692448 0.116667 0.035937 0.037037
1 0.455729 0.139815 0.043750 0.040741
1 0.255729 0.051852 0.032292 0.035185
1 0.379948 0.170370 0.043229 0.042593
1 0.813542 0.379630 0.060417 0.059259
1 0.715104 0.362963 0.056250 0.059259
1 0.922656 0.517593 0.063021 0.066667
