1 0.869010 0.617130 0.070312 0.080556
1 0.771094 0.539352 0.069271 0.075000
1 0.185938 0.106019 0.034375 0.043519
1 0.963281 0.699074 0.075521 0.090741
1 0.267708 0.869907 0.061458 0.113889
1 0.170833 0.801389 0.070833 0.112037
1 0.623958 0.128704 0.042708 0.035185
1 0.551042 0.536111 0.061458 0.081481
1 0.237240 0.063426 0.039062 0.039815
1 0.745573 0.109259 0.034896 0.033333
1 0.462240 0.235648 0.040104 0.043519
1 0.737760 0.338426 0.056771 0.052778
1 0.707552 0.374074 0.048438 0.051852
1 0.858073 0.525000 0.066146 0.068519
