1 0.872396 0.622222 0.069792 0.081481
1 0.774479 0.543519 0.069792 0.074074
1 0.189583 0.107870 0.034375 0.043519
1 0.964844 0.704630 0.071354 0.090741
1 0.363281 0.368981 0.044271 0.060185
0 0.589844 0.788889 0.020313 0.044444
1 0.270833 0.870833 0.061458 0.113889
1 0.741927 0.644907 0.065104 0.086111
1 0.173437 0.802778 0.070833 0.111111
1 0.294792 0.369444 0.044792 0.061111
1 0.315625 0.128704 0.042708 0.044444
1 0.170052 0.257407 0.047396 0.057407
1 0.714063 0.113889 0.043750 0.035185
1 0.069010 0.110648 0.042188 0.050926
1 0.740104 0.439352 0.055208 0.065741
