1 0.874219 0.637963 0.069271 0.079630
1 0.777604 0.557407 0.070833 0.075926
1 0.196875 0.117130 0.034375 0.043519
1 0.965625 0.721759 0.069792 0.091667
1 0.366406 0.320370 0.049479 0.061111
1 0.343750 0.355556 0.048958 0.061111
1 0.261458 0.223148 0.044792 0.062963
1 0.100521 0.136574 0.034375 0.045370
0 0.250000 0.398611 0.014583 0.034259
1 0.275521 0.881944 0.061458 0.112037
1 0.565625 0.304167 0.054167 0.054630
1 0.193750 0.156944 0.020833 0.019444
1 0.179167 0.812500 0.070833 0.110185
1 0.033073 0.131019 0.035937 0.045370
