1 0.869792 0.620370 0.069792 0.079630
1 0.772396 0.542130 0.069792 0.075000
1 0.186979 0.108796 0.034375 0.043519
1 0.963281 0.702778 0.074479 0.090741
1 0.707292 0.698148 0.056250 0.083333
1 0.268750 0.872685 0.061458 0.113889
1 0.171354 0.805093 0.070833 0.112037
1 0.619792 0.702778 0.060417 0.085185
1 0.173177 0.586111 0.053646 0.101852
1 0.626042 0.128241 0.042708 0.036111
1 0.264844 0.278704 0.048438 0.061111
1 0.217448 0.065278 0.034896 0.039815
1 0.708854 0.379630 0.056250 0.059259
1 0.913542 0.120833 0.035417 0.034259
1 1.018750 0.655556 0.060417 0.070370
