1 0.874740 0.633796 0.068229 0.082407
1 0.777344 0.554630 0.071354 0.075926
1 0.195312 0.115278 0.034375 0.043519
1 0.965625 0.717130 0.069792 0.091667
1 0.446615 0.387963 0.053646 0.066667
1 0.409375 0.415278 0.052083 0.062037
1 0.306771 0.259259 0.047917 0.066667
1 0.118490 0.150463 0.034896 0.045370
0 0.279687 0.432870 0.015625 0.034259
1 0.275000 0.878704 0.061458 0.112963
1 0.463542 0.216204 0.050000 0.049074
1 0.228125 0.181019 0.020833 0.019444
1 0.178125 0.809722 0.070833 0.110185
1 0.049479 0.144907 0.036458 0.047222
