1 0.871615 0.620370 0.070312 0.081481
1 0.773698 0.542130 0.070312 0.075000
1 0.188542 0.106019 0.034375 0.043519
1 0.964323 0.701852 0.072396 0.090741
1 0.448177 0.449074 0.046354 0.062963
0 0.672135 0.902315 0.019271 0.045370
1 0.269271 0.870833 0.061458 0.113889
1 0.972656 0.868519 0.080729 0.107407
1 0.171875 0.801852 0.070833 0.111111
1 0.376302 0.452315 0.048438 0.067593
1 0.190885 0.041204 0.039062 0.039815
1 0.210156 0.319444 0.039062 0.068519
1 0.666927 0.119907 0.044271 0.036111
1 0.123438 0.156481 0.043750 0.053704
1 0.552083 0.303704 0.046875 0.051852
