1 0.870833 0.615278 0.069792 0.078704
1 0.773177 0.536574 0.070312 0.075000
1 0.185417 0.104167 0.034375 0.043519
1 0.965365 0.695370 0.075521 0.090741
1 0.268750 0.868981 0.061458 0.113889
1 0.173437 0.795833 0.070833 0.112037
1 0.622917 0.125926 0.042708 0.035185
1 0.827083 0.797222 0.082292 0.111111
1 0.705469 0.116204 0.034896 0.036111
1 0.241667 0.074074 0.033333 0.035185
1 0.575260 0.223611 0.049479 0.047222
1 0.435156 0.178704 0.038021 0.040741
1 0.570312 0.308333 0.051042 0.051852
1 0.955469 0.488889 0.070312 0.070370
1 0.988542 0.571759 0.068750 0.076852
