1 0.209115 0.543519 0.059896 0.092593
1 0.377083 0.416204 0.066667 0.060185
1 0.540104 0.392130 0.063542 0.062037
1 0.778646 0.476852 0.054167 0.061111
1 0.860938 0.525000 0.053125 0.037037
1 0.817708 0.406481 0.048958 0.057407
1 0.621615 0.269907 0.042188 0.039815
1 0.680729 0.137963 0.038542 0.037037
1 0.621354 0.141667 0.042708 0.038889
1 0.744010 0.753704 0.068229 0.085185
1 0.177344 0.790278 0.070312 0.110185
1 0.391927 0.688426 0.063021 0.084259
1 0.092188 0.943519 0.073958 0.114815
1 0.239844 0.953704 0.071354 0.133333
