1 0.876302 0.636111 0.070312 0.081481
1 0.778646 0.555093 0.070833 0.076852
1 0.197917 0.115278 0.034375 0.043519
1 0.967187 0.720833 0.067708 0.091667
1 0.283073 0.248148 0.045312 0.057407
1 0.263021 0.278704 0.044792 0.057407
1 0.217448 0.183333 0.042188 0.061111
1 0.086458 0.129167 0.019792 0.045370
0 0.206510 0.345370 0.015104 0.033333
1 0.275000 0.878241 0.062500 0.112037
1 0.717969 0.425000 0.063021 0.066667
1 0.164062 0.130093 0.020833 0.019444
1 0.178646 0.810648 0.070833 0.110185
1 0.018490 0.117130 0.035937 0.045370
