1 0.878385 0.633796 0.071354 0.082407
1 0.780990 0.552778 0.070312 0.074074
1 0.198437 0.112500 0.034375 0.043519
1 0.969271 0.718056 0.067708 0.091667
1 0.268490 0.230556 0.045312 0.057407
1 0.245312 0.260185 0.045833 0.057407
1 0.208594 0.170370 0.041146 0.059259
1 0.086198 0.125926 0.019271 0.044444
0 0.187500 0.327778 0.014583 0.033333
1 0.275000 0.876389 0.062500 0.112037
1 0.791667 0.481019 0.067708 0.071296
1 0.147135 0.112037 0.023438 0.020370
1 0.178646 0.806019 0.070833 0.110185
1 0.007552 0.102315 0.035937 0.045370
