1 0.868750 0.616204 0.070833 0.080556
1 0.771354 0.539352 0.068750 0.075000
1 0.184896 0.106019 0.034375 0.043519
1 0.962760 0.697222 0.075521 0.090741
1 0.267708 0.869907 0.061458 0.113889
1 0.170833 0.799537 0.070833 0.112037
1 0.623437 0.126852 0.042708 0.035185
1 0.661198 0.640741 0.071354 0.094444
1 0.131510 -0.004167 0.036979 0.037963
1 0.722396 0.113426 0.035417 0.036111
1 0.353906 0.157407 0.035937 0.038889
1 0.660417 0.283796 0.054167 0.050926
1 0.573958 0.277778 0.042708 0.048148
1 0.717969 0.418519 0.057813 0.059259
