1 0.872396 0.622222 0.069792 0.081481
1 0.774479 0.543519 0.069792 0.074074
1 0.190104 0.107870 0.034375 0.043519
1 0.964844 0.704630 0.071354 0.090741
1 1.005729 0.881481 0.086458 0.122222
1 0.352604 0.358333 0.043750 0.057407
0 0.580469 0.775926 0.022396 0.046296
1 0.271354 0.870833 0.061458 0.113889
1 0.713542 0.618981 0.063542 0.082407
1 0.173437 0.802778 0.070833 0.111111
1 0.282813 0.357870 0.044792 0.060185
1 0.335677 0.142130 0.044271 0.045370
1 0.161719 0.248611 0.047396 0.056481
1 0.723698 0.113426 0.041146 0.032407
1 0.060677 0.104630 0.042188 0.050000
1 0.771094 0.462500 0.057813 0.067593
