0 1.008333 0.114815 0.018750 0.027778
1 0.839323 0.447222 0.072396 0.072222
0 0.180990 0.296759 0.016146 0.039815
1 0.614062 0.712963 0.068750 0.085185
1 0.427344 0.364815 0.048438 0.074074
1 0.274479 0.032407 0.036458 0.040741
1 1.010677 0.583333 0.067187 0.074074
1 0.266667 0.194444 0.044792 0.059259
1 0.214844 0.154167 0.043229 0.050926
1 0.772656 0.531019 0.064062 0.075000
1 0.859375 0.602778 0.075000 0.083333
1 0.834375 0.502778 0.072917 0.077778
1 0.962760 0.696296 0.083854 0.088889
1 0.464323 0.235648 0.022396 0.058333
