1 0.098698 0.703704 0.072396 0.118519
1 0.338542 0.412037 0.057292 0.070370
1 0.502083 0.395833 0.062500 0.049074
1 0.665365 0.459259 0.069271 0.074074
1 0.778385 0.475000 0.053646 0.061111
1 0.861979 0.537500 0.055208 0.065741
1 0.816667 0.406019 0.051042 0.056481
1 0.526042 0.295833 0.043750 0.039815
1 0.680729 0.137037 0.038542 0.037037
1 0.621354 0.140741 0.042708 0.038889
1 0.585938 0.661111 0.065625 0.064815
1 0.178646 0.787963 0.069792 0.111111
1 0.283854 0.846296 0.061458 0.112963
1 0.082812 0.961111 0.073958 0.116667
