2 0.872917 0.611111 0.070833 0.079630
7 0.266406 0.144444 0.088021 0.105556
2 0.775000 0.534722 0.069792 0.075000
2 0.185417 0.102315 0.034375 0.043519
2 0.967448 0.692593 0.075521 0.090741
2 0.270313 0.867130 0.061458 0.113889
2 0.176563 0.790278 0.070833 0.112037
2 0.622917 0.123148 0.042708 0.035185
7 0.214844 0.978241 0.068229 0.073148
2 0.686719 0.118519 0.035937 0.037037
2 0.366927 0.083796 0.042188 0.036111
2 0.256510 0.082870 0.038021 0.037963
2 0.750521 0.307407 0.050000 0.059259
2 0.545833 0.245833 0.047917 0.049074
2 0.692708 0.345833 0.052083 0.054630