2 0.886979 0.480556 0.075000 0.077778
1 0.181510 0.295833 0.016146 0.039815
2 0.186719 1.027778 0.067187 0.129630
2 0.113281 0.887500 0.092188 0.145370
2 0.434896 0.325000 0.036458 0.062963
2 0.266927 0.193056 0.044271 0.060185
2 0.214062 0.150463 0.042708 0.050926
7 0.209375 0.184722 0.062500 0.089815
7 0.189062 0.215278 0.078125 0.117593
7 0.109375 0.147685 0.089583 0.112037
2 0.772656 0.525000 0.064062 0.074074
2 0.860417 0.596296 0.075000 0.083333
2 0.837500 0.498148 0.072917 0.077778
2 0.960417 0.690278 0.078125 0.091667
7 0.043490 0.094907 0.049479 0.065741
5 0.043229 0.043981 0.110417 0.110185
7 0.416927 0.127315 0.054688 0.091667
2 0.266667 0.631019 0.060417 0.089815