2 0.872656 0.623611 0.070312 0.080556
7 0.270573 0.150000 0.088021 0.107407
2 0.775000 0.543981 0.069792 0.073148
2 0.191146 0.108796 0.034375 0.043519
2 0.964844 0.705556 0.071354 0.090741
7 0.533854 0.173148 0.094792 0.114815
7 0.796615 0.354630 0.111979 0.138889
5 0.611979 0.687037 0.211458 0.298148
2 0.876823 0.759722 0.079687 0.112037
7 0.160417 0.617593 0.070833 0.146296
2 0.316667 0.325463 0.040625 0.056481
5 0.464844 0.437500 0.165104 0.212037
1 0.542188 0.729167 0.022917 0.049074
2 0.271354 0.871759 0.061458 0.113889
2 0.628125 0.539352 0.057292 0.075000
2 0.174479 0.803704 0.070833 0.111111
2 0.245052 0.321759 0.043229 0.056481
7 0.682292 0.323148 0.158333 0.174074
2 0.405729 0.192130 0.045833 0.049074
2 0.134115 0.222222 0.046354 0.055556
2 0.754687 0.111574 0.042708 0.034259
7 0.217708 0.983333 0.065625 0.072222
2 0.033854 0.083333 0.040625 0.048148
7 1.033594 0.529167 0.159896 0.156481
2 0.884635 0.555093 0.065104 0.076852