2 0.873437 0.606019 0.070833 0.080556
7 0.268490 0.141667 0.088021 0.105556
2 0.768229 0.520833 0.070833 0.073148
2 0.183333 0.097685 0.034375 0.043519
2 0.967969 0.687037 0.075521 0.090741
2 0.267708 0.863426 0.061458 0.113889
2 0.176563 0.781944 0.070833 0.112037
2 0.622396 0.118519 0.042708 0.035185
7 0.211458 0.975463 0.069792 0.073148
2 0.683594 0.112963 0.035937 0.037037
2 0.736198 0.189815 0.030729 0.050000
2 0.288542 0.064352 0.039583 0.041667
2 0.373437 0.124074 0.038542 0.042593
2 0.896875 0.441667 0.052083 0.057407
2 0.903646 0.549074 0.059375 0.068519