2 0.678906 0.448611 0.063021 0.067593
2 0.830729 0.567130 0.068750 0.076852
2 0.814323 0.475926 0.055729 0.064815
2 0.828646 0.387037 0.050000 0.055556
2 0.966927 0.680093 0.086979 0.091667
2 0.809115 0.136111 0.046354 0.037037
2 0.622135 0.113426 0.044271 0.039815
2 0.683073 0.107870 0.034896 0.037963
2 0.164062 0.006019 0.030208 0.012037
7 0.306510 0.166204 0.089063 0.112037
2 0.186979 0.099537 0.035417 0.039815
2 0.175260 0.771759 0.070312 0.113889
2 0.264844 0.856019 0.063021 0.112037
7 0.199219 0.985648 0.086979 0.104630