2 0.870573 0.619444 0.070312 0.081481
7 0.267448 0.148148 0.088021 0.107407
2 0.772917 0.541204 0.070833 0.076852
2 0.186979 0.106019 0.034375 0.043519
2 0.963802 0.701852 0.073438 0.090741
7 0.324740 0.035185 0.074479 0.094444
7 0.719531 0.241667 0.056771 0.137037
5 0.910417 1.059722 0.276042 0.406481
2 0.586458 0.581481 0.052083 0.074074
5 0.796875 0.747222 0.244792 0.298148
2 0.268229 0.870833 0.061458 0.113889
2 0.170833 0.802315 0.070833 0.112037
2 0.506771 0.588889 0.054167 0.075926
7 0.403646 0.129167 0.118750 0.136111
2 0.215625 0.454630 0.032292 0.088889
2 0.632292 0.126389 0.042708 0.036111
7 0.213281 0.982407 0.067187 0.072222
2 0.202604 0.224074 0.045833 0.057407
7 0.838021 0.390741 0.142708 0.142593
2 0.339062 0.148611 0.039583 0.043519
2 0.888021 0.507870 0.065625 0.069444
2 0.991406 0.136574 0.033854 0.032407