2 0.869010 0.617130 0.070312 0.080556
7 0.265885 0.147222 0.088021 0.105556
2 0.771094 0.539352 0.069271 0.075000
2 0.185938 0.106019 0.034375 0.043519
2 0.963281 0.698148 0.075521 0.090741
7 0.829948 0.136574 0.090104 0.082407
2 0.267708 0.869907 0.061458 0.113889
2 0.170833 0.801389 0.070833 0.112037
2 0.623437 0.128704 0.042708 0.035185
7 0.212760 0.981019 0.068229 0.073148
2 0.563021 0.547222 0.061458 0.083333
7 0.527604 0.175000 0.097917 0.111111
2 0.225260 0.055556 0.039062 0.038889
2 0.742448 0.109259 0.034896 0.035185
2 0.447917 0.224537 0.038542 0.043519
2 0.728906 0.331481 0.055729 0.051852
2 0.691927 0.361574 0.047396 0.052778
2 0.840365 0.512500 0.064062 0.067593