2 0.732031 0.391204 0.058854 0.063889
2 0.287760 0.354630 0.042188 0.062963
7 0.320833 0.076389 0.052083 0.065741
2 0.289844 0.875926 0.060937 0.107407
2 0.226562 0.969444 0.072917 0.079630
1 0.680469 0.943981 0.028646 0.054630
2 0.091927 0.163426 0.036979 0.047222
2 0.582292 0.528241 0.055208 0.073148
2 0.695833 0.175463 0.041667 0.039815
7 0.743750 0.849537 0.171875 0.237963
2 0.778906 0.559722 0.064062 0.075000
2 0.867188 0.634259 0.075000 0.083333
2 0.970833 0.727778 0.082292 0.085185
7 0.442448 0.498148 0.066146 0.100000
5 0.983594 0.964815 0.295312 0.377778