2 0.874219 0.638426 0.069271 0.080556
7 0.275781 0.160648 0.088021 0.108333
2 0.777865 0.557407 0.071354 0.075926
2 0.196875 0.117130 0.034375 0.043519
2 0.965625 0.721759 0.069792 0.091667
7 0.821875 0.390741 0.119792 0.150000
7 1.014583 0.513426 0.141667 0.117593
2 0.341927 0.300463 0.048438 0.060185
2 0.324219 0.337037 0.047396 0.061111
5 0.209375 0.279167 0.138542 0.169444
2 0.248438 0.211574 0.046875 0.063889
7 0.088542 0.176389 0.054167 0.075000
2 0.097656 0.133796 0.034896 0.045370
5 0.176042 0.180556 0.117708 0.137037
1 0.239844 0.387037 0.014063 0.033333
2 0.275000 0.881944 0.061458 0.112037
2 0.600000 0.331944 0.056250 0.056481
2 0.183854 0.148611 0.020833 0.019444
2 0.179688 0.812500 0.070833 0.110185
2 0.029427 0.128241 0.035937 0.045370
7 1.091667 0.639352 0.203125 0.208333