1 0.393229 0.007407 0.017708 0.025926
2 0.642708 0.316667 0.058333 0.059259
2 -0.007552 0.062500 0.047396 0.052778
7 0.990885 0.596759 0.021354 0.052778
1 0.267188 0.394907 0.017708 0.037963
7 0.748698 0.336111 0.072396 0.077778
2 0.844531 0.030093 0.027604 0.045370
2 0.847656 0.472222 0.059896 0.068519
2 0.376823 0.303241 0.049479 0.063889
2 0.277865 0.220370 0.042188 0.055556
7 0.412500 0.390278 0.068750 0.106481
7 0.312240 0.346296 0.082812 0.133333
7 0.160677 0.210185 0.093229 0.114815
2 0.776302 0.552315 0.064062 0.075000
2 0.864062 0.626852 0.075000 0.083333
2 0.638021 0.364352 0.064583 0.069444
2 0.966146 0.721296 0.082292 0.085185
7 0.058594 0.118981 0.049479 0.065741
5 0.162760 0.147685 0.132812 0.162037