2 0.325000 0.393981 0.063542 0.062037
2 0.561979 0.395833 0.054167 0.056481
2 0.691927 0.475000 0.067187 0.068519
2 0.776823 0.469907 0.053646 0.062037
2 0.815885 0.399074 0.048438 0.057407
2 0.872917 0.623611 0.084375 0.091667
2 0.620573 0.138426 0.043229 0.037963
2 0.680469 0.132870 0.035937 0.036111
7 0.509375 0.282870 0.103125 0.089815
2 0.351302 0.240741 0.039062 0.044444
2 0.372396 0.697222 0.061458 0.085185
2 0.180729 0.778704 0.069792 0.109259
7 0.264323 0.877315 0.083854 0.158333
2 0.930729 0.587500 0.059375 0.069444