1 0.524740 0.058333 0.019271 0.035185
2 0.809115 0.445833 0.068229 0.071296
2 0.003385 0.068981 0.009896 0.028704
1 0.204687 0.334722 0.017708 0.036111
7 0.879948 0.438889 0.084896 0.087037
2 0.939844 0.548148 0.064062 0.072222
2 0.276823 0.219907 0.045312 0.058333
2 0.224479 0.174537 0.042708 0.047222
7 0.250000 0.236574 0.062500 0.089815
7 0.211198 0.252315 0.076563 0.117593
7 0.119792 0.172222 0.088542 0.112963
2 0.774740 0.553241 0.064062 0.075000
2 0.863021 0.625926 0.075000 0.083333
2 0.814583 0.506481 0.072917 0.075926
2 0.965625 0.718519 0.082292 0.085185
7 0.053906 0.117130 0.049479 0.065741
5 0.118229 0.111111 0.128125 0.155556