2 0.868750 0.616204 0.070833 0.080556
7 0.265885 0.147222 0.088021 0.105556
2 0.771354 0.539352 0.068750 0.075000
2 0.184896 0.106019 0.034375 0.043519
2 0.962760 0.697222 0.075521 0.090741
7 0.863802 0.132407 0.093229 0.075926
2 0.267708 0.869907 0.061458 0.113889
2 0.170833 0.800463 0.070833 0.112037
2 0.623437 0.126852 0.042708 0.035185
7 0.212760 0.981019 0.068229 0.073148
2 0.647917 0.627315 0.069792 0.093519
7 0.480729 0.143981 0.093750 0.104630
2 0.142969 0.003241 0.036979 0.037963
2 0.724479 0.112500 0.035417 0.036111
2 0.365365 0.164815 0.036979 0.038889
2 0.669010 0.289815 0.053646 0.050000
2 0.589063 0.289815 0.044792 0.048148
2 0.732812 0.429167 0.058333 0.060185