1 0.435156 0.012963 0.019271 0.035185
2 0.709115 0.367130 0.061979 0.063889
2 0.004427 0.065741 0.009896 0.029630
7 0.996354 0.610648 0.007292 0.041667
1 0.242708 0.364815 0.017708 0.031481
7 0.796615 0.372685 0.076563 0.080556
2 0.829688 0.008796 0.023958 0.026852
2 0.901563 0.517593 0.062500 0.072222
2 0.331510 0.262500 0.046354 0.056481
2 0.247917 0.194907 0.042708 0.054630
7 0.350000 0.328241 0.068750 0.102778
7 0.272917 0.309722 0.080208 0.126852
7 0.140625 0.189352 0.088542 0.113889
2 0.775781 0.554167 0.064062 0.075000
2 0.864062 0.627778 0.075000 0.083333
2 0.708854 0.418981 0.065625 0.071296
2 0.966146 0.721296 0.082292 0.085185
7 0.055990 0.117130 0.049479 0.065741
5 0.143229 0.130093 0.129167 0.158333