2 0.410677 0.359259 0.059896 0.044444
2 0.625521 0.428704 0.056250 0.061111
2 0.755469 0.522222 0.070312 0.074074
2 0.776823 0.466204 0.053646 0.062037
2 0.815885 0.398148 0.048438 0.053704
2 0.952865 0.685648 0.089063 0.100926
2 0.620573 0.133796 0.043229 0.037963
2 0.680469 0.128241 0.035937 0.036111
7 0.451302 0.272685 0.104688 0.106481
2 0.308854 0.204167 0.037500 0.043519
2 0.316406 0.765741 0.058854 0.100000
2 0.181250 0.775926 0.069792 0.109259
7 0.228385 0.955093 0.090104 0.165741
2 1.014844 0.651389 0.061979 0.075000