2 0.288542 0.049074 0.040625 0.044444
2 0.062500 0.124074 0.035417 0.050000
7 0.808333 0.435648 0.085417 0.095370
2 0.285677 0.871759 0.060937 0.110185
2 0.203385 1.006019 0.073438 0.080556
1 0.398958 0.552778 0.019792 0.042593
7 0.470052 0.132407 0.053646 0.064815
2 -0.003125 0.012037 0.035417 0.044444
2 0.804167 0.141204 0.038542 0.041667
2 0.532031 0.230093 0.043229 0.049074
2 0.810677 0.712963 0.074479 0.100000
2 0.571354 0.482407 0.052083 0.072222
7 0.678906 0.741204 0.115104 0.195370
7 0.291406 0.331944 0.104688 0.134259
2 0.779427 0.551389 0.064062 0.075000
2 0.867708 0.624074 0.075000 0.083333
2 0.276042 0.084259 0.044792 0.046296
2 0.970313 0.717593 0.082292 0.085185
7 0.133854 0.183796 0.051042 0.067593
5 0.324740 0.291667 0.157812 0.200000