2 0.874740 0.623611 0.070312 0.080556
7 0.272135 0.150000 0.088021 0.107407
2 0.777083 0.544444 0.070833 0.074074
2 0.191667 0.108796 0.034375 0.043519
2 0.966146 0.706944 0.069792 0.091667
7 0.647135 0.249537 0.102604 0.125000
7 0.870313 0.384722 0.122917 0.095370
2 0.916406 0.806019 0.082812 0.106481
2 0.777344 0.766667 0.071354 0.092593
5 0.438542 0.496296 0.172917 0.235185
2 0.518750 0.440741 0.060417 0.083333
7 0.231510 0.341204 0.043229 0.104630
2 0.220833 0.237500 0.037500 0.050926
5 0.324740 0.302315 0.144271 0.169444
1 0.409635 0.573148 0.018229 0.040741
2 0.272917 0.871759 0.061458 0.113889
2 0.172135 -0.012500 0.038021 0.036111
2 0.395052 0.325926 0.040104 0.061111
2 0.175521 0.802778 0.070833 0.111111
2 0.139583 0.222222 0.039583 0.051852
7 0.851302 0.442130 0.188021 0.199074
2 0.714583 0.420833 0.060417 0.067593
2 0.033854 0.128704 0.042708 0.051852
2 0.909375 0.125926 0.045833 0.035185