1 0.626563 0.097685 0.018750 0.032407
2 0.838281 0.458333 0.070312 0.072222
2 -0.000521 0.058796 0.009375 0.028704
1 0.186719 0.309722 0.016146 0.039815
7 0.967448 0.504630 0.068229 0.090741
2 0.942448 0.540278 0.064062 0.071296
2 0.271615 0.208796 0.045312 0.058333
2 0.220052 0.167130 0.042188 0.047222
7 0.218229 0.202778 0.062500 0.090741
7 0.195312 0.231481 0.077083 0.116667
7 0.117188 0.163889 0.088542 0.112963
2 0.776823 0.545833 0.064062 0.075000
2 0.864583 0.617593 0.075000 0.083333
2 0.838542 0.517593 0.072917 0.075926
2 0.966146 0.708333 0.082292 0.085185
7 0.051823 0.109722 0.049479 0.065741
5 0.110156 0.094444 0.129688 0.151852