2 0.871094 0.619444 0.070312 0.081481
7 0.267448 0.148148 0.088021 0.107407
2 0.773177 0.541204 0.070312 0.076852
2 0.187500 0.106019 0.034375 0.043519
2 0.964323 0.701852 0.073438 0.090741
7 0.344271 0.049074 0.073958 0.096296
7 0.721615 0.253241 0.067187 0.143519
5 0.882031 1.021759 0.273438 0.406481
2 0.555208 0.551389 0.048958 0.069444
5 0.753125 0.705556 0.230208 0.287037
2 0.268229 0.870833 0.061458 0.113889
2 0.170833 0.801852 0.070833 0.111111
2 0.475781 0.556019 0.052604 0.073148
7 0.428906 0.147222 0.123438 0.140741
2 0.220833 0.418056 0.025000 0.086111
2 0.636458 0.125463 0.042708 0.036111
7 0.213802 0.981481 0.067187 0.072222
2 0.185677 0.208796 0.046354 0.056481
7 0.858073 0.403704 0.142187 0.144444
2 0.381771 0.179167 0.041667 0.045370
2 0.949740 0.553241 0.068229 0.073148