7 0.882812 0.420833 0.123958 0.149074
5 0.135677 0.125463 0.116146 0.134259
2 0.339323 0.057870 0.032813 0.036111
5 0.153646 0.204167 0.130208 0.162037
2 0.967187 0.708796 0.067708 0.093519
2 0.497917 0.388889 0.027083 0.075926
2 0.780990 0.544444 0.071354 0.075926
1 0.173698 0.299537 0.014063 0.036111
2 0.440104 0.310185 0.032292 0.061111
7 0.251563 0.122685 0.084375 0.102778
2 0.239844 0.239815 0.044271 0.055556
2 0.491146 0.624074 0.056250 0.061111
2 0.269792 0.217593 0.044792 0.055556
7 0.059635 0.127315 0.052604 0.075000
2 0.878125 0.625926 0.070833 0.081481
2 0.052604 0.072222 0.035417 0.042593
7 0.987760 0.509259 0.040104 0.105556
2 0.076563 0.002315 0.031250 0.037963