2 0.109375 0.165278 0.036458 0.050926
7 0.647135 0.308796 0.075521 0.086111
2 0.288802 0.867130 0.060937 0.110185
2 0.224740 0.961574 0.073438 0.080556
1 0.482031 0.657407 0.023438 0.046296
7 0.338021 0.037500 0.046875 0.058333
2 0.117969 0.116667 0.038021 0.046296
2 0.730469 0.158796 0.040104 0.039815
2 0.390104 0.121296 0.038542 0.042593
2 0.900521 0.806019 0.077083 0.102778
7 0.394010 0.443519 0.115104 0.151852
2 0.780990 0.550463 0.064062 0.075000
2 0.869271 0.625000 0.075000 0.083333
2 0.971354 0.717593 0.082292 0.085185
7 0.200000 0.245370 0.053125 0.072222
5 0.461719 0.422685 0.182812 0.234259