2 0.869271 0.620370 0.070833 0.079630
7 0.267448 0.150926 0.088021 0.105556
2 0.772135 0.542130 0.069271 0.075000
2 0.186979 0.108796 0.034375 0.043519
2 0.963281 0.702778 0.075521 0.090741
7 0.745052 0.177778 0.072396 0.120370
2 0.873698 0.860185 0.066146 0.094444
2 0.268750 0.872685 0.061458 0.113889
2 0.171354 0.804167 0.070833 0.112037
2 0.776042 0.861574 0.069792 0.097222
7 0.233333 0.015741 0.101042 0.118519
2 0.090104 0.764352 0.071875 0.128704
2 0.624479 0.130093 0.042708 0.034259
7 0.214062 0.984259 0.067708 0.072222
2 0.343750 0.348611 0.052083 0.067593
7 0.683594 0.285185 0.117188 0.125926
2 0.535156 0.262500 0.049479 0.050926
2 0.840885 0.109259 0.034896 0.033333
2 0.794010 0.481019 0.051562 0.060185
2 0.952344 0.499074 0.066146 0.068519