2 0.871875 0.621296 0.069792 0.081481
7 0.269531 0.150000 0.088021 0.107407
2 0.774219 0.543519 0.070312 0.074074
2 0.189583 0.106944 0.034375 0.043519
2 0.964844 0.703704 0.072396 0.090741
7 0.477083 0.134722 0.087500 0.106481
7 0.763802 0.322222 0.114062 0.138889
5 0.695573 0.783796 0.235937 0.336111
7 0.042448 0.840741 0.094271 0.181481
2 0.379948 0.384722 0.044271 0.060185
5 0.544792 0.507870 0.182292 0.226852
1 0.606250 0.812963 0.016667 0.042593
2 0.270313 0.870833 0.061458 0.113889
2 0.783594 0.684722 0.068229 0.089815
2 0.172917 0.802778 0.070833 0.111111
2 0.311979 0.387037 0.044792 0.061111
7 0.595833 0.261111 0.143750 0.161111
2 0.287760 0.108796 0.042188 0.039815
2 0.180469 0.268056 0.047396 0.062037
2 0.703125 0.115278 0.044792 0.032407
7 0.216146 0.982407 0.066667 0.072222
2 0.080469 0.120833 0.042188 0.050926
7 0.975000 0.486574 0.158333 0.154630
2 0.697135 0.406481 0.054688 0.061111