1 0.367188 0.005556 0.016667 0.025926
2 0.597917 0.283333 0.055208 0.055556
2 -0.001042 0.064352 0.041667 0.052778
7 0.989062 0.589815 0.046875 0.064815
1 0.282552 0.411574 0.019271 0.039815
7 0.716146 0.311111 0.069792 0.075926
2 0.852083 0.049074 0.023958 0.046296
2 0.811719 0.444444 0.054688 0.062963
2 0.405990 0.329630 0.050521 0.064815
2 0.303125 0.241204 0.041667 0.058333
7 0.464062 0.442130 0.071875 0.106481
7 0.341927 0.375463 0.084896 0.137963
7 0.175781 0.223148 0.093229 0.114815
2 0.776302 0.552315 0.064062 0.075000
2 0.864583 0.626852 0.075000 0.083333
2 0.591927 0.329630 0.060937 0.064815
2 0.966146 0.721296 0.082292 0.085185
7 0.063802 0.122685 0.049479 0.065741
5 0.178385 0.162037 0.134896 0.164815