2 0.875000 0.623611 0.069792 0.080556
7 0.272135 0.150000 0.088021 0.107407
2 0.777344 0.544907 0.070312 0.073148
2 0.192188 0.109722 0.034375 0.043519
2 0.966667 0.706944 0.069792 0.091667
7 0.668490 0.263426 0.104688 0.128704
7 0.883854 0.396759 0.126042 0.104630
2 0.824740 0.720833 0.075521 0.095370
2 0.716146 0.704630 0.067708 0.090741
5 0.412500 0.468056 0.168750 0.226852
2 0.479167 0.406019 0.058333 0.078704
7 0.222917 0.314352 0.048958 0.097222
2 0.207292 0.225000 0.037500 0.050000
5 0.308333 0.285185 0.141667 0.161111
1 0.392448 0.553704 0.018229 0.040741
2 0.272917 0.870833 0.061458 0.113889
2 0.206510 0.014352 0.038021 0.036111
2 0.366667 0.296759 0.038542 0.047222
2 0.175521 0.802778 0.070833 0.111111
2 0.126042 0.209259 0.038542 0.050000
7 0.877344 0.461574 0.195312 0.202778
2 0.780469 0.470370 0.063021 0.072222
2 0.019271 0.113889 0.042708 0.051852
2 0.940365 0.130093 0.047396 0.034259