2 0.870052 0.620370 0.070312 0.079630
7 0.267448 0.150000 0.088021 0.105556
2 0.772656 0.542130 0.070312 0.075000
2 0.186979 0.108796 0.034375 0.043519
2 0.963281 0.702778 0.074479 0.090741
7 0.274740 0.006481 0.060937 0.090741
7 0.721615 0.216667 0.040104 0.133333
5 0.979688 1.149537 0.277083 0.406481
2 0.670573 0.662963 0.054688 0.081481
5 0.912240 0.861111 0.268229 0.324074
2 0.268750 0.871759 0.061458 0.113889
2 0.171354 0.805093 0.070833 0.112037
2 0.584635 0.668981 0.058854 0.080556
7 0.344792 0.090278 0.113542 0.128704
2 0.189583 0.545370 0.048958 0.098148
2 0.626563 0.128241 0.042708 0.036111
7 0.213802 0.984259 0.067187 0.072222
2 0.247396 0.263889 0.046875 0.059259
7 0.789323 0.358333 0.133854 0.135185
2 0.249479 0.087037 0.036458 0.038889
2 0.758073 0.414352 0.058854 0.062037
2 0.935417 0.125000 0.036458 0.037037