2 0.864323 0.595833 0.070312 0.078704
7 0.280469 0.149074 0.088021 0.105556
2 0.740885 0.498611 0.069271 0.071296
2 0.182292 0.095833 0.034375 0.043519
2 0.967448 0.685185 0.075521 0.090741
2 0.265885 0.861574 0.061979 0.113889
2 0.175260 0.778241 0.070312 0.112037
2 0.622396 0.117593 0.042708 0.035185
7 0.208073 0.973148 0.072396 0.074074
2 0.683073 0.111111 0.035937 0.037037
2 0.759635 0.162037 0.040104 0.044444
2 0.210938 0.011111 0.036458 0.037037
2 0.281250 0.064815 0.037500 0.038889
2 0.860156 0.412963 0.050521 0.055556
2 0.857292 0.510648 0.058333 0.067593