7 0.733073 0.761111 0.086979 0.122222
2 0.194531 0.785185 0.060937 0.096296
5 0.161719 0.213889 0.127604 0.161111
7 0.207813 0.553704 0.077083 0.116667
2 0.691146 0.164815 0.041667 0.038889
2 0.797917 0.562963 0.071875 0.079630
1 0.026042 0.162500 0.014583 0.034259
2 -0.019792 1.006481 0.084375 0.144444
2 0.230469 0.830556 0.072396 0.131481
7 0.342708 0.419444 0.068750 0.085185
2 0.221615 0.225926 0.043229 0.051852
1 0.801302 0.092130 0.021354 0.026852
2 0.134375 0.104630 0.039583 0.048148
1 0.341406 0.825926 0.019271 0.046296