1 0.530469 0.062963 0.019271 0.035185
2 0.813802 0.448611 0.068229 0.071296
2 0.002865 0.068056 0.009896 0.028704
1 0.201563 0.328241 0.015625 0.036111
7 0.886458 0.443519 0.084375 0.087037
2 0.939844 0.548148 0.064062 0.072222
2 0.275260 0.218056 0.045312 0.058333
2 0.223438 0.173611 0.040625 0.045370
7 0.244792 0.232870 0.062500 0.089815
7 0.209115 0.251389 0.076563 0.117593
7 0.119792 0.172222 0.088542 0.112963
2 0.774740 0.553241 0.064062 0.075000
2 0.863021 0.625926 0.075000 0.083333
2 0.818750 0.511111 0.072917 0.075926
2 0.965625 0.717593 0.082292 0.085185
7 0.053906 0.117130 0.049479 0.065741
5 0.118229 0.111111 0.128125 0.155556