2 0.873437 0.609259 0.070833 0.079630
7 0.265885 0.142593 0.088021 0.105556
2 0.774740 0.530093 0.070312 0.075000
2 0.183854 0.100463 0.034375 0.043519
2 0.967969 0.690741 0.075521 0.090741
2 0.267708 0.866204 0.061458 0.113889
2 0.176042 0.785648 0.070833 0.112037
2 0.622396 0.120370 0.042708 0.035185
7 0.212760 0.977315 0.069271 0.073148
2 0.683594 0.115741 0.035937 0.037037
2 0.239323 0.000000 0.038021 0.031481
2 0.727344 0.214352 0.021354 0.054630
2 0.344531 0.103241 0.039062 0.043519
2 0.439583 0.169444 0.039583 0.044444
2 0.926302 0.464352 0.052604 0.058333
2 0.942708 0.581481 0.061458 0.070370