1 0.528385 0.062037 0.019271 0.035185
2 0.811719 0.447685 0.068229 0.071296
2 0.002865 0.068056 0.009896 0.028704
1 0.202604 0.330093 0.017708 0.036111
7 0.883073 0.441667 0.083854 0.087037
2 0.939844 0.548148 0.064062 0.072222
2 0.276302 0.218981 0.045312 0.058333
2 0.223698 0.174074 0.040104 0.044444
7 0.247396 0.233796 0.062500 0.089815
7 0.210156 0.251389 0.076563 0.117593
7 0.119792 0.172222 0.088542 0.112963
2 0.774740 0.553241 0.064062 0.075000
2 0.863021 0.625926 0.075000 0.083333
2 0.816146 0.509259 0.072917 0.075926
2 0.965625 0.718519 0.082292 0.085185
7 0.053906 0.117130 0.049479 0.065741
5 0.118229 0.111111 0.128125 0.155556