2 0.869792 0.620370 0.069792 0.079630
7 0.267448 0.150000 0.088021 0.105556
2 0.772656 0.542130 0.070312 0.075000
2 0.186979 0.108796 0.034375 0.043519
2 0.963281 0.702778 0.074479 0.090741
7 0.261979 -0.006019 0.059375 0.084259
7 0.723177 0.208796 0.046354 0.136111
5 0.999479 1.173611 0.277083 0.406481
2 0.698438 0.690278 0.056250 0.082407
5 0.949479 0.897685 0.269792 0.326852
2 0.268750 0.872685 0.061458 0.113889
2 0.171354 0.805093 0.070833 0.112037
2 0.611458 0.694444 0.060417 0.085185
7 0.326302 0.078241 0.109896 0.125000
2 0.177083 0.576389 0.053125 0.100926
2 0.626563 0.128241 0.042708 0.036111
7 0.213802 0.984259 0.067187 0.072222
2 0.260937 0.275926 0.047917 0.061111
7 0.773698 0.346759 0.131771 0.132407
2 0.224219 0.070370 0.034896 0.038889
2 0.720052 0.387037 0.056771 0.059259
2 0.918490 0.120833 0.034896 0.034259