2 0.870052 0.615741 0.069271 0.079630
7 0.265885 0.146296 0.088021 0.105556
2 0.772396 0.537037 0.069792 0.074074
2 0.185417 0.105093 0.034375 0.043519
2 0.963802 0.697222 0.075521 0.090741
7 0.908333 0.132870 0.098958 0.075000
2 0.268229 0.868981 0.061458 0.113889
2 0.172396 0.797685 0.070833 0.112037
2 0.622917 0.126852 0.042708 0.035185
7 0.213802 0.980093 0.068229 0.073148
2 0.774740 0.747222 0.078646 0.105556
7 0.422917 0.102778 0.088542 0.100000
2 0.709115 0.115278 0.034896 0.036111
2 0.272917 0.097222 0.033333 0.035185
2 0.599479 0.240741 0.051042 0.048148
2 0.473177 0.206481 0.038021 0.044444
2 0.611198 0.338426 0.053646 0.054630
2 0.987760 0.515278 0.069271 0.069444