2 0.488021 0.361574 0.059375 0.049074
2 0.678125 0.461574 0.058333 0.065741
2 0.776563 0.462963 0.053125 0.062963
2 0.816146 0.394444 0.048958 0.055556
2 0.816406 0.569907 0.075521 0.080556
2 1.012760 0.171296 0.050521 0.038889
2 0.620313 0.128241 0.043750 0.036111
2 0.679688 0.125000 0.035417 0.037037
7 0.405469 0.252778 0.099479 0.114815
2 0.271875 0.176852 0.036458 0.038889
2 0.180208 0.773611 0.069792 0.110185
2 0.284115 0.823148 0.060937 0.109259
7 0.209896 0.968519 0.087500 0.105556
2 1.004427 0.733333 0.058854 0.098148