7 0.884375 0.417130 0.123958 0.149074
5 0.123177 0.112963 0.114062 0.131481
2 0.418750 0.132870 0.030208 0.039815
5 0.153646 0.201389 0.130208 0.162037
2 0.968750 0.705556 0.067708 0.092593
2 0.508333 0.325463 0.032292 0.067593
2 0.782031 0.542593 0.071354 0.075926
1 0.173177 0.295833 0.014063 0.036111
2 0.401042 0.421296 0.045833 0.074074
2 0.952344 0.165741 0.052604 0.040741
7 0.208073 0.087037 0.079687 0.096296
2 0.239323 0.237963 0.044271 0.055556
2 0.380990 0.678704 0.057813 0.085185
2 0.269792 0.214815 0.044792 0.055556
7 0.036198 0.103241 0.051562 0.073148
2 0.879687 0.622222 0.070833 0.081481
2 0.020052 0.041667 0.032813 0.040741
7 0.995313 0.521759 0.012500 0.058333