7 0.520052 0.660185 0.078646 0.077778
2 0.741927 0.751852 0.061979 0.083333
2 0.198437 0.794444 0.060417 0.096296
5 0.164844 0.221759 0.127604 0.158333
7 0.408073 0.388426 0.069271 0.071296
2 0.691667 0.172685 0.041667 0.039815
2 0.900000 0.662500 0.078125 0.087963
2 0.109635 0.731481 0.073438 0.118519
2 0.252083 0.531481 0.060417 0.083333
2 0.234115 0.840741 0.072396 0.127778
7 0.540104 0.393981 0.065625 0.067593
2 0.177344 0.187963 0.045312 0.044444
1 0.949740 0.131481 0.023438 0.029630
2 0.024479 0.017130 0.036458 0.037963