2 0.869792 0.620370 0.069792 0.079630
7 0.267448 0.150000 0.088021 0.105556
2 0.772656 0.542130 0.070312 0.075000
2 0.186979 0.108796 0.034375 0.043519
2 0.963281 0.702778 0.074479 0.090741
7 0.268750 0.000463 0.060417 0.087963
7 0.722135 0.212963 0.042188 0.133333
5 0.988021 1.159722 0.277083 0.406481
2 0.682292 0.674074 0.056250 0.081481
5 0.927865 0.875926 0.269271 0.325926
2 0.268750 0.871759 0.061458 0.113889
2 0.171354 0.805093 0.070833 0.112037
2 0.596354 0.679630 0.060417 0.085185
7 0.336719 0.085648 0.110937 0.126852
2 0.183073 0.558796 0.050521 0.099074
2 0.626563 0.128241 0.042708 0.036111
7 0.213802 0.985185 0.067187 0.072222
2 0.252865 0.268056 0.047396 0.060185
7 0.782031 0.353241 0.132812 0.134259
2 0.238542 0.078704 0.035417 0.038889
2 0.741146 0.403241 0.058333 0.060185
2 0.927865 0.122222 0.035937 0.037037