1 1.008333 0.114815 0.018750 0.027778
2 0.839323 0.445370 0.072396 0.072222
1 0.180990 0.296759 0.016146 0.039815
2 0.685677 0.766667 0.070312 0.098148
2 0.448437 0.309722 0.039583 0.071296
2 0.232031 -0.002315 0.038021 0.041667
2 0.989844 0.564815 0.067187 0.074074
2 0.266667 0.193981 0.045833 0.060185
2 0.215365 0.152315 0.043229 0.050926
7 0.210156 0.187963 0.061979 0.090741
7 0.189583 0.216204 0.078125 0.117593
7 0.109896 0.150463 0.089583 0.113889
2 0.772656 0.530093 0.064062 0.075000
2 0.859375 0.602778 0.075000 0.083333
2 0.834375 0.500926 0.072917 0.077778
2 0.962760 0.696296 0.083854 0.088889
7 0.044010 0.094907 0.049479 0.065741
5 0.077083 0.060648 0.130208 0.143519
2 0.460677 0.193056 0.021354 0.054630