7 0.688542 0.723611 0.084375 0.112037
2 0.195573 0.787037 0.060937 0.096296
5 0.161719 0.215741 0.127604 0.161111
7 0.246354 0.506019 0.075000 0.110185
2 0.691146 0.165741 0.041667 0.038889
2 0.807292 0.571759 0.072917 0.080556
1 0.017188 0.153241 0.014583 0.034259
2 0.044792 0.892593 0.084375 0.144444
2 0.231510 0.831481 0.072396 0.131481
7 0.378385 0.404167 0.068229 0.080556
2 0.216927 0.220833 0.042188 0.050926
1 0.824740 0.098611 0.021354 0.026852
2 0.117708 0.090741 0.038542 0.046296
1 0.328385 0.857870 0.020313 0.050926