7 0.884896 0.414352 0.123958 0.149074
5 0.113281 0.100000 0.114062 0.131481
2 0.445573 0.175926 0.026562 0.046296
5 0.153646 0.198611 0.130208 0.162037
2 0.969010 0.703241 0.067187 0.093519
2 0.516406 0.297685 0.034896 0.063889
2 0.782552 0.537963 0.071354 0.075926
1 0.172656 0.292130 0.014063 0.036111
2 0.367969 0.479167 0.052604 0.078704
2 0.882552 0.157407 0.050521 0.038889
7 0.178125 0.062037 0.079167 0.094444
2 0.239323 0.232407 0.044271 0.055556
2 0.330469 0.745370 0.056771 0.094444
2 0.269792 0.211111 0.044792 0.055556
7 0.021875 0.085648 0.044792 0.073148
2 0.880729 0.619444 0.070833 0.081481
2 0.006771 0.023611 0.015625 0.036111