1 0.600521 0.097685 0.018750 0.032407
2 0.837240 0.461111 0.070312 0.072222
2 -0.000521 0.063426 0.009375 0.028704
1 0.187760 0.311574 0.016146 0.039815
7 0.953906 0.489815 0.090104 0.092593
2 0.942448 0.544444 0.064062 0.072222
2 0.272656 0.211574 0.045312 0.058333
2 0.220052 0.168981 0.042188 0.047222
7 0.219010 0.206944 0.061979 0.089815
7 0.195833 0.233796 0.076042 0.117593
7 0.117708 0.165741 0.088542 0.112963
2 0.776823 0.547685 0.064062 0.075000
2 0.864062 0.623148 0.075000 0.083333
2 0.838542 0.522222 0.072917 0.075926
2 0.966667 0.712963 0.082292 0.085185
7 0.052344 0.112500 0.049479 0.065741
5 0.113021 0.099537 0.129167 0.152778