7 0.884896 0.413426 0.123958 0.149074
5 0.092969 0.082870 0.113021 0.126852
2 0.457031 0.275000 0.024479 0.051852
5 0.154688 0.198611 0.130208 0.162037
2 0.969010 0.702315 0.067187 0.093519
2 0.536198 0.258796 0.038021 0.058333
2 0.782031 0.536111 0.071354 0.075926
1 0.172656 0.290278 0.014063 0.036111
2 0.301823 0.580556 0.061979 0.092593
2 0.778385 0.181944 0.045312 0.039815
7 0.121354 0.030093 0.070833 0.062037
2 0.239323 0.232407 0.044271 0.055556
2 0.242188 0.933333 0.064583 0.116667
2 0.269792 0.211111 0.044792 0.055556
7 0.004687 0.067130 0.011458 0.039815
2 0.880729 0.618519 0.070833 0.081481