2 0.129688 0.187500 0.036458 0.052778
7 0.596354 0.270833 0.071875 0.084259
2 0.288802 0.867130 0.060937 0.110185
2 0.225781 0.960648 0.073438 0.080556
1 0.513802 0.695370 0.022396 0.046296
7 0.293490 0.007407 0.046354 0.055556
2 0.165885 0.160648 0.040104 0.050926
2 0.714323 0.162963 0.040104 0.040741
2 0.342708 0.089815 0.037500 0.040741
7 0.428906 0.483796 0.119271 0.162037
2 0.780990 0.550463 0.064062 0.075000
2 0.869271 0.625000 0.075000 0.083333
2 0.971354 0.717593 0.082292 0.085185
7 0.226823 0.272222 0.054688 0.075926
5 0.512240 0.471759 0.193229 0.249074