2 0.875521 0.625926 0.069792 0.081481
7 0.273698 0.151389 0.088021 0.108333
2 0.777344 0.546296 0.070312 0.074074
2 0.192708 0.110648 0.034375 0.043519
2 0.966667 0.707870 0.069792 0.091667
7 0.711198 0.296296 0.106771 0.131481
7 0.908594 0.418519 0.135937 0.105556
2 0.657813 0.568056 0.064583 0.082407
2 0.590885 0.583796 0.060937 0.075000
5 0.357552 0.412500 0.161979 0.206481
2 0.407292 0.343981 0.055208 0.075000
7 0.194792 0.270833 0.057292 0.087963
2 0.175000 0.196296 0.036458 0.048148
5 0.276823 0.258796 0.136979 0.156481
1 0.350521 0.505556 0.015625 0.035185
2 0.273958 0.872685 0.061458 0.113889
2 0.285156 0.072685 0.040104 0.037963
2 0.310677 0.245833 0.035937 0.034259
2 0.176563 0.803704 0.070833 0.111111
2 0.098177 0.182870 0.038021 0.049074
7 0.937240 0.506019 0.198437 0.206481
2 0.938802 0.596296 0.071354 0.081481
2 -0.012500 0.084259 0.042708 0.051852