2 0.083854 0.730093 0.075000 0.123148
2 0.324479 0.422222 0.057292 0.072222
2 0.489323 0.394444 0.063021 0.048148
2 0.651563 0.450000 0.068750 0.072222
2 0.778385 0.475000 0.053646 0.061111
2 0.861979 0.537500 0.055208 0.065741
2 0.816667 0.406019 0.051042 0.056481
7 0.676562 0.220370 0.090625 0.111111
2 0.537240 0.295833 0.043229 0.039815
2 0.680729 0.137037 0.038542 0.037037
2 0.621354 0.140741 0.042708 0.038889
2 0.601823 0.666667 0.064062 0.066667
7 0.451823 0.650926 0.084896 0.094444
2 0.178125 0.788889 0.069792 0.111111
2 0.294531 0.824537 0.060937 0.110185
2 0.084896 0.957407 0.073958 0.114815
7 1.009635 0.720833 0.214062 0.275000