2 0.840365 0.448611 0.072396 0.071296
1 0.180990 0.296759 0.016146 0.039815
2 0.513802 0.667593 0.066146 0.064815
2 0.379948 0.453704 0.059896 0.088889
2 0.336979 0.083796 0.036458 0.041667
2 0.266667 0.197222 0.044792 0.061111
2 0.214583 0.154167 0.042708 0.050926
7 0.209635 0.190278 0.061979 0.089815
7 0.189323 0.218981 0.077604 0.115741
7 0.109896 0.151389 0.089583 0.113889
2 0.772656 0.531481 0.064062 0.074074
2 0.859375 0.603704 0.075000 0.083333
2 0.832812 0.503704 0.072917 0.077778
2 0.963281 0.696296 0.083854 0.088889
7 0.043490 0.097685 0.049479 0.065741
5 0.071354 0.062500 0.123958 0.126852
7 0.230990 0.000463 0.031771 0.004630
2 0.456771 0.304167 0.032292 0.062037