2 0.504948 0.209259 0.049479 0.051852
2 0.009896 0.075000 0.041667 0.044444
7 0.963802 0.563889 0.079687 0.105556
2 0.229167 0.983796 0.065625 0.119444
1 0.314063 0.447685 0.016667 0.041667
7 0.647135 0.256481 0.066146 0.074074
2 0.859115 0.081481 0.019271 0.050000
2 0.728906 0.373611 0.052604 0.060185
2 0.487240 0.400463 0.052604 0.071296
2 0.362760 0.291204 0.047396 0.062037
7 0.594792 0.572222 0.085417 0.131481
7 0.419531 0.453704 0.088021 0.148148
7 0.204427 0.249074 0.099479 0.114815
2 0.777865 0.550463 0.064062 0.075000
2 0.866146 0.625000 0.075000 0.083333
2 0.496875 0.253704 0.057292 0.061111
2 0.969792 0.719444 0.082292 0.085185
7 0.078646 0.133796 0.050000 0.065741
5 0.217188 0.193056 0.142708 0.173148