1 0.500781 0.047222 0.019271 0.035185
2 0.791667 0.431481 0.065625 0.068519
2 0.003385 0.068981 0.009896 0.028704
7 0.996354 0.611574 0.007292 0.041667
1 0.212500 0.338426 0.017708 0.034259
7 0.859375 0.424074 0.082292 0.085185
2 0.939844 0.549074 0.064062 0.072222
2 0.282552 0.225000 0.045312 0.057407
2 0.226042 0.178241 0.042708 0.050926
7 0.269010 0.254167 0.063021 0.087963
7 0.222656 0.264352 0.077604 0.119444
7 0.121875 0.175000 0.088542 0.112963
2 0.774740 0.553241 0.064062 0.075000
2 0.863021 0.626852 0.075000 0.083333
2 0.796354 0.493519 0.072917 0.075926
2 0.965625 0.718519 0.082292 0.085185
7 0.054948 0.118056 0.049479 0.065741
5 0.123177 0.116204 0.127604 0.154630