2 0.876823 0.635648 0.070312 0.080556
7 0.276302 0.156944 0.088021 0.108333
2 0.779427 0.554630 0.070312 0.077778
2 0.197917 0.115278 0.034375 0.043519
2 0.967708 0.719907 0.067708 0.091667
7 0.870052 0.422222 0.123438 0.153704
7 1.033333 0.524537 0.141667 0.117593
2 0.276823 0.241667 0.045312 0.057407
2 0.256771 0.275000 0.044792 0.057407
5 0.167187 0.237037 0.132292 0.161111
2 0.215104 0.178704 0.041667 0.061111
7 0.067708 0.154167 0.053125 0.075000
2 0.086198 0.128704 0.019271 0.044444
5 0.156510 0.158333 0.116146 0.133333
1 0.202344 0.340741 0.015104 0.033333
2 0.274479 0.878241 0.062500 0.112037
2 0.739323 0.440278 0.064062 0.069444
2 0.159896 0.126389 0.020833 0.019444
2 0.178646 0.809722 0.070833 0.110185
2 0.016406 0.113426 0.035937 0.045370