2 0.840104 0.448611 0.071875 0.071296
1 0.180990 0.296759 0.016146 0.039815
2 0.526823 0.670833 0.064062 0.065741
2 0.386198 0.441204 0.056771 0.084259
2 0.328906 0.075463 0.038021 0.041667
2 0.266667 0.197222 0.044792 0.061111
2 0.214583 0.154167 0.042708 0.050926
7 0.209635 0.190278 0.061979 0.089815
7 0.189062 0.218981 0.078125 0.117593
7 0.109896 0.151389 0.089583 0.113889
2 0.772656 0.531481 0.064062 0.074074
2 0.859375 0.603704 0.075000 0.083333
2 0.833333 0.503704 0.072917 0.077778
2 0.963281 0.696296 0.083854 0.088889
7 0.043490 0.097685 0.049479 0.065741
5 0.071354 0.062500 0.123958 0.126852
2 0.458333 0.296759 0.032292 0.060185