2 0.676823 0.446759 0.063021 0.067593
2 0.829688 0.566204 0.068750 0.076852
2 0.813281 0.475463 0.055729 0.063889
2 0.827604 0.386111 0.050000 0.055556
2 0.966406 0.680093 0.086979 0.091667
2 0.810156 0.136111 0.046354 0.037037
2 0.622135 0.113426 0.044271 0.039815
2 0.683073 0.107870 0.034896 0.037963
2 0.161198 0.005093 0.028646 0.010185
7 0.308073 0.167130 0.089063 0.112037
2 0.187500 0.099537 0.035417 0.039815
2 0.175260 0.771759 0.070312 0.113889
2 0.264844 0.856019 0.063021 0.112037
7 0.199219 0.985648 0.086979 0.104630