2 0.793490 0.440741 0.057813 0.064815
2 0.264583 0.329630 0.040625 0.061111
7 0.354687 0.099074 0.054167 0.064815
2 0.289323 0.875000 0.060937 0.107407
2 0.226042 0.967593 0.072917 0.079630
1 0.659115 0.908333 0.026562 0.053704
2 0.073438 0.143519 0.035417 0.048148
2 0.511719 0.468056 0.053646 0.067593
2 0.695833 0.174537 0.041667 0.039815
7 0.692969 0.793056 0.163021 0.226852
2 0.778906 0.557870 0.064062 0.075000
2 0.867188 0.633333 0.075000 0.083333
2 0.970833 0.726852 0.082292 0.085185
7 0.409896 0.463889 0.064583 0.098148
5 0.906771 0.881019 0.289583 0.367593