2 0.861719 0.593056 0.070312 0.078704
7 0.282552 0.150000 0.088021 0.105556
2 0.733854 0.491667 0.068750 0.070370
2 0.182292 0.095833 0.034375 0.043519
2 0.967448 0.683333 0.075521 0.090741
2 0.265365 0.860648 0.061979 0.113889
2 0.175260 0.776389 0.070312 0.112037
2 0.622396 0.116667 0.042708 0.035185
7 0.208073 0.973148 0.072396 0.074074
2 0.683073 0.110185 0.035937 0.037037
2 0.764844 0.156944 0.040104 0.041667
2 0.198958 0.002778 0.036458 0.037037
2 0.265365 0.056019 0.035937 0.036111
2 0.855469 0.408333 0.050521 0.055556
2 0.850521 0.505093 0.057292 0.065741