7 0.883333 0.418981 0.123958 0.149074
5 0.127865 0.117593 0.115104 0.133333
2 0.392969 0.102778 0.032813 0.038889
5 0.153646 0.203241 0.130208 0.162037
2 0.968229 0.707870 0.067708 0.093519
2 0.502865 0.347222 0.030729 0.070370
2 0.780990 0.542593 0.071354 0.075926
1 0.173698 0.299537 0.014063 0.036111
2 0.419531 0.379167 0.041146 0.069444
2 1.007031 0.179167 0.053646 0.043519
7 0.225260 0.100926 0.082812 0.098148
2 0.239323 0.238889 0.044271 0.055556
2 0.420312 0.646296 0.058333 0.074074
2 0.269792 0.216667 0.044792 0.055556
7 0.046615 0.113889 0.052604 0.074074
2 0.878646 0.624074 0.070833 0.081481
2 0.032552 0.054167 0.033854 0.041667
7 0.999219 0.516667 0.039062 0.105556