1 0.784896 0.081019 0.018750 0.032407
2 0.839323 0.450000 0.071354 0.072222
1 0.183594 0.298611 0.016146 0.039815
2 0.325521 0.039815 0.042708 0.042593
2 0.940885 0.530556 0.064062 0.072222
2 0.270052 0.198611 0.045312 0.060185
2 0.219010 0.156019 0.043229 0.050926
7 0.215885 0.195370 0.064062 0.090741
7 0.193229 0.221296 0.078125 0.118519
7 0.114583 0.152778 0.088542 0.112963
2 0.775260 0.535648 0.064062 0.075000
2 0.863542 0.608333 0.075000 0.083333
2 0.836458 0.508333 0.072917 0.075926
2 0.966146 0.701852 0.083333 0.088889
7 0.048177 0.099537 0.049479 0.065741
5 0.102344 0.079167 0.129688 0.149074