2 0.869531 0.620370 0.070312 0.079630
7 0.267448 0.150000 0.088021 0.105556
2 0.772396 0.542130 0.069792 0.075000
2 0.186979 0.108796 0.034375 0.043519
2 0.963281 0.702778 0.074479 0.090741
7 0.735677 0.190278 0.063021 0.125000
2 0.794010 0.781944 0.061979 0.087963
5 1.079167 1.023148 0.271875 0.333333
2 0.268750 0.872685 0.061458 0.113889
2 0.171354 0.804167 0.070833 0.112037
2 0.701562 0.785648 0.064583 0.091667
7 0.272656 0.040741 0.105729 0.118519
2 0.131250 0.678241 0.062500 0.113889
2 0.625000 0.129167 0.042708 0.034259
7 0.214062 0.984259 0.067708 0.072222
2 0.307292 0.316204 0.050000 0.062037
7 0.722917 0.310648 0.122917 0.130556
2 0.151562 0.018519 0.033333 0.035185
2 0.610417 0.311111 0.052083 0.053704
2 0.871094 0.112500 0.034896 0.034259
2 0.887760 0.552315 0.055729 0.065741
2 1.004167 0.536574 0.067708 0.069444