2 0.873698 0.623611 0.070312 0.080556
7 0.271094 0.150000 0.088021 0.107407
2 0.775521 0.543981 0.070833 0.073148
2 0.191146 0.108796 0.034375 0.043519
2 0.965365 0.706481 0.070312 0.090741
7 0.579688 0.204167 0.097917 0.121296
7 0.824479 0.377315 0.116667 0.141667
5 0.539583 0.606944 0.193750 0.269444
2 0.707031 0.604630 0.070312 0.098148
7 0.218750 0.480556 0.045833 0.125926
2 0.273177 0.286574 0.040104 0.052778
5 0.398438 0.375463 0.156250 0.199074
1 0.485417 0.663426 0.022917 0.050926
2 0.271875 0.871759 0.061458 0.113889
2 0.520833 0.442130 0.051042 0.067593
2 0.175000 0.802778 0.070833 0.111111
2 0.196615 0.276852 0.042188 0.055556
7 0.754427 0.373148 0.170313 0.185185
2 0.517969 0.274537 0.050521 0.054630
2 0.092708 0.181944 0.044792 0.054630
2 0.810417 0.112037 0.043750 0.033333
7 0.217188 0.984259 0.065625 0.072222
2 -0.006510 0.049537 0.040104 0.047222