2 0.869010 0.617130 0.070312 0.080556
7 0.265885 0.147222 0.088021 0.105556
2 0.771094 0.539352 0.069271 0.075000
2 0.185938 0.106019 0.034375 0.043519
2 0.963281 0.699074 0.075521 0.090741
7 0.827344 0.137037 0.089063 0.083333
2 0.267708 0.869907 0.061458 0.113889
2 0.170833 0.801389 0.070833 0.112037
2 0.623958 0.128704 0.042708 0.035185
7 0.212760 0.981019 0.068229 0.073148
2 0.555208 0.539815 0.061458 0.081481
7 0.532031 0.178704 0.098437 0.111111
2 0.233073 0.060648 0.039062 0.039815
2 0.744792 0.108796 0.034375 0.034259
2 0.457813 0.231481 0.039583 0.042593
2 0.735677 0.337037 0.055729 0.051852
2 0.702604 0.369444 0.047917 0.051852
2 0.852083 0.520370 0.065625 0.068519