1 0.381250 0.011111 0.016667 0.025926
2 0.628385 0.305556 0.056771 0.057407
2 -0.005990 0.064352 0.047396 0.052778
7 0.987500 0.592593 0.025000 0.053704
1 0.271875 0.398148 0.017708 0.037037
7 0.738281 0.327778 0.072396 0.077778
2 0.846875 0.036574 0.027083 0.045370
2 0.837240 0.462500 0.058854 0.067593
2 0.385937 0.311111 0.048958 0.064815
2 0.285677 0.228241 0.042188 0.056481
7 0.428385 0.404630 0.071354 0.107407
7 0.321615 0.356019 0.082812 0.132407
7 0.166406 0.213889 0.093229 0.114815
2 0.776302 0.552315 0.064062 0.075000
2 0.864062 0.626852 0.075000 0.083333
2 0.623437 0.353241 0.063542 0.069444
2 0.966146 0.721296 0.082292 0.085185
7 0.060156 0.119907 0.049479 0.065741
5 0.167187 0.151852 0.133333 0.162963