2 1.035417 0.632870 0.073958 0.076852
2 0.178906 0.240741 0.036979 0.057407
7 0.498437 0.202315 0.062500 0.075000
2 0.288281 0.869907 0.060937 0.110185
2 0.225000 0.963889 0.072917 0.079630
1 0.570833 0.766667 0.021875 0.038889
2 0.000781 0.069907 0.034896 0.045370
2 0.275781 0.262037 0.044271 0.055556
2 0.700000 0.169907 0.042708 0.039815
2 0.251042 0.027315 0.035417 0.037963
7 0.509896 0.584722 0.130208 0.184259
2 0.780990 0.555093 0.064062 0.075000
2 0.867708 0.629630 0.075000 0.083333
2 0.972396 0.719444 0.082292 0.085185
7 0.290104 0.339815 0.058333 0.083333
5 0.633854 0.595833 0.226042 0.284259