2 0.221615 -0.000463 0.040104 0.043519
2 0.079427 0.137963 0.034896 0.051852
7 0.743490 0.381944 0.082812 0.093519
2 0.288281 0.867130 0.060937 0.110185
2 0.215885 0.980093 0.073438 0.080556
1 0.430729 0.589815 0.020833 0.042593
7 0.416667 0.093056 0.051042 0.062037
2 0.041667 0.050463 0.035417 0.045370
2 0.773958 0.149537 0.039583 0.039815
2 0.477344 0.187037 0.041146 0.044444
2 0.971354 0.868981 0.086458 0.113889
2 0.680729 0.588426 0.063542 0.080556
7 0.810677 0.885185 0.130729 0.220370
7 0.330990 0.375000 0.109896 0.140741
2 0.780990 0.550463 0.064062 0.075000
2 0.869271 0.625000 0.075000 0.083333
2 0.211198 0.034259 0.041146 0.044444
2 0.971354 0.717593 0.082292 0.085185
7 0.159375 0.206019 0.052083 0.069444
5 0.377344 0.341667 0.168229 0.212963