1 0.402604 0.012037 0.017708 0.025926
2 0.662240 0.331944 0.058854 0.062037
2 -0.009896 0.061574 0.046875 0.052778
7 0.993229 0.596296 0.013542 0.050000
1 0.257812 0.377778 0.017708 0.031481
7 0.762500 0.345833 0.072917 0.078704
2 0.839844 0.023148 0.027604 0.044444
2 0.864323 0.486111 0.059896 0.070370
2 0.363021 0.290278 0.047917 0.060185
2 0.268229 0.212500 0.041667 0.054630
7 0.393229 0.370833 0.068750 0.104630
7 0.299479 0.333796 0.082292 0.128704
7 0.156510 0.202315 0.090104 0.112037
2 0.776302 0.553241 0.064062 0.075000
2 0.864062 0.626852 0.075000 0.083333
2 0.657552 0.379630 0.065104 0.070370
2 0.966146 0.721296 0.082292 0.085185
7 0.057552 0.117130 0.049479 0.065741
5 0.157292 0.141204 0.131250 0.160185