2 0.872396 0.612037 0.070833 0.079630
7 0.266406 0.143519 0.088021 0.105556
2 0.774479 0.534722 0.069792 0.076852
2 0.184896 0.102315 0.034375 0.043519
2 0.967448 0.692593 0.075521 0.090741
7 1.008073 0.146296 0.101562 0.077778
2 0.269792 0.866204 0.061458 0.113889
2 0.175000 0.792130 0.070833 0.112037
2 0.622917 0.124074 0.042708 0.035185
7 0.214844 0.978241 0.068229 0.073148
7 0.304948 0.022222 0.077604 0.092593
2 0.694010 0.116667 0.035937 0.037037
2 0.476302 0.152778 0.045312 0.042593
2 0.280990 0.069907 0.032813 0.036111
2 0.407031 0.189815 0.044271 0.044444
2 0.830990 0.394444 0.061979 0.059259
2 0.752865 0.390278 0.057813 0.062037
2 0.973958 0.556944 0.065625 0.071296