2 0.151562 0.629630 0.063542 0.105556
2 0.321354 0.446296 0.067708 0.066667
2 0.486198 0.380093 0.063021 0.058333
2 0.778125 0.476852 0.054167 0.061111
2 0.861979 0.515278 0.034375 0.015741
2 0.817187 0.407407 0.048958 0.057407
7 0.774479 0.167593 0.088542 0.098148
2 0.652865 0.251389 0.041146 0.043519
2 0.680729 0.138889 0.038542 0.037037
2 0.621354 0.142593 0.042708 0.038889
2 0.827083 0.822222 0.071875 0.094444
7 0.654427 0.682870 0.086979 0.108333
2 0.176823 0.790278 0.070312 0.110185
2 0.445052 0.662037 0.065104 0.070370
2 0.090885 0.944444 0.074479 0.114815
7 0.905990 0.641667 0.206771 0.272222
2 0.277083 0.866204 0.067708 0.123148