1 0.950000 0.108333 0.018750 0.027778
2 0.837760 0.442593 0.071354 0.072222
1 0.181510 0.296759 0.016146 0.039815
2 0.954688 1.046296 0.082292 0.120370
2 0.447917 0.168981 0.030208 0.058333
2 0.952344 0.533333 0.065104 0.074074
2 0.266667 0.191204 0.045833 0.060185
2 0.216927 0.151389 0.043229 0.050926
7 0.211198 0.186574 0.063021 0.091667
7 0.190104 0.214815 0.078125 0.118519
7 0.110417 0.150000 0.088542 0.112963
2 0.772656 0.527315 0.064062 0.075000
2 0.859896 0.600926 0.075000 0.083333
2 0.834375 0.500000 0.072917 0.075926
2 0.962760 0.695370 0.083854 0.088889
7 0.044010 0.092130 0.049479 0.065741
5 0.088802 0.065741 0.127604 0.144444
2 0.404427 0.089815 0.033854 0.040741