1 0.415365 0.012963 0.018229 0.025926
2 0.681510 0.345833 0.059896 0.062037
2 0.001823 0.065741 0.020313 0.033333
7 0.994010 0.604167 0.013021 0.047222
1 0.251563 0.374074 0.017708 0.031481
7 0.776302 0.357407 0.074479 0.079630
2 0.835156 0.017593 0.029687 0.038889
2 0.878906 0.498148 0.059896 0.070370
2 0.350521 0.278704 0.046875 0.059259
2 0.258854 0.205093 0.041667 0.054630
7 0.374479 0.351852 0.067708 0.103704
7 0.288021 0.323148 0.081250 0.127778
7 0.149219 0.194907 0.090104 0.112037
2 0.776302 0.553241 0.064062 0.075000
2 0.864062 0.627778 0.075000 0.083333
2 0.678906 0.396296 0.065104 0.070370
2 0.966146 0.721296 0.082292 0.085185
7 0.055990 0.117130 0.049479 0.065741
5 0.151042 0.137500 0.131250 0.160185