1 0.562240 0.075926 0.019271 0.035185
2 0.829948 0.459722 0.069271 0.073148
2 0.001042 0.066204 0.009375 0.028704
1 0.191667 0.322685 0.013542 0.036111
7 0.917188 0.464815 0.087500 0.088889
2 0.940365 0.547222 0.064062 0.072222
2 0.272656 0.215278 0.045312 0.058333
2 0.221354 0.171759 0.042708 0.047222
7 0.227344 0.218056 0.063021 0.089815
7 0.198958 0.240278 0.077083 0.117593
7 0.118229 0.170370 0.088542 0.112963
2 0.775781 0.550463 0.064062 0.075000
2 0.863021 0.625000 0.075000 0.083333
2 0.831771 0.520370 0.072917 0.075926
2 0.966146 0.713889 0.082292 0.085185
7 0.052865 0.114352 0.049479 0.065741
5 0.116146 0.106019 0.128125 0.154630