7 0.884896 0.414352 0.123958 0.149074
5 0.083333 0.075463 0.112500 0.126852
2 0.450521 0.315278 0.033333 0.056481
5 0.154688 0.198611 0.130208 0.162037
2 0.968490 0.702778 0.065104 0.092593
2 0.546875 0.244907 0.037500 0.056481
2 0.782031 0.537037 0.071354 0.075926
1 0.173177 0.291204 0.014063 0.036111
2 0.274479 0.627315 0.062500 0.095370
2 0.738802 0.203704 0.045312 0.044444
7 0.093750 0.021296 0.070833 0.042593
2 0.239844 0.233333 0.044271 0.055556
2 0.210417 0.989815 0.039583 0.024074
2 0.269271 0.211111 0.044792 0.055556
2 0.880729 0.619444 0.070833 0.081481