2 0.508594 0.212037 0.048438 0.053704
2 0.008854 0.075000 0.041667 0.042593
7 0.965365 0.565741 0.079687 0.105556
2 0.227344 0.987500 0.065104 0.119444
1 0.312500 0.445833 0.016667 0.041667
7 0.649740 0.258333 0.066146 0.074074
2 0.859115 0.081019 0.019271 0.049074
2 0.732031 0.376389 0.052604 0.060185
2 0.483594 0.397685 0.052604 0.071296
2 0.360677 0.289352 0.047396 0.062037
7 0.589063 0.567593 0.084375 0.127778
7 0.416927 0.450926 0.088021 0.148148
7 0.204427 0.249074 0.099479 0.114815
2 0.777865 0.550463 0.064062 0.075000
2 0.866146 0.625000 0.075000 0.083333
2 0.499479 0.256481 0.057292 0.061111
2 0.968750 0.720370 0.082292 0.085185
7 0.078646 0.133796 0.050000 0.065741
5 0.215625 0.191204 0.142708 0.173148