2 0.877083 0.629167 0.068750 0.080556
7 0.277865 0.151852 0.088021 0.109259
2 0.779687 0.549074 0.068750 0.074074
2 0.189062 0.102315 0.034375 0.043519
2 0.967187 0.712963 0.067708 0.090741
7 0.882552 0.424074 0.123438 0.153704
7 1.035937 0.519907 0.141667 0.117593
2 0.268490 0.225926 0.045312 0.057407
2 0.241146 0.251852 0.045833 0.057407
5 0.152604 0.214815 0.129167 0.161111
2 0.127083 0.089815 0.033333 0.031481
7 0.065104 0.147685 0.043750 0.075000
2 0.082292 0.114352 0.021875 0.043519
5 0.155729 0.150926 0.115625 0.133333
2 0.729427 0.817593 0.069271 0.103704
2 0.287500 0.058796 0.038542 0.039815
2 0.219271 0.986574 0.067708 0.123148