1 0.532031 0.063889 0.019271 0.035185
2 0.816406 0.450463 0.068229 0.071296
2 0.002865 0.068056 0.009896 0.028704
1 0.202083 0.328241 0.013542 0.036111
7 0.888542 0.445833 0.085417 0.087963
2 0.939844 0.548148 0.064062 0.072222
2 0.275260 0.218056 0.045312 0.058333
2 0.223698 0.174074 0.041146 0.046296
7 0.242188 0.231019 0.061458 0.089815
7 0.207552 0.249537 0.076563 0.117593
7 0.119792 0.172222 0.088542 0.112963
2 0.774740 0.553241 0.064062 0.075000
2 0.863021 0.625926 0.075000 0.083333
2 0.820833 0.512037 0.072917 0.075926
2 0.965625 0.717593 0.082292 0.085185
7 0.053906 0.117130 0.049479 0.065741
5 0.117708 0.108796 0.128125 0.154630