2 0.873437 0.609259 0.070833 0.079630
7 0.265885 0.144444 0.088021 0.105556
2 0.775000 0.533333 0.069792 0.075926
2 0.184375 0.102315 0.034375 0.043519
2 0.967969 0.691667 0.075521 0.090741
2 0.268750 0.867130 0.061458 0.113889
2 0.176563 0.787500 0.070833 0.112037
2 0.622396 0.121296 0.042708 0.035185
7 0.213021 0.978241 0.069792 0.073148
2 0.683594 0.117593 0.035937 0.037037
2 0.264583 0.016204 0.037500 0.032407
2 0.126823 -0.011111 0.035937 0.035185
2 0.726823 0.231019 0.025521 0.052778
2 0.379948 0.127315 0.041146 0.045370
2 0.483073 0.199537 0.042188 0.045370
2 0.946354 0.480556 0.054167 0.059259
2 0.972656 0.606481 0.064062 0.074074