2 0.896615 0.486574 0.076563 0.076852
1 0.181510 0.295833 0.016146 0.039815
2 0.172656 1.060185 0.067187 0.129630
2 0.100781 0.910648 0.092188 0.145370
2 0.431771 0.339352 0.037500 0.065741
2 0.266927 0.193056 0.044271 0.060185
2 0.214583 0.150463 0.041667 0.050926
7 0.209375 0.186574 0.062500 0.089815
7 0.189323 0.215741 0.077604 0.116667
7 0.109375 0.147685 0.089583 0.112037
2 0.772656 0.525000 0.064062 0.074074
2 0.860417 0.596296 0.075000 0.083333
2 0.838021 0.499074 0.072917 0.077778
2 0.961198 0.690278 0.076563 0.091667
7 0.042969 0.094907 0.049479 0.065741
5 0.046354 0.046296 0.100000 0.103704
7 0.422396 0.136574 0.053125 0.091667
2 0.255469 0.647685 0.060937 0.089815