2 0.859896 0.491667 0.062500 0.068519
2 0.242708 0.307407 0.039583 0.059259
7 0.386458 0.123611 0.056250 0.067593
2 0.288802 0.874074 0.060937 0.107407
2 0.225521 0.967593 0.072917 0.079630
1 0.638281 0.876852 0.026562 0.055556
2 0.056771 0.126389 0.035417 0.049074
2 0.447656 0.413426 0.050521 0.065741
2 0.696354 0.174537 0.042708 0.039815
7 0.644010 0.738426 0.154688 0.215741
2 0.778906 0.557870 0.064062 0.075000
2 0.867188 0.631481 0.075000 0.083333
2 0.970833 0.724074 0.082292 0.085185
7 0.379948 0.431019 0.064062 0.093519
5 0.835156 0.805093 0.281771 0.360185