7 0.569271 0.660648 0.079167 0.075000
2 0.821615 0.821759 0.066146 0.093519
2 0.197396 0.788889 0.060417 0.096296
5 0.164323 0.221759 0.127604 0.162037
7 0.358333 0.409722 0.070833 0.082407
2 0.691406 0.170833 0.041146 0.039815
2 0.861198 0.625000 0.074479 0.083333
2 0.038802 0.856481 0.083854 0.138889
2 0.199479 0.612037 0.062500 0.098148
2 0.233594 0.839815 0.072396 0.127778
7 0.489063 0.384722 0.064583 0.058333
2 0.193490 0.200926 0.042188 0.044444
1 0.907552 0.121296 0.023438 0.029630
2 0.056510 0.041204 0.038021 0.045370
1 0.282292 0.975463 0.022917 0.050926