7 0.728906 0.758333 0.086979 0.122222
2 0.194531 0.785185 0.060937 0.096296
5 0.161719 0.213889 0.127604 0.161111
7 0.210156 0.549074 0.075521 0.116667
2 0.691146 0.164815 0.041667 0.038889
2 0.798958 0.563889 0.071875 0.079630
1 0.025000 0.158796 0.014583 0.034259
2 -0.014583 0.996296 0.084375 0.144444
2 0.230990 0.830556 0.072396 0.131481
7 0.345833 0.418519 0.068750 0.085185
2 0.221094 0.225463 0.043229 0.052778
1 0.804427 0.093056 0.021354 0.026852
2 0.132812 0.103704 0.039583 0.048148
1 0.339844 0.827778 0.019271 0.046296