7 0.882292 0.423611 0.123958 0.149074
5 0.144531 0.137963 0.117188 0.135185
5 0.154688 0.209722 0.130208 0.162037
2 0.967187 0.712500 0.067708 0.093519
2 0.511979 0.498148 0.033333 0.085185
2 0.780469 0.547222 0.071354 0.075926
1 0.173698 0.303241 0.014063 0.036111
2 0.432552 0.200926 0.029687 0.050000
7 0.276823 0.144907 0.085938 0.102778
2 0.239844 0.244444 0.044271 0.055556
2 0.625260 0.689815 0.058854 0.081481
2 0.269792 0.221296 0.044792 0.055556
7 0.067448 0.139815 0.049479 0.075926
2 0.877604 0.627778 0.071875 0.081481
2 0.072135 0.095833 0.031771 0.043519
7 0.981250 0.506481 0.039583 0.105556
2 0.122396 0.043056 0.031250 0.039815
2 0.013542 0.003704 0.042708 0.050000