7 0.926562 0.927778 0.108333 0.153704
2 0.619010 0.736111 0.068229 0.088889
2 0.420573 0.664352 0.068229 0.078704
2 0.174479 0.788889 0.069792 0.111111
2 0.089323 0.943056 0.073438 0.115741
2 0.148698 0.623611 0.073438 0.106481
2 0.322135 0.417130 0.068229 0.078704
7 0.877344 0.610648 0.245312 0.284259
2 0.777344 0.468519 0.053646 0.042593
2 0.816927 0.409722 0.049479 0.054630
2 0.619531 0.143981 0.045312 0.036111
2 0.679688 0.138426 0.035417 0.037963
2 0.733594 0.203704 0.036979 0.038889
7 0.885677 0.150000 0.094271 0.075926