2 0.874219 0.623611 0.070312 0.080556
7 0.271615 0.150000 0.088021 0.107407
2 0.776042 0.544444 0.070833 0.072222
2 0.191146 0.108796 0.034375 0.043519
2 0.965365 0.706481 0.070312 0.090741
7 0.588021 0.209722 0.097917 0.121296
7 0.830208 0.381019 0.117708 0.143519
2 1.022396 1.003241 0.083333 0.119444
5 0.526302 0.592130 0.189062 0.262037
2 0.678125 0.579630 0.069792 0.096296
7 0.224740 0.458796 0.041146 0.123148
2 0.265365 0.279167 0.039062 0.052778
5 0.386979 0.364815 0.156250 0.198148
1 0.475000 0.652778 0.022917 0.050000
2 0.271875 0.871759 0.061458 0.113889
2 0.502604 0.425463 0.050000 0.067593
2 0.175000 0.802778 0.070833 0.111111
2 0.188021 0.268981 0.041667 0.054630
7 0.767708 0.381944 0.172917 0.186111
2 0.541406 0.291204 0.050521 0.056481
2 0.085417 0.175926 0.044792 0.053704
2 0.822656 0.112963 0.043229 0.033333
7 0.216667 0.986574 0.064583 0.073148
2 -0.014844 0.043056 0.040104 0.047222