1 0.571094 0.082407 0.019271 0.035185
2 0.832031 0.461111 0.070312 0.072222
2 0.001042 0.066204 0.009375 0.028704
1 0.187760 0.314352 0.016146 0.039815
7 0.925781 0.469444 0.089063 0.088889
2 0.940885 0.546296 0.064062 0.072222
2 0.272656 0.213426 0.045312 0.058333
2 0.222917 0.171759 0.040625 0.047222
7 0.223698 0.213426 0.063021 0.089815
7 0.198437 0.238426 0.076042 0.117593
7 0.117708 0.167593 0.088542 0.112963
2 0.775781 0.550463 0.064062 0.075000
2 0.863021 0.624074 0.075000 0.083333
2 0.834375 0.522222 0.072917 0.075926
2 0.966146 0.713889 0.082292 0.085185
7 0.052865 0.114352 0.049479 0.065741
5 0.115104 0.105093 0.128125 0.152778