7 0.890104 0.419444 0.125000 0.150000
5 0.046615 0.054630 0.094271 0.109259
2 0.373958 0.467130 0.044792 0.067593
5 0.155729 0.199537 0.130208 0.160185
2 0.988021 0.719907 0.023958 0.052778
2 0.590885 0.201389 0.040104 0.052778
2 0.782031 0.539815 0.071354 0.075926
1 0.173177 0.293056 0.014063 0.036111
2 0.197135 0.760185 0.070312 0.112963
2 0.600000 0.319907 0.050000 0.058333
2 0.240365 0.237037 0.044271 0.055556
1 0.427083 0.005093 0.018750 0.023148
2 0.269271 0.212963 0.044792 0.055556
1 0.696354 0.931019 0.029167 0.050926
2 0.883854 0.623611 0.070833 0.082407