2 0.872396 0.612037 0.070833 0.079630
7 0.266406 0.143519 0.088021 0.105556
2 0.774219 0.534722 0.070312 0.076852
2 0.184896 0.102315 0.034375 0.043519
2 0.966927 0.692593 0.075521 0.090741
7 0.998177 0.144444 0.101562 0.077778
2 0.269792 0.866204 0.061458 0.113889
2 0.175000 0.792130 0.070833 0.112037
2 0.622917 0.124074 0.042708 0.035185
7 0.214844 0.978241 0.068229 0.073148
7 0.314583 0.028704 0.081250 0.092593
2 0.694531 0.116667 0.035937 0.037037
2 0.126823 -0.009259 0.031771 0.035185
2 0.483854 0.159259 0.045833 0.040741
2 0.296615 0.080093 0.033854 0.036111
2 0.422917 0.200926 0.044792 0.044444
2 0.842708 0.401852 0.062500 0.059259
2 0.774479 0.406481 0.058333 0.062963
2 1.004427 0.579167 0.064062 0.071296