2 0.878385 0.630093 0.069271 0.080556
7 0.277865 0.151852 0.088021 0.109259
2 0.779687 0.550000 0.068750 0.074074
2 0.195312 0.106019 0.034375 0.043519
2 0.967708 0.713426 0.067708 0.091667
7 0.882552 0.425000 0.123438 0.153704
7 1.036458 0.519907 0.141667 0.117593
2 0.268490 0.225926 0.045312 0.057407
2 0.241146 0.250926 0.045833 0.057407
5 0.152604 0.214815 0.129167 0.161111
2 0.147396 0.104167 0.035417 0.034259
7 0.065104 0.146759 0.043750 0.075000
2 0.083073 0.115741 0.019271 0.042593
5 0.156250 0.150926 0.115625 0.133333
2 0.836198 0.932407 0.077604 0.112963
2 0.239583 0.025463 0.037500 0.037963
2 0.243490 0.935185 0.065104 0.118519
2 1.027344 0.666667 0.079687 0.083333