2 0.215365 0.510648 0.063021 0.089815
2 0.459635 0.373148 0.052604 0.050000
2 0.607552 0.425926 0.065104 0.059259
2 0.777865 0.474074 0.053646 0.061111
2 0.816667 0.405556 0.050000 0.055556
2 0.769531 0.543981 0.075521 0.080556
2 0.621094 0.141204 0.043229 0.037963
2 0.680990 0.137037 0.035937 0.037037
7 0.592969 0.268056 0.103646 0.100926
2 0.428385 0.284722 0.043229 0.045370
2 0.473698 0.649074 0.061979 0.062963
2 0.180469 0.785185 0.070312 0.109259
7 0.333854 0.750926 0.080208 0.131481
2 0.866146 0.540278 0.056250 0.065741
2 0.201563 1.025926 0.067708 0.098148
2 0.047917 1.018056 0.062500 0.058333