7 0.884375 0.417130 0.123958 0.149074
5 0.120573 0.109259 0.114062 0.131481
2 0.429167 0.145370 0.030208 0.044444
5 0.153646 0.199537 0.130208 0.162037
2 0.969010 0.704630 0.067187 0.092593
2 0.510677 0.316204 0.033854 0.065741
2 0.782031 0.539815 0.071354 0.075926
1 0.173177 0.293981 0.014063 0.036111
2 0.391927 0.440741 0.048438 0.075926
2 0.928906 0.160185 0.052604 0.037037
7 0.197656 0.079167 0.079687 0.095370
2 0.239323 0.237037 0.044271 0.055556
2 0.364583 0.698611 0.058333 0.089815
2 0.269792 0.212963 0.044792 0.055556
7 0.030729 0.097685 0.051042 0.073148
2 0.880208 0.622222 0.070833 0.081481
2 0.014583 0.035185 0.030208 0.040741
7 0.997656 0.535648 0.005729 0.028704