7 0.881250 0.422685 0.123958 0.149074
5 0.146615 0.140741 0.117188 0.135185
5 0.153125 0.209722 0.130208 0.162037
2 0.967187 0.711574 0.067708 0.093519
2 0.530469 0.549537 0.044271 0.087963
2 0.780469 0.547222 0.071354 0.075926
1 0.173698 0.303241 0.014063 0.036111
2 0.417187 0.165741 0.033333 0.050000
7 0.278385 0.146759 0.085938 0.102778
2 0.239323 0.246296 0.044271 0.055556
2 0.684115 0.749537 0.061979 0.091667
2 0.269271 0.222222 0.044792 0.055556
7 0.067448 0.142593 0.048438 0.075926
2 0.877083 0.627778 0.071875 0.081481
2 0.075000 0.099537 0.030208 0.043519
7 0.981250 0.506481 0.039583 0.105556
2 0.138542 0.055556 0.031250 0.040741
2 0.039062 0.024074 0.042708 0.050000