7 0.888542 0.418981 0.123958 0.149074
5 0.049219 0.056481 0.099479 0.114815
2 0.384635 0.451389 0.044271 0.065741
5 0.155729 0.199537 0.130208 0.160185
2 0.984896 0.716667 0.031250 0.059259
2 0.585677 0.204167 0.040104 0.050926
2 0.782031 0.539815 0.071354 0.075926
1 0.173177 0.293056 0.014063 0.036111
2 0.203125 0.748611 0.069792 0.112037
2 0.615104 0.306944 0.047917 0.054630
2 0.240365 0.236111 0.044271 0.055556
1 0.419792 0.003241 0.018750 0.023148
2 0.269271 0.212963 0.044792 0.055556
1 0.704688 0.943981 0.029167 0.050926
2 0.882292 0.621759 0.070833 0.082407