2 1.000260 0.567593 0.080729 0.083333
1 0.180990 0.293981 0.016146 0.039815
2 0.047135 0.996296 0.036979 0.012963
2 0.363542 0.469444 0.052083 0.075926
2 0.265625 0.190278 0.044792 0.060185
2 0.213021 0.147685 0.041667 0.049074
7 0.208594 0.182407 0.061979 0.088889
7 0.188021 0.213426 0.078125 0.115741
7 0.109375 0.147685 0.089583 0.112037
2 0.772656 0.525000 0.064062 0.074074
2 0.860417 0.595370 0.075000 0.081481
2 0.849479 0.506944 0.076042 0.080556
2 0.961719 0.689352 0.076563 0.091667
7 0.041927 0.090278 0.049479 0.062037
5 0.035677 0.036574 0.073438 0.076852
7 0.453646 0.221759 0.033333 0.104630
2 0.159115 0.806019 0.066146 0.108333