2 0.533333 0.232407 0.053125 0.053704
2 0.005729 0.072222 0.041667 0.044444
7 0.978385 0.573611 0.079687 0.100926
2 0.214323 1.018519 0.065104 0.120370
1 0.304688 0.435648 0.017708 0.039815
7 0.668750 0.273148 0.066667 0.074074
2 0.858333 0.072222 0.020833 0.050000
2 0.753906 0.395833 0.053646 0.062037
2 0.459115 0.375926 0.051562 0.068519
2 0.344271 0.275000 0.044792 0.059259
7 0.552865 0.527315 0.077604 0.121296
7 0.393750 0.427778 0.087500 0.146296
7 0.196354 0.241667 0.097917 0.114815
2 0.777865 0.550463 0.064062 0.075000
2 0.865104 0.626852 0.075000 0.083333
2 0.526042 0.275926 0.057292 0.061111
2 0.967708 0.720370 0.082292 0.085185
7 0.073438 0.130093 0.050000 0.065741
5 0.206510 0.182407 0.140104 0.172222