2 0.200260 0.556019 0.059896 0.095370
2 0.368229 0.419907 0.067708 0.062037
2 0.531771 0.389815 0.063542 0.061111
2 0.778646 0.476852 0.054167 0.061111
2 0.860677 0.524074 0.052604 0.035185
2 0.817708 0.406481 0.048958 0.057407
7 0.747135 0.177778 0.085938 0.101852
2 0.626563 0.267130 0.041667 0.039815
2 0.680729 0.137963 0.038542 0.037037
2 0.621354 0.142593 0.042708 0.038889
2 0.756771 0.762500 0.068750 0.087963
7 0.594531 0.652315 0.085938 0.091667
2 0.177344 0.790278 0.070312 0.110185
2 0.399740 0.683796 0.064062 0.080556
2 0.091667 0.943519 0.073958 0.114815
7 0.926302 0.656944 0.207813 0.271296
2 0.246094 0.938889 0.071354 0.133333