2 0.833854 0.569444 0.068750 0.077778
7 0.304948 0.166667 0.088021 0.105556
2 0.684115 0.451389 0.064062 0.067593
2 0.185938 0.095833 0.034375 0.043519
2 0.963802 0.678704 0.075521 0.090741
2 0.264583 0.858796 0.061458 0.113889
2 0.175781 0.771759 0.070312 0.112037
2 0.622396 0.112963 0.042708 0.035185
7 0.207031 0.970370 0.072396 0.074074
2 0.682031 0.109259 0.035937 0.037037
2 0.805729 0.137963 0.046875 0.037037
2 0.168229 -0.002315 0.034375 0.036111
2 0.828646 0.387963 0.050000 0.055556
2 0.816146 0.476852 0.055208 0.062963