2 0.663281 0.340278 0.054688 0.060185
2 0.318229 0.387037 0.042708 0.064815
7 0.283333 0.049537 0.051042 0.063889
2 0.289844 0.876852 0.060937 0.107407
2 0.226562 0.970370 0.072917 0.079630
1 0.704427 0.981944 0.028646 0.054630
2 0.114323 0.184259 0.038021 0.048148
2 0.673698 0.607407 0.063021 0.079630
2 0.695833 0.175463 0.041667 0.039815
7 0.808073 0.918981 0.183854 0.243519
2 0.778906 0.559722 0.064062 0.075000
2 0.867188 0.634259 0.075000 0.083333
2 0.970833 0.727778 0.082292 0.085185
7 0.483854 0.543519 0.068750 0.103704
5 1.086719 1.071759 0.296354 0.382407