2 0.869010 0.617593 0.070312 0.081481
7 0.265885 0.148148 0.088021 0.105556
2 0.771094 0.539352 0.069271 0.075000
2 0.185938 0.106019 0.034375 0.043519
2 0.962760 0.699074 0.075521 0.090741
7 0.808594 0.139815 0.088021 0.094444
2 0.267708 0.869907 0.061458 0.113889
2 0.170313 0.802315 0.070833 0.112037
2 0.623958 0.129167 0.042708 0.034259
7 0.212760 0.981019 0.068229 0.073148
2 0.509635 0.497222 0.058854 0.079630
7 0.559635 0.197685 0.103646 0.113889
2 0.284635 0.093981 0.041146 0.041667
2 0.758073 0.107407 0.034896 0.035185
2 0.511979 0.270833 0.041667 0.045370
2 0.774219 0.364815 0.058854 0.055556
2 0.769271 0.416667 0.052083 0.059259
2 0.921094 0.573611 0.069271 0.073148