2 0.282292 0.427778 0.063542 0.072222
2 0.526042 0.382870 0.053125 0.056481
2 0.661198 0.455093 0.065104 0.065741
2 0.777604 0.471759 0.053125 0.062037
2 0.816146 0.402778 0.048958 0.055556
2 0.833073 0.593519 0.080729 0.085185
2 0.620573 0.140278 0.043229 0.037963
2 0.680469 0.134722 0.035937 0.036111
7 0.539062 0.280556 0.105208 0.088889
2 0.376823 0.257870 0.041146 0.047222
2 0.409635 0.670370 0.060937 0.079630
2 0.180729 0.781481 0.069792 0.109259
7 0.287760 0.828241 0.081771 0.149074
2 0.898698 0.564815 0.057813 0.068519