2 0.873958 0.636574 0.069792 0.080556
7 0.275260 0.160648 0.088021 0.108333
2 0.777604 0.556944 0.070833 0.075000
2 0.195833 0.117130 0.034375 0.043519
2 0.965625 0.719907 0.069792 0.091667
7 0.798177 0.369444 0.116146 0.144444
7 0.990104 0.492130 0.141667 0.117593
2 0.401562 0.350926 0.051042 0.064815
2 0.370573 0.380556 0.050521 0.061111
5 0.238542 0.305556 0.142708 0.174074
2 0.279948 0.238426 0.047396 0.065741
7 0.108854 0.194907 0.055208 0.076852
2 0.107031 0.142130 0.034896 0.043519
5 0.197917 0.199074 0.121875 0.142593
1 0.262500 0.414352 0.015625 0.034259
2 0.275521 0.881019 0.061458 0.112037
2 0.520052 0.265741 0.050521 0.051852
2 0.206771 0.167130 0.020833 0.019444
2 0.178646 0.812500 0.070833 0.110185
2 0.039062 0.136111 0.036458 0.046296
7 1.064583 0.612500 0.203125 0.210185