2 0.848177 0.452778 0.072396 0.075926
1 0.181510 0.295833 0.016146 0.039815
2 0.281250 0.824537 0.066667 0.121296
2 0.202083 0.728704 0.078125 0.120370
2 0.441927 0.231944 0.024479 0.054630
2 0.266667 0.194444 0.044792 0.061111
2 0.214062 0.151389 0.042708 0.050926
7 0.209635 0.187500 0.061979 0.089815
7 0.189323 0.216667 0.077604 0.116667
7 0.109896 0.149537 0.089583 0.113889
2 0.772656 0.527778 0.064062 0.074074
2 0.859896 0.598148 0.075000 0.083333
2 0.833854 0.500000 0.072917 0.077778
2 0.960677 0.690741 0.079687 0.088889
7 0.043490 0.095833 0.049479 0.065741
5 0.055729 0.055093 0.111458 0.112037
7 0.359115 0.070833 0.061979 0.084259
2 0.346875 0.513889 0.053125 0.077778