2 0.171094 0.581019 0.065104 0.100926
2 0.411198 0.379167 0.053646 0.054630
2 0.565885 0.410185 0.060937 0.050000
2 0.728906 0.508333 0.068229 0.081481
2 0.778646 0.475000 0.053125 0.061111
2 0.861458 0.537037 0.055208 0.066667
2 0.816667 0.406019 0.051042 0.056481
7 0.625781 0.251852 0.098437 0.107407
2 0.466927 0.293981 0.042188 0.041667
2 0.681250 0.137037 0.038542 0.037037
2 0.621354 0.140741 0.042708 0.038889
2 0.518490 0.644907 0.063021 0.056481
7 0.372917 0.703704 0.085417 0.116667
2 0.179688 0.787500 0.069792 0.110185
2 0.233854 0.964815 0.066667 0.125926
2 0.064062 1.000000 0.076042 0.118519
7 1.089844 0.782870 0.215104 0.276852