2 0.879948 0.631481 0.069271 0.079630
7 0.277865 0.152778 0.088021 0.109259
2 0.781510 0.551852 0.071354 0.074074
2 0.199479 0.110648 0.034375 0.043519
2 0.969792 0.714352 0.067708 0.091667
7 0.884115 0.425926 0.123438 0.153704
7 1.037500 0.521759 0.141667 0.117593
2 0.268490 0.226852 0.045312 0.057407
2 0.241667 0.252778 0.045833 0.057407
5 0.152604 0.215741 0.129167 0.161111
2 0.195052 0.146759 0.040104 0.041667
7 0.064583 0.146759 0.043750 0.075000
2 0.085938 0.118981 0.017708 0.041667
5 0.157292 0.152315 0.115625 0.134259
2 0.272396 0.875463 0.062500 0.113889
2 0.859115 0.529167 0.072396 0.075000
2 0.065885 0.055556 0.036979 0.042593
2 0.140625 0.871296 0.075000 0.120370