2 0.384896 0.118981 0.045833 0.049074
2 0.040365 0.102778 0.034896 0.050000
7 0.890885 0.501389 0.094271 0.104630
2 0.271875 0.895370 0.062500 0.112963
1 0.357031 0.501852 0.019271 0.040741
7 0.550260 0.187963 0.057813 0.070370
2 0.839063 0.121759 0.031250 0.043519
2 0.615625 0.290278 0.046875 0.052778
2 0.641406 0.546759 0.063021 0.084259
2 0.458073 0.376389 0.049479 0.065741
7 0.819531 0.804630 0.107813 0.157407
7 0.544792 0.590278 0.098958 0.171296
7 0.246354 0.288889 0.101042 0.120370
2 0.779427 0.549537 0.064062 0.075000
2 0.867188 0.623148 0.075000 0.083333
2 0.371615 0.156019 0.047396 0.049074
2 0.970313 0.717593 0.082292 0.085185
7 0.107292 0.159259 0.048958 0.064815
5 0.268490 0.239815 0.148438 0.187037