1 0.846875 0.083333 0.018750 0.033333
2 0.838281 0.446296 0.071354 0.072222
1 0.183073 0.297685 0.016146 0.039815
2 0.386458 0.081944 0.040625 0.047222
2 0.941406 0.527778 0.064062 0.072222
2 0.269010 0.194907 0.045312 0.060185
2 0.217448 0.151389 0.043229 0.050926
7 0.214844 0.190741 0.064062 0.090741
7 0.192188 0.217593 0.078125 0.118519
7 0.112760 0.150000 0.089063 0.112963
2 0.772656 0.530093 0.064062 0.075000
2 0.861458 0.603704 0.075000 0.083333
2 0.834375 0.500926 0.072917 0.075926
2 0.964323 0.697222 0.083854 0.088889
7 0.047656 0.095833 0.049479 0.065741
5 0.097135 0.070833 0.128646 0.147222
2 0.311979 0.021759 0.035417 0.037963