2 0.847656 0.581019 0.068229 0.078704
7 0.294531 0.159259 0.088021 0.105556
2 0.707031 0.469444 0.066146 0.068519
2 0.182812 0.094907 0.034375 0.043519
2 0.966406 0.681481 0.075521 0.090741
2 0.264583 0.860648 0.061458 0.113889
2 0.174740 0.774537 0.070312 0.112037
2 0.622396 0.112963 0.042708 0.035185
7 0.207031 0.972222 0.072396 0.074074
2 0.682552 0.109259 0.035937 0.037037
2 0.786458 0.145833 0.044792 0.041667
2 0.208073 0.022222 0.033854 0.035185
2 0.837500 0.395370 0.050000 0.055556
2 0.828385 0.487500 0.056771 0.063889