2 0.868490 0.618981 0.071354 0.080556
7 0.266406 0.149074 0.088021 0.105556
2 0.771094 0.540278 0.069271 0.073148
2 0.185938 0.106944 0.034375 0.043519
2 0.962760 0.700000 0.075521 0.090741
7 0.786458 0.150926 0.083333 0.098148
2 0.267708 0.871759 0.061458 0.113889
2 0.169792 0.803241 0.070833 0.112037
2 0.623958 0.129167 0.042708 0.034259
7 0.212760 0.981944 0.068229 0.073148
2 0.457292 0.450000 0.055208 0.075926
7 0.594271 0.222222 0.106250 0.116667
2 0.350260 0.137963 0.042188 0.044444
2 0.776823 0.106019 0.034896 0.034259
2 0.582812 0.322685 0.043750 0.050926
2 0.822917 0.401852 0.062500 0.061111
2 0.857552 0.487037 0.054688 0.061111
2 1.010938 0.646759 0.071875 0.076852