2 1.035417 0.632870 0.073958 0.076852
2 0.180469 0.242593 0.036979 0.057407
7 0.494531 0.200463 0.063021 0.075000
2 0.288281 0.869907 0.060937 0.110185
2 0.225000 0.963889 0.072917 0.079630
1 0.575000 0.775463 0.026042 0.050926
2 0.001823 0.071759 0.034896 0.045370
2 0.280469 0.266667 0.044271 0.055556
2 0.700000 0.168981 0.042708 0.039815
2 0.248438 0.026389 0.035417 0.037963
7 0.512760 0.588426 0.132812 0.186111
2 0.780990 0.555093 0.064062 0.075000
2 0.867708 0.629630 0.075000 0.083333
2 0.972396 0.719444 0.082292 0.085185
7 0.291667 0.340741 0.058333 0.083333
5 0.638542 0.600463 0.226042 0.284259