7 0.882292 0.423611 0.123958 0.149074
5 0.146615 0.140741 0.117188 0.135185
5 0.154688 0.209722 0.130208 0.162037
2 0.967187 0.712500 0.067708 0.093519
2 0.525260 0.536111 0.041146 0.085185
2 0.780469 0.547222 0.071354 0.075926
1 0.173698 0.303241 0.014063 0.036111
2 0.421615 0.175000 0.032813 0.048148
7 0.278385 0.146759 0.085938 0.102778
2 0.239323 0.245370 0.044271 0.055556
2 0.668490 0.732407 0.060937 0.090741
2 0.269271 0.222222 0.044792 0.055556
7 0.067448 0.141667 0.048438 0.075926
2 0.877083 0.627778 0.071875 0.081481
2 0.073438 0.098611 0.030208 0.043519
7 0.981250 0.506481 0.039583 0.105556
2 0.134375 0.053704 0.031250 0.040741
2 0.033333 0.020370 0.042708 0.050000