2 0.179167 0.585648 0.061458 0.100926
2 0.347396 0.429630 0.068750 0.064815
2 0.511198 0.385185 0.063021 0.061111
2 0.778125 0.476852 0.054167 0.061111
2 0.863281 0.518981 0.046354 0.025000
2 0.817708 0.406481 0.048958 0.057407
7 0.758073 0.173611 0.088021 0.100926
2 0.638281 0.260185 0.041146 0.040741
2 0.680729 0.138889 0.038542 0.037037
2 0.621354 0.142593 0.042708 0.038889
2 0.785417 0.787500 0.070833 0.089815
7 0.620313 0.662963 0.085417 0.098148
2 0.177344 0.790278 0.070312 0.110185
2 0.419271 0.671759 0.064583 0.075000
2 0.091406 0.943519 0.074479 0.114815
7 0.916406 0.649537 0.207813 0.271296
2 0.259896 0.906481 0.068750 0.129630