2 0.869531 0.620370 0.070312 0.079630
7 0.267448 0.150000 0.088021 0.105556
2 0.772396 0.542130 0.069792 0.075000
2 0.186979 0.108796 0.034375 0.043519
2 0.963281 0.702778 0.074479 0.090741
7 0.736979 0.188426 0.064583 0.125000
2 0.804427 0.792593 0.061979 0.088889
5 1.093750 1.037963 0.271875 0.335185
2 0.268750 0.872685 0.061458 0.113889
2 0.171354 0.804167 0.070833 0.112037
2 0.711198 0.794907 0.065104 0.091667
7 0.267969 0.037963 0.105729 0.118519
2 0.127604 0.689352 0.064583 0.115741
2 0.625000 0.129167 0.042708 0.034259
7 0.214062 0.984259 0.067708 0.072222
2 0.311979 0.319907 0.050000 0.062037
7 0.717708 0.308333 0.122917 0.129630
2 0.145573 0.013889 0.033854 0.033333
2 0.600521 0.305556 0.052083 0.053704
2 0.866146 0.111574 0.035417 0.034259
2 0.874479 0.541667 0.054167 0.064815
2 0.996875 0.532870 0.067708 0.069444