7 0.884896 0.412500 0.123958 0.149074
5 0.107031 0.094444 0.114062 0.131481
2 0.454167 0.202778 0.023958 0.048148
5 0.153646 0.196759 0.130208 0.162037
2 0.969010 0.702315 0.067187 0.093519
2 0.521094 0.286111 0.034896 0.062963
2 0.782031 0.536111 0.071354 0.075926
1 0.172656 0.290278 0.014063 0.036111
2 0.349740 0.507407 0.055729 0.081481
2 0.852865 0.160185 0.049479 0.038889
7 0.161458 0.048148 0.079167 0.094444
2 0.238802 0.231481 0.044271 0.055556
2 0.307812 0.788426 0.057292 0.099074
2 0.269792 0.210185 0.044792 0.055556
7 0.017448 0.076852 0.034896 0.070370
2 0.880729 0.617593 0.070833 0.081481
2 0.001563 0.018981 0.004167 0.013889