2 0.879167 0.630093 0.067708 0.080556
7 0.278385 0.152778 0.088021 0.109259
2 0.780990 0.550000 0.070312 0.074074
2 0.199479 0.110648 0.034375 0.043519
2 0.969271 0.714352 0.067708 0.091667
7 0.884115 0.425000 0.123438 0.153704
7 1.037500 0.520833 0.141667 0.117593
2 0.268490 0.225926 0.045312 0.057407
2 0.241667 0.250926 0.045833 0.057407
5 0.152604 0.213889 0.129167 0.161111
2 0.179167 0.130093 0.035417 0.034259
7 0.064583 0.146759 0.043750 0.075000
2 0.084896 0.117130 0.017708 0.041667
5 0.156771 0.150926 0.115625 0.133333
2 0.266667 0.885185 0.062500 0.114815
2 0.902604 0.565741 0.076042 0.077778
2 0.031771 0.029167 0.035417 0.041667
2 0.094010 0.959722 0.079687 0.130556