2 0.558333 0.252315 0.054167 0.056481
2 0.002604 0.067130 0.041667 0.052778
7 0.984375 0.579630 0.070833 0.085185
2 0.197656 1.054630 0.065104 0.120370
1 0.295052 0.423611 0.019271 0.039815
7 0.686979 0.287037 0.067708 0.074074
2 0.856510 0.063889 0.023438 0.050000
2 0.776823 0.414815 0.054688 0.061111
2 0.437240 0.356019 0.051562 0.067593
2 0.328125 0.262963 0.043750 0.057407
7 0.516406 0.494444 0.074479 0.114815
7 0.372656 0.405556 0.085938 0.140741
7 0.188021 0.234259 0.096875 0.114815
2 0.777344 0.551389 0.064062 0.075000
2 0.864583 0.626852 0.075000 0.083333
2 0.551562 0.295370 0.058333 0.062963
2 0.967708 0.720370 0.082292 0.085185
7 0.069010 0.126389 0.049479 0.065741
5 0.195312 0.174537 0.138542 0.169444