2 0.304688 0.408333 0.063542 0.066667
2 0.546094 0.388889 0.053646 0.055556
2 0.677344 0.465741 0.066146 0.064815
2 0.777344 0.470833 0.053646 0.062037
2 0.816146 0.401389 0.048958 0.054630
2 0.854167 0.610185 0.081250 0.087037
2 0.620573 0.139352 0.043229 0.037963
2 0.680469 0.132870 0.035937 0.036111
7 0.524740 0.283796 0.101562 0.086111
2 0.363021 0.248148 0.039583 0.046296
2 0.389323 0.683333 0.061979 0.081481
2 0.180729 0.779630 0.069792 0.109259
7 0.275000 0.853704 0.082292 0.153704
2 0.914323 0.575000 0.058854 0.068519