1 0.488802 0.040741 0.019271 0.035185
2 0.777604 0.420370 0.065625 0.068519
2 0.004687 0.068519 0.009375 0.027778
7 0.996354 0.611574 0.007292 0.041667
1 0.218229 0.343056 0.017708 0.034259
7 0.847656 0.414815 0.081771 0.085185
2 0.937240 0.548148 0.064062 0.072222
2 0.289323 0.229630 0.045312 0.057407
2 0.228906 0.181019 0.041146 0.054630
7 0.282031 0.268519 0.065104 0.090741
7 0.230469 0.272685 0.077604 0.119444
7 0.123438 0.175926 0.088542 0.112963
2 0.775260 0.554167 0.064062 0.075000
2 0.863021 0.626852 0.075000 0.083333
2 0.781510 0.482870 0.069271 0.073148
2 0.965625 0.718519 0.082292 0.085185
7 0.055469 0.118056 0.049479 0.065741
5 0.125781 0.118981 0.127604 0.154630