2 0.875000 0.637963 0.069792 0.079630
7 0.276302 0.159722 0.088021 0.108333
2 0.777865 0.556019 0.071354 0.078704
2 0.197917 0.116204 0.034375 0.043519
2 0.966406 0.720833 0.069271 0.091667
7 0.846875 0.407407 0.120833 0.151852
7 1.029167 0.523611 0.141667 0.117593
2 0.302865 0.265741 0.045312 0.057407
2 0.285417 0.300463 0.045833 0.058333
5 0.186979 0.256481 0.134375 0.164815
2 0.228906 0.192130 0.042188 0.062037
7 0.073438 0.161574 0.053125 0.075000
2 0.089323 0.130093 0.023438 0.045370
5 0.162760 0.167593 0.116146 0.133333
1 0.221094 0.362963 0.014063 0.033333
2 0.275000 0.880093 0.061458 0.112037
2 0.667188 0.384259 0.061458 0.061111
2 0.172396 0.138426 0.020833 0.019444
2 0.178646 0.810648 0.070833 0.110185
2 0.022135 0.120833 0.035937 0.045370