2 0.200000 0.533333 0.062500 0.092593
2 0.444271 0.373611 0.052083 0.049074
2 0.594531 0.419907 0.064062 0.056481
2 0.777865 0.474074 0.053646 0.061111
2 0.816927 0.405556 0.049479 0.055556
2 0.756510 0.532407 0.073438 0.077778
2 0.621094 0.141204 0.043229 0.037963
2 0.680990 0.137037 0.035937 0.037037
7 0.604167 0.262963 0.103125 0.103704
2 0.441667 0.287500 0.044792 0.045370
2 0.488281 0.646296 0.061979 0.059259
2 0.180469 0.785185 0.070312 0.109259
7 0.345833 0.734259 0.083333 0.125926
2 0.862500 0.538426 0.056250 0.065741
2 0.213021 0.999537 0.067708 0.097222
2 0.056771 0.999537 0.062500 0.058333