2 1.004167 0.602778 0.071875 0.075926
2 0.205208 0.268056 0.038542 0.058333
7 0.450521 0.168056 0.059375 0.071296
2 0.288802 0.873611 0.060937 0.110185
2 0.225521 0.965741 0.072917 0.079630
1 0.599740 0.818981 0.024479 0.050926
2 0.024479 0.094444 0.036458 0.044444
2 0.341927 0.319444 0.047396 0.059259
2 0.697917 0.170833 0.040625 0.039815
2 0.209896 -0.001389 0.033333 0.037963
7 0.561198 0.641667 0.140104 0.192593
2 0.778906 0.555093 0.064062 0.075000
2 0.867188 0.630556 0.075000 0.083333
2 0.971354 0.723148 0.082292 0.085185
7 0.326042 0.374074 0.061458 0.087037
5 0.708333 0.674537 0.244792 0.312037