2 0.874219 0.637963 0.069271 0.079630
7 0.275260 0.160648 0.088021 0.108333
2 0.777604 0.557407 0.070833 0.075926
2 0.196875 0.117130 0.034375 0.043519
2 0.965625 0.721759 0.069792 0.091667
7 0.808854 0.380556 0.117708 0.146296
7 1.001562 0.503241 0.141667 0.117593
2 0.373958 0.326852 0.050000 0.061111
2 0.348958 0.361111 0.048958 0.061111
5 0.224740 0.293981 0.141146 0.173148
2 0.264583 0.225926 0.046875 0.064815
7 0.099479 0.185648 0.055208 0.076852
2 0.101823 0.137037 0.033854 0.044444
5 0.187240 0.191204 0.119271 0.139815
1 0.252083 0.401389 0.014583 0.034259
2 0.275521 0.881944 0.061458 0.112037
2 0.555729 0.296759 0.054167 0.054630
2 0.195312 0.158796 0.020833 0.019444
2 0.179167 0.812500 0.070833 0.110185
2 0.034635 0.131944 0.035937 0.045370
7 1.077083 0.624074 0.203125 0.209259