7 0.926823 0.451389 0.130729 0.158333
5 0.005729 0.017130 0.012500 0.034259
2 0.229948 0.705093 0.057813 0.091667
5 0.156250 0.203241 0.130208 0.160185
2 0.656510 0.164815 0.041146 0.042593
2 0.783594 0.543519 0.070312 0.075926
1 0.160156 0.283796 0.014063 0.036111
2 0.105990 0.932407 0.081771 0.137037
2 0.402604 0.543056 0.061458 0.084259
2 0.240885 0.239815 0.044271 0.055556
1 0.519010 0.044907 0.017188 0.026852
2 0.266406 0.211111 0.044271 0.055556
1 0.597917 0.797685 0.029167 0.050926
2 0.926823 0.664815 0.073438 0.087037