2 0.218490 0.507407 0.063021 0.088889
2 0.462760 0.373148 0.052604 0.050000
2 0.609635 0.426852 0.065104 0.059259
2 0.777865 0.474074 0.053646 0.061111
2 0.816667 0.405556 0.050000 0.055556
2 0.772135 0.545833 0.075521 0.080556
2 0.621094 0.141204 0.043229 0.037963
2 0.680990 0.137037 0.035937 0.037037
7 0.590104 0.269444 0.105208 0.098148
2 0.426823 0.283796 0.043229 0.045370
2 0.471354 0.650000 0.061458 0.062963
2 0.180469 0.785185 0.070312 0.109259
7 0.331771 0.753241 0.080208 0.132407
2 0.867188 0.540741 0.056250 0.066667
2 0.199479 1.030556 0.067708 0.098148
2 0.046354 1.020833 0.062500 0.058333