1 0.424219 0.012963 0.019271 0.035185
2 0.694271 0.356019 0.061458 0.063889
2 0.003906 0.065278 0.011979 0.034259
7 0.994010 0.604167 0.013021 0.047222
1 0.247396 0.370370 0.017708 0.031481
7 0.785417 0.364352 0.076042 0.080556
2 0.831250 0.013426 0.029167 0.030556
2 0.889583 0.506481 0.060417 0.072222
2 0.342187 0.271759 0.046875 0.058333
2 0.253125 0.200463 0.042708 0.054630
7 0.362500 0.339815 0.067708 0.103704
7 0.280990 0.316204 0.080729 0.126852
7 0.145052 0.192130 0.090104 0.112037
2 0.776302 0.554167 0.064062 0.075000
2 0.864062 0.627778 0.075000 0.083333
2 0.692969 0.407407 0.065104 0.070370
2 0.966146 0.721296 0.082292 0.085185
7 0.055990 0.117130 0.049479 0.065741
5 0.146875 0.134722 0.129167 0.158333