2 0.872656 0.612037 0.071354 0.079630
7 0.266406 0.143519 0.088021 0.105556
2 0.774740 0.534259 0.070312 0.075926
2 0.184896 0.102315 0.034375 0.043519
2 0.967448 0.692593 0.075521 0.090741
7 1.010677 0.146296 0.101562 0.077778
2 0.269792 0.866204 0.061458 0.113889
2 0.175000 0.792130 0.070833 0.112037
2 0.622917 0.124074 0.042708 0.035185
7 0.214844 0.978241 0.068229 0.073148
7 0.302344 0.020370 0.078646 0.092593
2 0.693490 0.116667 0.035937 0.037037
2 0.470573 0.149074 0.045312 0.042593
2 0.277604 0.066204 0.034375 0.037963
2 0.403125 0.187037 0.043750 0.044444
2 0.828646 0.391667 0.061458 0.059259
2 0.747135 0.385185 0.056771 0.061111
2 0.967187 0.551852 0.065625 0.068519