2 0.871094 0.619444 0.070312 0.081481
7 0.267969 0.149074 0.088021 0.107407
2 0.773177 0.541204 0.070312 0.076852
2 0.187500 0.106019 0.034375 0.043519
2 0.964323 0.701852 0.073438 0.090741
7 0.353646 0.055093 0.077083 0.099074
7 0.723437 0.257407 0.070833 0.142593
5 0.870573 1.008333 0.272396 0.405556
2 0.542708 0.539352 0.048958 0.069444
5 0.737240 0.690278 0.227604 0.282407
2 0.268229 0.870833 0.061458 0.113889
2 0.170833 0.801852 0.070833 0.111111
2 0.463542 0.543519 0.052083 0.072222
7 0.439583 0.154630 0.122917 0.142593
2 0.220833 0.404630 0.025000 0.087037
2 0.639062 0.125463 0.042708 0.036111
7 0.214062 0.981481 0.066667 0.072222
2 0.177865 0.202778 0.045312 0.057407
7 0.866927 0.408796 0.146354 0.145370
2 0.399479 0.192593 0.042708 0.044444
2 0.974740 0.573148 0.068229 0.074074