2 0.116146 0.173148 0.037500 0.051852
7 0.630469 0.295833 0.074479 0.086111
2 0.288802 0.867130 0.060937 0.110185
2 0.225781 0.960648 0.073438 0.080556
1 0.492448 0.669444 0.022396 0.044444
7 0.323177 0.027778 0.046354 0.059259
2 0.133333 0.130556 0.039583 0.046296
2 0.725000 0.159722 0.040625 0.039815
2 0.374219 0.110185 0.039062 0.042593
2 0.947135 0.853704 0.082812 0.111111
7 0.405469 0.456944 0.117188 0.158333
2 0.780990 0.550463 0.064062 0.075000
2 0.869271 0.625000 0.075000 0.083333
2 0.971354 0.717593 0.082292 0.085185
7 0.209115 0.254630 0.054688 0.075926
5 0.477865 0.437037 0.186979 0.238889