2 0.716927 0.829167 0.072396 0.099074
2 0.524740 0.641204 0.069271 0.060185
2 0.174479 0.789815 0.069792 0.111111
2 0.089323 0.943056 0.073438 0.115741
2 0.038542 0.795370 0.084375 0.135185
2 0.234375 0.495370 0.068750 0.094444
7 0.874740 0.605556 0.251563 0.279630
2 0.777083 0.467130 0.053125 0.039815
2 0.816927 0.409722 0.049479 0.054630
2 0.619531 0.147685 0.045312 0.036111
2 0.679688 0.141204 0.035417 0.037963
2 0.782813 0.185648 0.037500 0.037963
7 0.955729 0.161574 0.098958 0.086111
7 0.214844 0.964815 0.072396 0.072222