5 0.005729 0.054630 0.041667 0.087037
2 0.577604 0.278704 0.050000 0.053704
2 0.365885 0.437037 0.044271 0.068519
7 0.232552 0.014352 0.048438 0.060185
2 0.289844 0.876852 0.060937 0.107407
2 0.227604 0.971296 0.072917 0.079630
2 0.143750 0.212500 0.038542 0.052778
2 0.821615 0.742593 0.070312 0.092593
2 0.695833 0.177315 0.041667 0.039815
7 0.896354 1.011111 0.190625 0.246296
2 0.778906 0.562500 0.064062 0.075000
2 0.866667 0.635185 0.075000 0.083333
2 0.970833 0.727778 0.082292 0.085185
7 0.547917 0.615741 0.072917 0.112963