2 0.876823 0.626852 0.070312 0.081481
7 0.277344 0.147222 0.088021 0.109259
2 0.779948 0.547222 0.070312 0.074074
2 0.149740 0.067130 0.033854 0.043519
2 0.966667 0.709259 0.067708 0.090741
7 0.882031 0.422222 0.123438 0.153704
7 1.034375 0.517130 0.141667 0.117593
2 0.267969 0.221296 0.045312 0.057407
2 0.240104 0.244444 0.045833 0.057407
5 0.152344 0.209259 0.129688 0.161111
2 0.057031 0.037037 0.041146 0.055556
7 0.064062 0.140278 0.043750 0.075000
2 0.074219 0.101852 0.023438 0.044444
5 0.149479 0.140278 0.115625 0.134259
2 0.740104 0.809722 0.064583 0.097222
2 0.553385 0.592593 0.048438 0.088889
2 0.398177 0.139352 0.036979 0.045370