7 0.884896 0.413426 0.123958 0.149074
5 0.090885 0.081019 0.113021 0.126852
2 0.456510 0.279167 0.024479 0.054630
5 0.154688 0.198611 0.130208 0.162037
2 0.969010 0.702315 0.067187 0.093519
2 0.538281 0.256481 0.038021 0.057407
2 0.782031 0.536111 0.071354 0.075926
1 0.173177 0.291204 0.014063 0.036111
2 0.297656 0.588889 0.061979 0.092593
2 0.773177 0.183796 0.045312 0.039815
7 0.117708 0.029630 0.069792 0.061111
2 0.239323 0.232407 0.044271 0.055556
2 0.236198 0.944444 0.065104 0.112963
2 0.269792 0.211111 0.044792 0.055556
7 0.004167 0.068519 0.008333 0.033333
2 0.880729 0.618519 0.070833 0.081481