2 0.711719 0.377315 0.058854 0.063889
2 0.296094 0.363889 0.042188 0.062963
7 0.309635 0.068981 0.051562 0.065741
2 0.289844 0.875926 0.060937 0.107407
2 0.226562 0.970370 0.072917 0.079630
1 0.687240 0.956019 0.028646 0.054630
2 0.098177 0.168519 0.036979 0.046296
2 0.606510 0.549537 0.058854 0.076852
2 0.695833 0.175463 0.041667 0.039815
7 0.761458 0.869907 0.175000 0.241667
2 0.778906 0.559722 0.064062 0.075000
2 0.867188 0.634259 0.075000 0.083333
2 0.970833 0.727778 0.082292 0.085185
7 0.453906 0.509259 0.066146 0.101852
5 1.011719 0.996296 0.296354 0.379630