2 0.868750 0.616204 0.070833 0.080556
7 0.265885 0.147222 0.088021 0.105556
2 0.771354 0.539352 0.068750 0.075000
2 0.185417 0.106019 0.034375 0.043519
2 0.962760 0.698148 0.075521 0.090741
7 0.838802 0.135185 0.091146 0.081481
2 0.267708 0.869907 0.061458 0.113889
2 0.170833 0.800463 0.070833 0.112037
2 0.623437 0.126852 0.042708 0.035185
7 0.212760 0.981019 0.068229 0.073148
2 0.583333 0.565741 0.062500 0.085185
7 0.515625 0.166667 0.097917 0.111111
2 0.204167 0.043519 0.038542 0.038889
2 0.737240 0.108796 0.035937 0.036111
2 0.426302 0.210185 0.038021 0.042593
2 0.714323 0.321296 0.054688 0.053704
2 0.664844 0.342130 0.046354 0.049074
2 0.813021 0.490741 0.063542 0.066667