2 0.871615 0.619907 0.070312 0.080556
7 0.267969 0.149074 0.088021 0.107407
2 0.773438 0.541204 0.070833 0.076852
2 0.187500 0.106019 0.034375 0.043519
2 0.964323 0.701852 0.072396 0.090741
7 0.363542 0.060648 0.078125 0.099074
7 0.725521 0.261574 0.077083 0.145370
5 0.856250 0.989815 0.270833 0.405556
2 0.527344 0.523611 0.048438 0.067593
5 0.717708 0.672222 0.222917 0.275926
1 0.746094 1.014815 0.024479 0.048148
2 0.268229 0.870833 0.061458 0.113889
2 0.170833 0.801852 0.070833 0.111111
2 0.449740 0.528241 0.051562 0.071296
7 0.452865 0.162037 0.126562 0.142593
2 0.221875 0.389815 0.027083 0.081481
2 0.643490 0.124537 0.044271 0.036111
7 0.214062 0.981481 0.066667 0.072222
2 0.169792 0.195370 0.044792 0.055556
7 0.875781 0.413889 0.146354 0.148148
2 0.421094 0.210185 0.042188 0.044444
2 1.005990 0.596296 0.068229 0.074074