2 0.874219 0.638426 0.069271 0.080556
7 0.275781 0.160648 0.088021 0.108333
2 0.777865 0.557407 0.071354 0.075926
2 0.196875 0.117130 0.034375 0.043519
2 0.965625 0.721759 0.069792 0.091667
7 0.820833 0.389815 0.119792 0.150000
7 1.012500 0.512500 0.141667 0.117593
2 0.345833 0.302778 0.048958 0.061111
2 0.327604 0.340741 0.047917 0.061111
5 0.211458 0.281944 0.138542 0.169444
2 0.250260 0.213426 0.047396 0.063889
7 0.089583 0.178241 0.054167 0.075000
2 0.097656 0.133796 0.034896 0.045370
5 0.178125 0.181944 0.118750 0.137963
1 0.241927 0.388889 0.014063 0.033333
2 0.275000 0.881944 0.061458 0.112037
2 0.594531 0.326852 0.055729 0.055556
2 0.185417 0.149537 0.020833 0.019444
2 0.179688 0.812500 0.070833 0.110185
2 0.029948 0.128241 0.035937 0.045370
7 1.089583 0.637500 0.203125 0.208333