1 0.407813 0.013889 0.017708 0.025926
2 0.670573 0.338426 0.058854 0.062037
2 0.002865 0.066667 0.020313 0.033333
7 0.993750 0.600463 0.014583 0.054630
1 0.254688 0.375926 0.017708 0.031481
7 0.768490 0.350926 0.074479 0.079630
2 0.838542 0.021296 0.028125 0.044444
2 0.870573 0.490741 0.059896 0.070370
2 0.358333 0.284722 0.046875 0.058333
2 0.264583 0.210648 0.041667 0.054630
7 0.386458 0.363889 0.067708 0.105556
7 0.294271 0.329167 0.082292 0.128704
7 0.153385 0.199537 0.090104 0.112037
2 0.776302 0.553241 0.064062 0.075000
2 0.864062 0.626852 0.075000 0.083333
2 0.667448 0.387037 0.065104 0.070370
2 0.966146 0.721296 0.082292 0.085185
7 0.057031 0.118056 0.049479 0.065741
5 0.154167 0.140278 0.131250 0.160185