2 0.870052 0.620370 0.070312 0.079630
7 0.267448 0.150000 0.088021 0.105556
2 0.772917 0.541204 0.070833 0.076852
2 0.186979 0.108796 0.034375 0.043519
2 0.963281 0.702778 0.074479 0.090741
7 0.277083 0.006481 0.062500 0.088889
7 0.721094 0.218056 0.039062 0.130556
5 0.976562 1.144907 0.277083 0.406481
2 0.666927 0.658796 0.054688 0.080556
5 0.907552 0.856481 0.268229 0.324074
2 0.268750 0.871759 0.061458 0.113889
2 0.171354 0.804167 0.070833 0.112037
2 0.580990 0.665278 0.058854 0.080556
7 0.347396 0.091204 0.113542 0.128704
2 0.190885 0.542130 0.048438 0.097222
2 0.626563 0.128241 0.042708 0.036111
7 0.213281 0.984259 0.067187 0.072222
2 0.244271 0.261574 0.046875 0.058333
7 0.791146 0.359259 0.134375 0.135185
2 0.253125 0.089815 0.036458 0.038889
2 0.763281 0.418056 0.058854 0.062037
2 0.938021 0.125463 0.035417 0.036111