2 0.697396 0.364352 0.055208 0.062037
2 0.302865 0.369907 0.042188 0.063889
7 0.301302 0.063426 0.051562 0.065741
2 0.289844 0.876852 0.060937 0.107407
2 0.226562 0.970370 0.072917 0.079630
1 0.692448 0.962500 0.028646 0.054630
2 0.102344 0.172222 0.038021 0.048148
2 0.626042 0.567130 0.060417 0.078704
2 0.695833 0.175463 0.041667 0.039815
7 0.777344 0.886111 0.179688 0.244444
2 0.778906 0.559722 0.064062 0.075000
2 0.867188 0.634259 0.075000 0.083333
2 0.970833 0.727778 0.082292 0.085185
7 0.463021 0.519444 0.066667 0.101852
5 1.033073 1.016667 0.296354 0.379630