7 0.882292 0.423611 0.123958 0.149074
5 0.146094 0.139815 0.117188 0.135185
5 0.154688 0.209722 0.130208 0.162037
2 0.967187 0.712500 0.067708 0.093519
2 0.523698 0.533333 0.041146 0.085185
2 0.780469 0.547222 0.071354 0.075926
1 0.173698 0.303241 0.014063 0.036111
2 0.422396 0.175926 0.030208 0.048148
7 0.278385 0.146759 0.085938 0.102778
2 0.239323 0.245370 0.044271 0.055556
2 0.664323 0.728704 0.060937 0.090741
2 0.269271 0.222222 0.044792 0.055556
7 0.067448 0.141667 0.048438 0.075926
2 0.877083 0.627778 0.071875 0.081481
2 0.073438 0.098611 0.030208 0.043519
7 0.981250 0.506481 0.039583 0.105556
2 0.133073 0.053241 0.031771 0.039815
2 0.031250 0.019444 0.042708 0.050000