2 0.907292 0.495833 0.078125 0.078704
1 0.181510 0.295833 0.016146 0.039815
2 0.086719 0.933333 0.092188 0.140741
2 0.426823 0.355556 0.039062 0.066667
2 0.266406 0.193056 0.044271 0.060185
2 0.214323 0.150463 0.040104 0.050926
7 0.209375 0.186574 0.062500 0.089815
7 0.189583 0.215741 0.077083 0.116667
7 0.109375 0.147685 0.089583 0.112037
2 0.772656 0.525000 0.064062 0.074074
2 0.860417 0.596296 0.075000 0.083333
2 0.838021 0.499074 0.072917 0.077778
2 0.961198 0.690278 0.076563 0.091667
7 0.042969 0.094907 0.049479 0.065741
5 0.043750 0.043519 0.100000 0.103704
7 0.429167 0.147222 0.050000 0.096296
2 0.242969 0.668981 0.061979 0.095370