1 0.957292 0.109259 0.018750 0.027778
2 0.837760 0.442593 0.071354 0.072222
1 0.180990 0.296759 0.016146 0.039815
2 0.936979 1.027778 0.082292 0.120370
2 0.449479 0.175463 0.028125 0.058333
2 0.953906 0.535185 0.065104 0.074074
2 0.266667 0.192130 0.045833 0.060185
2 0.216406 0.150463 0.043229 0.050926
7 0.211458 0.186574 0.062500 0.091667
7 0.190104 0.214815 0.078125 0.118519
7 0.110417 0.150000 0.088542 0.112963
2 0.772656 0.527315 0.064062 0.075000
2 0.859896 0.600926 0.075000 0.083333
2 0.834375 0.500000 0.072917 0.075926
2 0.962760 0.695370 0.083854 0.088889
7 0.044010 0.092130 0.049479 0.065741
5 0.088802 0.065741 0.127604 0.144444
2 0.410156 0.094907 0.032813 0.041667