7 0.884896 0.414352 0.123958 0.149074
5 0.065625 0.064352 0.111458 0.130556
2 0.426302 0.376389 0.039062 0.062037
5 0.155208 0.199537 0.130208 0.162037
2 0.972135 0.704630 0.055729 0.081481
2 0.564323 0.224074 0.039062 0.053704
2 0.782031 0.538889 0.071354 0.075926
1 0.173177 0.293056 0.014063 0.036111
2 0.238542 0.689352 0.066667 0.102778
2 0.679167 0.249074 0.045833 0.048148
7 0.066406 0.005093 0.033854 0.010185
2 0.240365 0.234259 0.044271 0.055556
1 0.380990 -0.001389 0.019271 0.025000
2 0.269271 0.212037 0.044792 0.055556
1 0.741927 1.007407 0.027604 0.053704
2 0.880729 0.619444 0.070833 0.081481