2 0.050000 0.790278 0.080208 0.132407
2 0.297396 0.444444 0.057292 0.075926
2 0.463542 0.395370 0.063542 0.048148
2 0.624740 0.432407 0.068229 0.072222
2 0.778385 0.476852 0.053646 0.061111
2 0.861979 0.537500 0.055208 0.065741
2 0.817708 0.406019 0.048958 0.056481
7 0.692969 0.209722 0.089063 0.110185
2 0.559635 0.292130 0.045312 0.039815
2 0.680729 0.137963 0.038542 0.037037
2 0.621354 0.141667 0.042708 0.038889
2 0.632812 0.681019 0.066667 0.073148
7 0.481771 0.642130 0.083333 0.086111
2 0.178125 0.788889 0.069792 0.111111
2 0.316406 0.782407 0.060937 0.103704
2 0.089583 0.950000 0.073958 0.114815
7 0.987500 0.702778 0.213542 0.274074