2 0.877083 0.635185 0.070833 0.079630
7 0.276823 0.156019 0.088021 0.108333
2 0.780469 0.553704 0.070312 0.075926
2 0.197917 0.113426 0.034375 0.043519
2 0.968750 0.718056 0.067708 0.091667
7 0.876302 0.425000 0.123438 0.153704
7 1.033854 0.523611 0.141667 0.117593
2 0.271094 0.234259 0.045312 0.057407
2 0.250000 0.266667 0.045833 0.057407
5 0.160156 0.228704 0.130729 0.161111
2 0.211719 0.174074 0.041146 0.059259
7 0.066406 0.152315 0.050521 0.075000
2 0.086198 0.126852 0.019271 0.044444
5 0.156510 0.155093 0.116146 0.134259
1 0.195052 0.335185 0.015104 0.033333
2 0.274479 0.877315 0.062500 0.112037
2 0.766406 0.461574 0.066146 0.071296
2 0.155208 0.118981 0.020833 0.019444
2 0.178646 0.807870 0.070833 0.110185
2 0.013281 0.108796 0.035937 0.045370