7 0.920052 0.446759 0.128646 0.158333
5 0.010677 0.024537 0.021354 0.049074
2 0.241406 0.682870 0.056771 0.087963
5 0.156250 0.203241 0.130208 0.160185
2 0.649740 0.166667 0.042188 0.042593
2 0.783073 0.542593 0.070312 0.075926
1 0.163281 0.285648 0.014063 0.036111
2 0.117708 0.908796 0.080208 0.134259
2 0.423177 0.515278 0.059896 0.080556
2 0.240885 0.239815 0.044271 0.055556
1 0.512760 0.039352 0.017188 0.026852
2 0.266927 0.211111 0.044271 0.055556
1 0.609896 0.811574 0.025000 0.047222
2 0.919531 0.658333 0.073438 0.087037