1 0.416406 0.013889 0.018229 0.025926
2 0.683854 0.348148 0.060417 0.062963
2 0.005469 0.066204 0.011979 0.034259
7 0.994010 0.604167 0.013021 0.047222
1 0.250521 0.373148 0.017708 0.031481
7 0.778385 0.358333 0.074479 0.079630
2 0.835156 0.017593 0.028646 0.037037
2 0.881510 0.499537 0.059896 0.071296
2 0.348958 0.277778 0.046875 0.059259
2 0.257812 0.204167 0.041667 0.054630
7 0.371354 0.349074 0.067708 0.103704
7 0.286198 0.321759 0.080729 0.126852
7 0.148177 0.193981 0.090104 0.112037
2 0.776302 0.553241 0.064062 0.075000
2 0.864062 0.627778 0.075000 0.083333
2 0.681510 0.398148 0.065104 0.070370
2 0.966146 0.721296 0.082292 0.085185
7 0.055990 0.117130 0.049479 0.065741
5 0.150000 0.136574 0.131250 0.160185