2 0.866406 0.597685 0.070312 0.078704
7 0.278385 0.148148 0.088021 0.105556
2 0.745573 0.502778 0.069271 0.072222
2 0.182292 0.096759 0.034375 0.043519
2 0.967448 0.685185 0.075521 0.090741
2 0.265885 0.862500 0.061979 0.113889
2 0.175260 0.779167 0.070312 0.112037
2 0.622396 0.118519 0.042708 0.035185
7 0.208594 0.974074 0.072396 0.074074
2 0.683073 0.112037 0.035937 0.037037
2 0.756250 0.164815 0.038542 0.044444
2 0.220573 0.018981 0.034896 0.036111
2 0.292448 0.071759 0.038021 0.039815
2 0.864323 0.416667 0.050521 0.055556
2 0.862500 0.514815 0.058333 0.066667