2 0.673177 0.347222 0.054688 0.061111
2 0.313802 0.382407 0.043229 0.064815
7 0.288542 0.052315 0.051042 0.065741
2 0.289844 0.876852 0.060937 0.107407
2 0.226562 0.970370 0.072917 0.079630
1 0.700260 0.976389 0.028646 0.054630
2 0.110677 0.178704 0.038021 0.048148
2 0.660677 0.596296 0.060937 0.077778
2 0.695833 0.175463 0.041667 0.039815
7 0.799740 0.908796 0.183854 0.243519
2 0.778906 0.559722 0.064062 0.075000
2 0.867188 0.634259 0.075000 0.083333
2 0.970833 0.727778 0.082292 0.085185
7 0.477083 0.535648 0.069792 0.104630
5 1.069531 1.056019 0.296354 0.382407