7 0.890104 0.419444 0.125000 0.150000
5 0.047135 0.054630 0.094271 0.111111
2 0.376563 0.464352 0.044792 0.067593
5 0.155729 0.199537 0.130208 0.160185
2 0.987500 0.717593 0.025000 0.053704
2 0.589844 0.201389 0.040104 0.050926
2 0.782031 0.539815 0.071354 0.075926
1 0.173177 0.293056 0.014063 0.036111
2 0.198177 0.758333 0.070312 0.112963
2 0.602083 0.317593 0.048958 0.055556
2 0.240365 0.237037 0.044271 0.055556
1 0.426563 0.005093 0.018750 0.023148
2 0.269271 0.212963 0.044792 0.055556
1 0.697917 0.934722 0.029167 0.050926
2 0.883333 0.622685 0.070833 0.082407