7 0.882812 0.421759 0.123958 0.149074
5 0.139844 0.130556 0.117188 0.135185
2 0.305469 0.034722 0.032813 0.036111
5 0.154167 0.206019 0.130208 0.162037
2 0.967187 0.710648 0.067708 0.093519
2 0.498698 0.419907 0.023438 0.078704
2 0.780990 0.544444 0.071354 0.075926
1 0.173698 0.300463 0.014063 0.036111
2 0.443229 0.274074 0.023958 0.057407
7 0.262500 0.131944 0.085417 0.102778
2 0.239844 0.241667 0.044271 0.055556
2 0.532813 0.628241 0.056250 0.060185
2 0.270313 0.219444 0.044792 0.055556
7 0.064323 0.133333 0.052604 0.075926
2 0.878646 0.625926 0.070833 0.081481
2 0.061458 0.081481 0.035417 0.042593
7 0.984635 0.508333 0.040104 0.105556
2 0.092188 0.015278 0.031250 0.037963