2 0.872396 0.612037 0.070833 0.079630
7 0.265885 0.144444 0.088021 0.105556
2 0.774219 0.534722 0.070312 0.076852
2 0.184896 0.102315 0.034375 0.043519
2 0.966927 0.692593 0.075521 0.090741
7 0.986198 0.142593 0.101562 0.079630
2 0.269792 0.866204 0.061458 0.113889
2 0.175000 0.792130 0.070833 0.112037
2 0.622917 0.124074 0.042708 0.035185
7 0.214844 0.978241 0.068229 0.073148
2 1.028906 0.995833 0.094271 0.126852
7 0.326823 0.037037 0.081771 0.094444
2 0.695573 0.116667 0.035937 0.037037
2 0.142969 0.003704 0.031771 0.035185
2 0.496354 0.167593 0.045833 0.042593
2 0.315365 0.093519 0.034896 0.037037
2 0.442708 0.215278 0.045833 0.045370
2 0.855990 0.413889 0.063021 0.061111
2 0.803125 0.428241 0.060417 0.063889