7 0.692708 0.725926 0.084375 0.112963
2 0.195052 0.787037 0.060937 0.096296
5 0.161719 0.215741 0.127604 0.161111
7 0.242188 0.510648 0.075000 0.110185
2 0.691146 0.165741 0.041667 0.038889
2 0.806771 0.570833 0.072917 0.080556
1 0.018229 0.154167 0.014583 0.034259
2 0.039062 0.901852 0.084375 0.144444
2 0.231510 0.831481 0.072396 0.131481
7 0.375260 0.405093 0.068229 0.080556
2 0.216927 0.220833 0.042188 0.050926
1 0.821615 0.097685 0.021354 0.026852
2 0.119271 0.091667 0.038542 0.046296
1 0.329427 0.856019 0.020313 0.050926