2 0.876563 0.627315 0.069792 0.082407
7 0.277344 0.149074 0.088021 0.109259
2 0.779167 0.547222 0.069792 0.074074
2 0.170833 0.086574 0.034375 0.043519
2 0.966667 0.709259 0.067708 0.090741
7 0.882031 0.422222 0.123438 0.153704
7 1.034896 0.517130 0.141667 0.117593
2 0.267969 0.224074 0.045312 0.057407
2 0.240104 0.248148 0.045833 0.057407
5 0.152344 0.212963 0.129688 0.161111
2 0.089323 0.066204 0.035937 0.043519
7 0.065104 0.145833 0.043750 0.075000
2 0.078385 0.108333 0.023438 0.044444
5 0.152604 0.145833 0.115625 0.134259
2 0.876823 0.962500 0.074479 0.110185
2 0.616406 0.685648 0.059896 0.093519
2 0.352083 0.100000 0.038542 0.040741