2 0.873437 0.608333 0.070833 0.081481
7 0.265885 0.141667 0.088021 0.105556
2 0.773958 0.528704 0.069792 0.074074
2 0.183854 0.099537 0.034375 0.043519
2 0.967969 0.689815 0.075521 0.090741
2 0.267708 0.865278 0.061458 0.113889
2 0.176042 0.784722 0.070833 0.112037
2 0.622396 0.120370 0.042708 0.035185
7 0.212500 0.976389 0.068750 0.073148
2 0.683594 0.114815 0.035937 0.037037
2 0.228906 -0.008333 0.038021 0.031481
2 0.729167 0.206944 0.020833 0.052778
2 0.330469 0.091667 0.040104 0.042593
2 0.423438 0.156944 0.040625 0.045370
2 0.918229 0.458333 0.053125 0.057407
2 0.932813 0.573148 0.061458 0.070370