2 0.021615 0.843056 0.082812 0.139815
2 0.275000 0.465278 0.057292 0.080556
2 0.442188 0.397685 0.064583 0.050926
2 0.602865 0.421759 0.067187 0.067593
2 0.778385 0.476852 0.053646 0.061111
2 0.863021 0.538426 0.057292 0.065741
2 0.817708 0.406019 0.048958 0.056481
7 0.705469 0.201852 0.088021 0.107407
2 0.577604 0.288426 0.043750 0.039815
2 0.680729 0.137963 0.038542 0.037037
2 0.621354 0.141667 0.042708 0.038889
2 0.659115 0.696296 0.066146 0.075926
7 0.506250 0.639815 0.083333 0.081481
2 0.178125 0.789352 0.069792 0.110185
2 0.333854 0.753241 0.060417 0.099074
2 0.090625 0.947222 0.073958 0.114815
7 0.969531 0.689815 0.211979 0.274074
2 0.190625 1.065741 0.075000 0.137037