2 0.890625 0.482407 0.075000 0.077778
1 0.181510 0.295833 0.016146 0.039815
2 0.180990 1.038889 0.067187 0.129630
2 0.108594 0.895833 0.092188 0.145370
2 0.433854 0.330556 0.035417 0.064815
2 0.266927 0.193056 0.044271 0.060185
2 0.214062 0.150463 0.042708 0.050926
7 0.209375 0.184722 0.062500 0.089815
7 0.189062 0.215278 0.078125 0.117593
7 0.109375 0.147685 0.089583 0.112037
2 0.772656 0.525000 0.064062 0.074074
2 0.860417 0.596296 0.075000 0.083333
2 0.837500 0.498148 0.072917 0.077778
2 0.961198 0.690278 0.076563 0.091667
7 0.043490 0.094907 0.049479 0.065741
5 0.042708 0.043056 0.110417 0.110185
7 0.419531 0.132407 0.053646 0.092593
2 0.262500 0.637500 0.060417 0.089815