7 0.884896 0.412500 0.123958 0.149074
5 0.100260 0.087963 0.113021 0.129630
2 0.459635 0.237500 0.020313 0.049074
5 0.154167 0.197685 0.130208 0.162037
2 0.969010 0.701389 0.067187 0.093519
2 0.528906 0.271296 0.036979 0.061111
2 0.782031 0.536111 0.071354 0.075926
1 0.172656 0.290278 0.014063 0.036111
2 0.325781 0.543981 0.058854 0.086111
2 0.814323 0.166667 0.046354 0.038889
7 0.139844 0.039352 0.078646 0.078704
2 0.239323 0.232407 0.044271 0.055556
2 0.277344 0.851852 0.059896 0.109259
2 0.269792 0.210185 0.044792 0.055556
7 0.011458 0.070833 0.023958 0.060185
2 0.880729 0.617593 0.070833 0.081481