2 0.871094 0.619444 0.070312 0.081481
7 0.267448 0.148148 0.088021 0.107407
2 0.773177 0.541204 0.070312 0.076852
2 0.187500 0.106019 0.034375 0.043519
2 0.964323 0.701852 0.073438 0.090741
7 0.346094 0.051389 0.074479 0.099074
7 0.721875 0.254167 0.068750 0.143519
5 0.878906 1.018981 0.273438 0.406481
2 0.552083 0.547685 0.048958 0.069444
5 0.748958 0.701852 0.230208 0.287037
2 0.268229 0.870833 0.061458 0.113889
2 0.170833 0.801852 0.070833 0.111111
2 0.472135 0.552315 0.052604 0.073148
7 0.431771 0.148148 0.122917 0.140741
2 0.220833 0.416204 0.025000 0.084259
2 0.637500 0.125463 0.042708 0.036111
7 0.213802 0.981481 0.067187 0.072222
2 0.183854 0.206481 0.045833 0.057407
7 0.860156 0.404630 0.142187 0.144444
2 0.386719 0.184259 0.041146 0.044444
2 0.955990 0.558796 0.068229 0.073148