2 0.871615 0.620370 0.070312 0.081481
7 0.268490 0.149074 0.088021 0.107407
2 0.773698 0.542130 0.070312 0.075000
2 0.188021 0.106019 0.034375 0.043519
2 0.964323 0.701852 0.072396 0.090741
7 0.382812 0.073611 0.080208 0.099074
7 0.729688 0.271296 0.086458 0.146296
5 0.829688 0.956019 0.268750 0.400926
2 0.500260 0.497685 0.047396 0.065741
5 0.683854 0.640278 0.215625 0.265741
1 0.719010 0.977315 0.023438 0.045370
2 0.268750 0.870833 0.061458 0.113889
2 0.171354 0.801852 0.070833 0.111111
2 0.424479 0.502778 0.050000 0.068519
7 0.475781 0.181019 0.128646 0.143519
2 0.221094 0.363426 0.031771 0.076852
2 0.650521 0.123611 0.043750 0.034259
7 0.214583 0.981481 0.066667 0.072222
2 0.154427 0.181944 0.044271 0.054630
7 0.892448 0.425926 0.148438 0.148148
2 0.462760 0.238426 0.043229 0.047222