5 0.000521 0.049537 0.041667 0.086111
2 0.595313 0.291667 0.050000 0.053704
2 0.354427 0.426389 0.044271 0.067593
7 0.242708 0.021759 0.047917 0.060185
2 0.289844 0.876852 0.060937 0.107407
2 0.227604 0.971296 0.072917 0.079630
2 0.137500 0.206019 0.038542 0.050926
2 0.787500 0.712037 0.069792 0.092593
2 0.695833 0.176389 0.041667 0.039815
7 0.877604 0.991667 0.191667 0.246296
2 0.778906 0.562500 0.064062 0.075000
2 0.866667 0.635185 0.075000 0.083333
2 0.970833 0.727778 0.082292 0.085185
7 0.532813 0.599537 0.072917 0.110185