7 0.502344 0.662963 0.077604 0.079630
2 0.714063 0.727315 0.061458 0.082407
2 0.198437 0.795370 0.060417 0.096296
5 0.165365 0.222685 0.127604 0.158333
7 0.429167 0.381481 0.067708 0.064815
2 0.691667 0.173611 0.041667 0.039815
2 0.919271 0.683333 0.080208 0.090741
2 0.132812 0.689815 0.069792 0.111111
2 0.273438 0.502778 0.060417 0.079630
2 0.234635 0.840741 0.072396 0.127778
7 0.560677 0.400000 0.065104 0.068519
2 0.170573 0.182870 0.045312 0.045370
1 0.965625 0.137963 0.028125 0.029630
2 0.014583 0.013426 0.029167 0.026852