2 0.869010 0.617130 0.070312 0.080556
7 0.265885 0.147222 0.088021 0.105556
2 0.771094 0.539352 0.069271 0.075000
2 0.185417 0.106019 0.034375 0.043519
2 0.963281 0.698148 0.075521 0.090741
7 0.831771 0.135648 0.089583 0.082407
2 0.267708 0.869907 0.061458 0.113889
2 0.170833 0.801389 0.070833 0.112037
2 0.623437 0.126852 0.042708 0.035185
7 0.212760 0.981019 0.068229 0.073148
2 0.566927 0.550463 0.061979 0.084259
7 0.524740 0.173148 0.098437 0.111111
2 0.220573 0.052778 0.039062 0.038889
2 0.741667 0.109259 0.034375 0.035185
2 0.444271 0.221759 0.038542 0.043519
2 0.726823 0.330093 0.055729 0.052778
2 0.686198 0.356944 0.047396 0.050926
2 0.835156 0.507407 0.063021 0.068519