2 0.099479 0.157407 0.036458 0.051852
7 0.672396 0.325463 0.079167 0.091667
2 0.288802 0.867130 0.060937 0.110185
2 0.223177 0.964352 0.073438 0.080556
1 0.466927 0.638889 0.023438 0.046296
7 0.359115 0.052778 0.048438 0.059259
2 0.095573 0.096759 0.038021 0.047222
2 0.740625 0.156481 0.040625 0.038889
2 0.414062 0.138426 0.038542 0.043519
2 0.834115 0.740278 0.073438 0.097222
7 0.997917 1.085185 0.142708 0.233333
7 0.375521 0.425926 0.114583 0.148148
2 0.780990 0.550463 0.064062 0.075000
2 0.869271 0.625000 0.075000 0.083333
2 0.140625 -0.019907 0.041667 0.043519
2 0.971354 0.717593 0.082292 0.085185
7 0.188542 0.233333 0.053125 0.072222
5 0.437760 0.398611 0.179688 0.230556