2 0.871875 0.621296 0.069792 0.081481
7 0.269010 0.149074 0.088021 0.107407
2 0.774219 0.543519 0.070312 0.074074
2 0.189062 0.106944 0.034375 0.043519
2 0.964844 0.703704 0.072396 0.090741
7 0.472917 0.132407 0.087500 0.105556
7 0.760677 0.320833 0.111979 0.139815
5 0.701562 0.792130 0.238542 0.339815
7 0.031771 0.858796 0.094792 0.182407
2 0.385156 0.388426 0.044271 0.060185
5 0.551042 0.511574 0.183333 0.225000
1 0.611979 0.819444 0.016667 0.042593
2 0.270313 0.870833 0.061458 0.113889
2 0.795833 0.696296 0.068750 0.090741
2 0.172917 0.801852 0.070833 0.111111
2 0.316667 0.391667 0.044792 0.061111
7 0.590104 0.257407 0.142708 0.161111
2 0.280469 0.103704 0.042188 0.038889
2 0.182552 0.270833 0.047396 0.062037
2 0.700260 0.115278 0.042188 0.032407
7 0.216146 0.981481 0.066667 0.072222
2 0.083594 0.124074 0.042188 0.051852
7 0.970833 0.483333 0.159375 0.155556
2 0.685417 0.397685 0.054167 0.060185