2 0.873958 0.636574 0.069792 0.080556
7 0.275260 0.160648 0.088021 0.108333
2 0.777604 0.557407 0.070833 0.075926
2 0.195833 0.117130 0.034375 0.043519
2 0.965625 0.719907 0.069792 0.091667
7 0.799479 0.370833 0.116667 0.145370
7 0.991667 0.493056 0.141667 0.117593
2 0.398958 0.349074 0.051042 0.064815
2 0.367969 0.378704 0.049479 0.061111
5 0.236979 0.304630 0.142708 0.174074
2 0.278906 0.237500 0.047396 0.065741
7 0.107813 0.193981 0.055208 0.076852
2 0.105990 0.141204 0.034896 0.043519
5 0.196875 0.198148 0.121875 0.142593
1 0.261458 0.414352 0.015625 0.034259
2 0.275521 0.881019 0.061458 0.112037
2 0.523438 0.268981 0.051042 0.052778
2 0.205729 0.166204 0.020833 0.019444
2 0.178646 0.812500 0.070833 0.110185
2 0.038542 0.136111 0.036458 0.046296
7 1.065625 0.613426 0.203125 0.210185