1 0.744792 0.081019 0.018750 0.032407
2 0.837760 0.451852 0.071354 0.072222
2 0.001302 0.052315 0.002604 0.013889
1 0.183594 0.298611 0.016146 0.039815
2 0.277604 0.006481 0.043750 0.042593
2 0.941927 0.534259 0.064062 0.070370
2 0.270573 0.200463 0.045312 0.060185
2 0.218229 0.157870 0.041667 0.050926
7 0.215885 0.196296 0.064062 0.090741
7 0.193229 0.223148 0.078125 0.118519
7 0.114583 0.156481 0.088542 0.112963
2 0.775260 0.537500 0.064062 0.075000
2 0.863542 0.611111 0.075000 0.083333
2 0.836458 0.508333 0.072917 0.075926
2 0.967187 0.703704 0.083333 0.088889
7 0.048698 0.101389 0.049479 0.065741
5 0.102865 0.081019 0.128646 0.149074