2 0.868750 0.616204 0.070833 0.080556
7 0.265885 0.147222 0.088021 0.105556
2 0.771354 0.539352 0.068750 0.075000
2 0.184896 0.106019 0.034375 0.043519
2 0.962760 0.697222 0.075521 0.090741
7 0.865104 0.132407 0.094792 0.075926
2 0.267708 0.869907 0.061458 0.113889
2 0.170833 0.800463 0.070833 0.112037
2 0.623437 0.126852 0.042708 0.035185
7 0.212760 0.981019 0.068229 0.073148
2 0.652083 0.631481 0.070833 0.094444
7 0.479687 0.142130 0.092708 0.104630
2 0.138802 0.000463 0.036979 0.037963
2 0.724479 0.112500 0.034375 0.036111
2 0.361719 0.162500 0.036979 0.037963
2 0.666406 0.287963 0.053646 0.050000
2 0.584115 0.285185 0.043229 0.048148
2 0.727865 0.425000 0.057813 0.059259