5 -0.001563 0.047685 0.041667 0.086111
2 0.599479 0.292593 0.051042 0.057407
2 0.352344 0.423611 0.044271 0.067593
7 0.245312 0.023611 0.047917 0.060185
2 0.289844 0.876852 0.060937 0.107407
2 0.227083 0.970370 0.072917 0.079630
1 0.727604 1.023148 0.029167 0.053704
2 0.135417 0.204167 0.038542 0.050926
2 0.779687 0.704630 0.068750 0.092593
2 0.695833 0.176389 0.041667 0.039815
7 0.872396 0.987037 0.191667 0.246296
2 0.778906 0.562500 0.064062 0.075000
2 0.866667 0.635185 0.075000 0.083333
2 0.970833 0.727778 0.082292 0.085185
7 0.529948 0.595833 0.071354 0.110185