2 0.874479 0.635185 0.068750 0.081481
7 0.275260 0.160648 0.088021 0.108333
2 0.777604 0.556481 0.070833 0.075926
2 0.195312 0.116204 0.034375 0.043519
2 0.965625 0.718981 0.069792 0.091667
7 0.791927 0.364815 0.116146 0.144444
7 0.982812 0.486574 0.141667 0.117593
2 0.417708 0.363426 0.053125 0.065741
2 0.382812 0.392593 0.051042 0.061111
5 0.246094 0.312037 0.144271 0.177778
2 0.289323 0.246759 0.047396 0.065741
7 0.114323 0.199537 0.055729 0.076852
2 0.110156 0.144444 0.034896 0.044444
5 0.203646 0.204630 0.122917 0.144444
1 0.269271 0.423611 0.015625 0.034259
2 0.275521 0.880556 0.061458 0.112963
2 0.500781 0.248611 0.050521 0.050926
2 0.214062 0.172685 0.020833 0.019444
2 0.178646 0.811574 0.070833 0.110185
2 0.041667 0.138889 0.037500 0.046296
7 1.056250 0.606944 0.203125 0.208333