2 0.513542 0.217130 0.050000 0.052778
2 0.008854 0.074074 0.041667 0.044444
7 0.969010 0.569444 0.079687 0.103704
2 0.224740 0.995370 0.065104 0.120370
1 0.310937 0.442593 0.016667 0.042593
7 0.653906 0.262037 0.066146 0.074074
2 0.859635 0.078704 0.019271 0.050000
2 0.737760 0.381944 0.053646 0.062037
2 0.477865 0.392130 0.052604 0.071296
2 0.357812 0.286111 0.044792 0.059259
7 0.580469 0.556019 0.082812 0.126852
7 0.411198 0.444444 0.086979 0.148148
7 0.202344 0.248148 0.099479 0.114815
2 0.777865 0.550463 0.064062 0.075000
2 0.865625 0.625926 0.075000 0.083333
2 0.506250 0.261111 0.057292 0.061111
2 0.968750 0.720370 0.082292 0.085185
7 0.077083 0.131019 0.050000 0.065741
5 0.213021 0.189352 0.142708 0.173148