2 1.035417 0.632870 0.073958 0.076852
2 0.164323 0.223611 0.036979 0.054630
7 0.526823 0.222222 0.065104 0.077778
2 0.288802 0.869907 0.060937 0.110185
2 0.225000 0.962037 0.072917 0.079630
1 0.554427 0.746759 0.024479 0.047222
2 -0.011719 0.053241 0.034896 0.045370
2 0.242188 0.231481 0.042708 0.053704
2 0.703125 0.168056 0.041667 0.039815
2 0.277865 0.044444 0.036979 0.038889
7 0.483594 0.551389 0.126562 0.175000
2 0.780990 0.554167 0.064062 0.075000
2 0.868229 0.627778 0.075000 0.083333
2 0.972396 0.718519 0.082292 0.085185
7 0.270833 0.318056 0.058333 0.082407
5 0.595313 0.556944 0.213542 0.269444