2 0.874219 0.638426 0.069271 0.080556
7 0.275260 0.160648 0.088021 0.108333
2 0.777604 0.557407 0.070833 0.075926
2 0.196875 0.117130 0.034375 0.043519
2 0.965625 0.721759 0.069792 0.091667
7 0.813021 0.383333 0.117708 0.146296
7 1.005729 0.506019 0.141667 0.117593
2 0.363802 0.318519 0.049479 0.061111
2 0.342187 0.353704 0.048958 0.061111
5 0.219792 0.289815 0.139583 0.170370
2 0.260417 0.222222 0.044792 0.062963
7 0.096615 0.184259 0.054688 0.075926
2 0.100521 0.136574 0.034375 0.045370
5 0.183073 0.188426 0.119271 0.139815
1 0.248958 0.396759 0.014583 0.034259
2 0.275521 0.881944 0.061458 0.112037
2 0.569531 0.306944 0.054688 0.054630
2 0.193229 0.156944 0.020833 0.019444
2 0.179688 0.812500 0.070833 0.110185
2 0.032552 0.131019 0.035937 0.045370
7 1.081771 0.627315 0.203125 0.208333