2 0.873437 0.607407 0.070833 0.081481
7 0.266406 0.141667 0.088021 0.105556
2 0.773438 0.528241 0.070833 0.075000
2 0.183854 0.099537 0.034375 0.043519
2 0.967969 0.689815 0.075521 0.090741
2 0.267708 0.865278 0.061458 0.113889
2 0.176042 0.784722 0.070833 0.112037
2 0.622396 0.120370 0.042708 0.035185
7 0.211979 0.976389 0.069792 0.073148
2 0.683594 0.114815 0.035937 0.037037
2 0.226823 -0.009259 0.038021 0.031481
2 0.729167 0.206019 0.020833 0.052778
2 0.326823 0.088889 0.040104 0.042593
2 0.419010 0.154167 0.040104 0.043519
2 0.916927 0.456481 0.052604 0.057407
2 0.930208 0.571296 0.061458 0.070370