2 0.875521 0.625926 0.069792 0.081481
7 0.273698 0.151389 0.088021 0.108333
2 0.777344 0.546759 0.070312 0.075000
2 0.192708 0.110648 0.034375 0.043519
2 0.966667 0.708796 0.069792 0.091667
7 0.719010 0.303241 0.107813 0.132407
7 0.915365 0.424537 0.136979 0.108333
2 0.630729 0.543519 0.062500 0.079630
2 0.569010 0.562963 0.059896 0.074074
5 0.346875 0.402315 0.160417 0.204630
2 0.395052 0.334259 0.054688 0.074074
7 0.188281 0.263889 0.058854 0.087037
2 0.169271 0.191204 0.036458 0.047222
5 0.270833 0.254630 0.136458 0.155556
1 0.342448 0.497222 0.015104 0.033333
2 0.273958 0.873611 0.061458 0.113889
2 0.301823 0.084259 0.041146 0.038889
2 0.298698 0.235185 0.028646 0.025926
2 0.176563 0.803704 0.070833 0.111111
2 0.092448 0.178704 0.036979 0.048148
7 0.948698 0.514815 0.198437 0.207407
2 0.971094 0.624074 0.071354 0.083333
2 -0.018750 0.079630 0.042708 0.051852