2 0.096615 0.154630 0.035937 0.050000
7 0.680208 0.331944 0.080208 0.091667
2 0.288802 0.867130 0.060937 0.110185
2 0.222656 0.965278 0.073438 0.080556
1 0.462240 0.632407 0.023438 0.046296
7 0.366667 0.057407 0.047917 0.059259
2 0.089323 0.093056 0.038021 0.047222
2 0.744792 0.155556 0.039583 0.038889
2 0.421875 0.144907 0.039583 0.043519
2 0.812760 0.718056 0.069271 0.095370
7 0.971875 1.058333 0.142708 0.233333
7 0.369792 0.418056 0.114583 0.145370
2 0.780990 0.550463 0.064062 0.075000
2 0.869271 0.625000 0.075000 0.083333
2 0.150000 -0.011574 0.041667 0.043519
2 0.971354 0.717593 0.082292 0.085185
7 0.184375 0.229630 0.053125 0.072222
5 0.430208 0.391667 0.177083 0.227778