2 0.944010 0.524537 0.078646 0.082407
1 0.180990 0.294907 0.016146 0.039815
2 0.059375 0.968519 0.066667 0.064815
2 0.400781 0.407407 0.045312 0.064815
2 0.266146 0.192130 0.044792 0.060185
2 0.213021 0.149537 0.041667 0.049074
7 0.208594 0.182407 0.061979 0.088889
7 0.188542 0.213889 0.077083 0.114815
7 0.109375 0.147685 0.089583 0.112037
2 0.772656 0.525000 0.064062 0.074074
2 0.860417 0.595370 0.075000 0.081481
2 0.841667 0.503241 0.073958 0.078704
2 0.961719 0.689352 0.076563 0.091667
7 0.041927 0.090278 0.049479 0.062037
5 0.041667 0.042593 0.085417 0.088889
7 0.445052 0.180093 0.040104 0.095370
2 0.204687 0.730556 0.062500 0.098148