2 0.921875 0.508333 0.078125 0.081481
1 0.180990 0.294907 0.016146 0.039815
2 0.069792 0.951389 0.093750 0.108333
2 0.415885 0.377315 0.043229 0.069444
2 0.266406 0.193056 0.044271 0.060185
2 0.213542 0.150463 0.041667 0.050926
7 0.209375 0.185648 0.062500 0.089815
7 0.189323 0.215278 0.077604 0.117593
7 0.109375 0.147685 0.089583 0.112037
2 0.772656 0.525000 0.064062 0.074074
2 0.860417 0.596296 0.075000 0.083333
2 0.839063 0.500000 0.072917 0.077778
2 0.961719 0.690278 0.076563 0.091667
7 0.042969 0.094907 0.049479 0.065741
5 0.044010 0.043981 0.090104 0.091667
7 0.437500 0.161574 0.044792 0.095370
2 0.225260 0.696759 0.061979 0.095370