2 0.089323 0.147685 0.034896 0.050926
7 0.704167 0.350463 0.081250 0.093519
2 0.288802 0.867130 0.060937 0.110185
2 0.221094 0.970833 0.073438 0.080556
1 0.449479 0.617130 0.021875 0.045370
7 0.385677 0.069907 0.049479 0.060185
2 0.069792 0.074537 0.037500 0.047222
2 0.755990 0.153241 0.040104 0.039815
2 0.442448 0.162037 0.040104 0.044444
2 0.761198 0.666204 0.067187 0.087963
7 0.907292 0.990278 0.142708 0.232407
7 0.354948 0.400463 0.111979 0.145370
2 0.780990 0.550463 0.064062 0.075000
2 0.869271 0.625000 0.075000 0.083333
2 0.172917 0.005093 0.041667 0.043519
2 0.971354 0.717593 0.082292 0.085185
7 0.174479 0.220370 0.053125 0.072222
5 0.409635 0.372222 0.173437 0.222222