2 0.841667 0.445370 0.071875 0.072222
1 0.181510 0.295833 0.016146 0.039815
2 0.357292 0.725000 0.066667 0.096296
2 0.265885 0.625463 0.070312 0.108333
2 0.422135 0.170370 0.031771 0.048148
2 0.266667 0.194444 0.044792 0.061111
2 0.214062 0.151389 0.042708 0.050926
7 0.209635 0.187500 0.061979 0.089815
7 0.189323 0.216667 0.077604 0.116667
7 0.109896 0.149537 0.089583 0.113889
2 0.772656 0.527778 0.064062 0.074074
2 0.860417 0.600000 0.075000 0.083333
2 0.834896 0.500926 0.072917 0.077778
2 0.963802 0.691667 0.083854 0.088889
7 0.043490 0.094907 0.049479 0.065741
5 0.057292 0.056944 0.127083 0.125000
7 0.306771 0.035185 0.061458 0.072222
2 0.399740 0.431944 0.047396 0.071296