2 0.876042 0.636574 0.069792 0.080556
7 0.276302 0.159722 0.088021 0.108333
2 0.778646 0.555093 0.069792 0.076852
2 0.197917 0.115278 0.034375 0.043519
2 0.966927 0.720833 0.069271 0.091667
7 0.857031 0.413889 0.123438 0.153704
7 1.032292 0.524537 0.141667 0.117593
2 0.290365 0.255556 0.045312 0.057407
2 0.272135 0.288889 0.045312 0.057407
5 0.178385 0.249074 0.133854 0.162963
2 0.221615 0.186111 0.042188 0.061111
7 0.070312 0.157870 0.053125 0.075000
2 0.087500 0.129167 0.019792 0.045370
5 0.157552 0.162963 0.116146 0.133333
1 0.212760 0.354630 0.014063 0.033333
2 0.274479 0.880093 0.062500 0.112037
2 0.694010 0.404630 0.061979 0.064815
2 0.167708 0.133796 0.020833 0.019444
2 0.178646 0.810648 0.070833 0.110185
2 0.020573 0.118981 0.035937 0.045370