7 0.882812 0.419907 0.123958 0.149074
5 0.132031 0.121759 0.115104 0.134259
2 0.369271 0.081019 0.032292 0.037963
5 0.153646 0.204167 0.130208 0.162037
2 0.967187 0.708796 0.067708 0.093519
2 0.500000 0.364352 0.029167 0.073148
2 0.780990 0.543519 0.071354 0.075926
1 0.173698 0.299537 0.014063 0.036111
2 0.430208 0.345833 0.036458 0.065741
7 0.239583 0.113426 0.083333 0.099074
2 0.239323 0.238889 0.044271 0.055556
2 0.453906 0.631944 0.057813 0.067593
2 0.269792 0.217593 0.044792 0.055556
7 0.052865 0.121296 0.052604 0.074074
2 0.878125 0.625000 0.070833 0.081481
2 0.041927 0.063426 0.034896 0.041667
7 0.992448 0.512963 0.039062 0.105556
2 0.060417 -0.012500 0.031250 0.037963