2 0.874740 0.633333 0.068229 0.083333
7 0.274740 0.157870 0.088021 0.108333
2 0.777344 0.554167 0.071354 0.076852
2 0.194792 0.114352 0.034375 0.043519
2 0.966146 0.716204 0.069792 0.091667
7 0.774219 0.349074 0.115104 0.140741
7 0.961719 0.467130 0.141146 0.117593
2 0.467708 0.404630 0.054167 0.066667
2 0.427865 0.432870 0.052604 0.062037
5 0.273177 0.336111 0.148438 0.181481
2 0.316667 0.268981 0.051042 0.067593
7 0.134896 0.215741 0.055208 0.079630
2 0.124219 0.155093 0.034896 0.045370
5 0.225781 0.219444 0.127604 0.146296
1 0.286979 0.441204 0.015625 0.034259
2 0.275000 0.878704 0.061458 0.112963
2 0.439063 0.195833 0.046875 0.047222
2 0.238021 0.187500 0.020833 0.019444
2 0.177604 0.808796 0.070833 0.110185
2 0.054688 0.149074 0.036458 0.046296
7 1.029688 0.581944 0.202083 0.208333