7 0.563281 0.659259 0.077604 0.072222
2 0.811198 0.812963 0.066146 0.092593
2 0.197396 0.788889 0.060417 0.096296
5 0.164323 0.221759 0.127604 0.162037
7 0.364323 0.405093 0.072396 0.082407
2 0.691406 0.171759 0.041146 0.039815
2 0.865365 0.629167 0.075521 0.084259
2 0.048177 0.839815 0.081771 0.135185
2 0.206250 0.600926 0.061458 0.098148
2 0.233594 0.839815 0.072396 0.127778
7 0.494792 0.384722 0.064583 0.058333
2 0.192448 0.200000 0.042188 0.044444
1 0.912240 0.122222 0.023438 0.029630
2 0.052865 0.037500 0.036979 0.045370
1 0.280208 0.978241 0.022917 0.043519