7 0.881250 0.422685 0.123958 0.149074
5 0.146615 0.140741 0.117188 0.135185
5 0.154688 0.209722 0.130208 0.162037
2 0.967187 0.711574 0.067708 0.093519
2 0.529427 0.546759 0.043229 0.086111
2 0.780469 0.547222 0.071354 0.075926
1 0.173698 0.303241 0.014063 0.036111
2 0.418490 0.168519 0.032813 0.048148
7 0.278385 0.146759 0.085938 0.102778
2 0.239323 0.245370 0.044271 0.055556
2 0.679948 0.745833 0.060937 0.091667
2 0.269271 0.222222 0.044792 0.055556
7 0.067448 0.141667 0.048438 0.075926
2 0.877083 0.627778 0.071875 0.081481
2 0.075000 0.099537 0.030208 0.043519
7 0.981250 0.506481 0.039583 0.105556
2 0.136979 0.054630 0.031250 0.040741
2 0.037500 0.022222 0.042708 0.050000