2 0.873437 0.606944 0.070833 0.080556
7 0.267969 0.141667 0.088021 0.105556
2 0.771094 0.524537 0.070312 0.076852
2 0.183854 0.098611 0.034375 0.043519
2 0.967969 0.688889 0.075521 0.090741
2 0.267708 0.864352 0.061458 0.113889
2 0.176042 0.782870 0.070833 0.112037
2 0.622396 0.119444 0.042708 0.035185
7 0.211719 0.975463 0.070312 0.073148
2 0.683594 0.112963 0.035937 0.037037
2 0.733333 0.194907 0.026042 0.050926
2 0.305729 0.075926 0.038542 0.040741
2 0.394271 0.137037 0.039583 0.042593
2 0.905990 0.447685 0.052604 0.058333
2 0.915625 0.558333 0.060417 0.070370