5 0.007812 0.056481 0.041667 0.087037
2 0.574479 0.276852 0.050000 0.053704
2 0.367969 0.439815 0.045312 0.068519
7 0.229948 0.012500 0.047396 0.060185
2 0.289844 0.876852 0.060937 0.107407
2 0.227604 0.971296 0.072917 0.079630
2 0.145313 0.215278 0.038542 0.050926
2 0.830469 0.750463 0.069271 0.091667
2 0.695312 0.177315 0.041667 0.039815
7 0.901042 1.015741 0.190625 0.246296
2 0.778906 0.562500 0.064062 0.075000
2 0.866667 0.635185 0.075000 0.083333
2 0.970833 0.727778 0.082292 0.085185
7 0.551042 0.618981 0.072917 0.112037