1 0.394271 0.008333 0.017708 0.025926
2 0.645833 0.318519 0.058333 0.059259
2 -0.008073 0.062500 0.047396 0.052778
7 0.990625 0.595833 0.019792 0.052778
1 0.266146 0.391667 0.017708 0.031481
7 0.750260 0.337037 0.072396 0.077778
2 0.844010 0.029167 0.027604 0.045370
2 0.850260 0.475000 0.059896 0.068519
2 0.374740 0.301389 0.049479 0.063889
2 0.276302 0.219444 0.042188 0.055556
7 0.410417 0.386574 0.068750 0.106481
7 0.310417 0.345370 0.082292 0.133333
7 0.159635 0.208333 0.093229 0.114815
2 0.776302 0.552315 0.064062 0.075000
2 0.864062 0.626852 0.075000 0.083333
2 0.641146 0.366204 0.064583 0.069444
2 0.966146 0.721296 0.082292 0.085185
7 0.058594 0.118981 0.049479 0.065741
5 0.161979 0.146759 0.131250 0.160185