1 0.855208 0.089815 0.018750 0.031481
2 0.838281 0.446296 0.071354 0.072222
1 0.183073 0.297685 0.016146 0.039815
2 0.395313 0.089352 0.040625 0.047222
2 0.941406 0.527778 0.064062 0.072222
2 0.268490 0.193981 0.045312 0.060185
2 0.216927 0.151389 0.043229 0.050926
7 0.214844 0.190278 0.065104 0.091667
7 0.191667 0.216667 0.078125 0.118519
7 0.112760 0.150000 0.089063 0.112963
2 0.772656 0.530093 0.064062 0.075000
2 0.860417 0.602778 0.075000 0.083333
2 0.834375 0.500926 0.072917 0.075926
2 0.964323 0.697222 0.083854 0.088889
7 0.047135 0.094907 0.049479 0.065741
5 0.096615 0.069444 0.127604 0.148148
2 0.322135 0.029167 0.036979 0.039815