2 0.845573 0.449537 0.072396 0.075000
1 0.181510 0.295833 0.016146 0.039815
2 0.300260 0.793981 0.065104 0.112037
2 0.218750 0.702778 0.077083 0.114815
2 0.439063 0.214815 0.025000 0.053704
2 0.266667 0.194444 0.044792 0.061111
2 0.214062 0.151389 0.042708 0.050926
7 0.209635 0.187500 0.061979 0.089815
7 0.189323 0.217130 0.077604 0.115741
7 0.109896 0.149537 0.089583 0.113889
2 0.772656 0.527778 0.064062 0.074074
2 0.860417 0.600000 0.075000 0.083333
2 0.834375 0.500000 0.072917 0.077778
2 0.960677 0.690741 0.079687 0.088889
7 0.043490 0.095833 0.049479 0.065741
5 0.051302 0.050463 0.125521 0.125000
7 0.345573 0.060648 0.060937 0.080556
2 0.361719 0.492130 0.051562 0.076852