2 0.457031 0.173148 0.047396 0.050000
2 0.022656 0.084259 0.035937 0.048148
7 0.945573 0.542130 0.098437 0.112037
2 0.250000 0.937500 0.063542 0.117593
1 0.330729 0.466204 0.016667 0.041667
7 0.610156 0.230093 0.061979 0.071296
2 0.855208 0.098611 0.021875 0.050926
2 0.684635 0.341204 0.051562 0.060185
2 0.539583 0.450463 0.056250 0.073148
2 0.396875 0.320833 0.047917 0.062037
7 0.673438 0.651389 0.093750 0.137963
7 0.466406 0.502315 0.091146 0.154630
7 0.219271 0.261111 0.098958 0.114815
2 0.778906 0.549537 0.064062 0.075000
2 0.867188 0.623148 0.075000 0.083333
2 0.446875 0.211574 0.052083 0.056481
2 0.970313 0.717593 0.082292 0.085185
7 0.089583 0.143056 0.050000 0.065741
5 0.235677 0.209722 0.144271 0.178704