2 0.167969 0.585185 0.065104 0.101852
2 0.408594 0.380093 0.053646 0.054630
2 0.563542 0.409722 0.060417 0.049074
2 0.726042 0.506481 0.068750 0.081481
2 0.778646 0.475000 0.053125 0.061111
2 0.861458 0.537037 0.055208 0.066667
2 0.816667 0.406019 0.051042 0.056481
7 0.627604 0.250926 0.098958 0.107407
2 0.470313 0.293981 0.043750 0.041667
2 0.681250 0.137037 0.038542 0.037037
2 0.621354 0.140741 0.042708 0.038889
2 0.520573 0.644907 0.063021 0.056481
7 0.375000 0.701389 0.085417 0.115741
2 0.179688 0.787500 0.069792 0.110185
2 0.235417 0.960185 0.066667 0.125926
2 0.065104 0.997685 0.076042 0.117593
7 1.087760 0.780093 0.215104 0.276852