2 0.871875 0.613426 0.070833 0.080556
7 0.265885 0.144444 0.088021 0.105556
2 0.773698 0.536111 0.070312 0.075926
2 0.185417 0.103241 0.034375 0.043519
2 0.966927 0.692593 0.075521 0.090741
7 0.949740 0.137037 0.101562 0.079630
2 0.268750 0.868056 0.061458 0.113889
2 0.174479 0.793981 0.070833 0.112037
2 0.622917 0.125926 0.042708 0.035185
7 0.214323 0.979167 0.068229 0.073148
2 0.909635 0.876389 0.089063 0.121296
7 0.369271 0.065278 0.084375 0.095370
2 0.700260 0.115741 0.035937 0.037037
2 0.198698 0.042593 0.031771 0.033333
2 0.540885 0.199074 0.048438 0.044444
2 0.381771 0.138889 0.037500 0.038889
2 0.513021 0.266667 0.048958 0.048148
2 0.909635 0.455093 0.066146 0.065741
2 0.905208 0.506019 0.064583 0.069444