2 0.229427 0.516204 0.059896 0.089815
2 0.396875 0.409259 0.064583 0.057407
2 0.558073 0.400000 0.066146 0.064815
2 0.778646 0.476852 0.054167 0.061111
2 0.862500 0.527315 0.056250 0.043519
2 0.817708 0.406481 0.048958 0.057407
7 0.730729 0.186574 0.085417 0.106481
2 0.608594 0.275926 0.043229 0.040741
2 0.680729 0.137963 0.038542 0.037037
2 0.621354 0.141667 0.042708 0.038889
2 0.716667 0.733796 0.067708 0.082407
7 0.559115 0.642130 0.083854 0.080556
2 0.177344 0.790278 0.070312 0.110185
2 0.373177 0.704630 0.063021 0.087037
2 0.092188 0.942593 0.073958 0.114815
7 0.941406 0.667593 0.209896 0.272222
2 0.225781 0.986111 0.073438 0.135185