2 0.877083 0.635648 0.070833 0.080556
7 0.276823 0.156019 0.088021 0.108333
2 0.779687 0.554167 0.070833 0.076852
2 0.197917 0.113426 0.034375 0.043519
2 0.968229 0.718981 0.067708 0.091667
7 0.874740 0.424074 0.123438 0.153704
7 1.033854 0.523611 0.141667 0.117593
2 0.272656 0.237037 0.045312 0.057407
2 0.252083 0.269444 0.045833 0.057407
5 0.162240 0.231481 0.131771 0.161111
2 0.212760 0.176389 0.041146 0.060185
7 0.067448 0.153241 0.052604 0.075000
2 0.086198 0.126852 0.019271 0.044444
5 0.156510 0.156944 0.116146 0.134259
1 0.198177 0.337037 0.015104 0.033333
2 0.274479 0.877315 0.062500 0.112037
2 0.757292 0.455093 0.065625 0.071296
2 0.157292 0.121759 0.020833 0.019444
2 0.178646 0.807870 0.070833 0.110185
2 0.014844 0.110648 0.035937 0.045370