1 0.576302 0.088889 0.019271 0.035185
2 0.833594 0.460185 0.070312 0.072222
2 0.001042 0.065278 0.009375 0.028704
1 0.187760 0.314352 0.016146 0.039815
7 0.930729 0.473611 0.089583 0.089815
2 0.941406 0.545370 0.064062 0.072222
2 0.272656 0.213426 0.045312 0.058333
2 0.222396 0.171296 0.041667 0.048148
7 0.222656 0.211574 0.063021 0.089815
7 0.197396 0.236574 0.076042 0.117593
7 0.117708 0.167593 0.088542 0.112963
2 0.775781 0.550463 0.064062 0.075000
2 0.863021 0.624074 0.075000 0.083333
2 0.835938 0.522222 0.072917 0.075926
2 0.966146 0.713889 0.082292 0.085185
7 0.052865 0.114352 0.049479 0.065741
5 0.113281 0.102315 0.127604 0.152778