7 0.882292 0.423611 0.123958 0.149074
5 0.145573 0.139815 0.117188 0.135185
5 0.154688 0.209722 0.130208 0.162037
2 0.967187 0.712500 0.067708 0.093519
2 0.518750 0.520370 0.038542 0.085185
2 0.780469 0.547222 0.071354 0.075926
1 0.173698 0.303241 0.014063 0.036111
2 0.427083 0.183796 0.029167 0.050926
7 0.277865 0.145833 0.085938 0.102778
2 0.239844 0.244444 0.044271 0.055556
2 0.650000 0.714352 0.060417 0.086111
2 0.269792 0.222222 0.044792 0.055556
7 0.067448 0.141667 0.048438 0.075926
2 0.877604 0.627778 0.071875 0.081481
2 0.073438 0.096759 0.031250 0.043519
7 0.981250 0.506481 0.039583 0.105556
2 0.129167 0.048611 0.031250 0.039815
2 0.025521 0.012963 0.042708 0.050000