2 0.258594 0.453704 0.063021 0.079630
2 0.503906 0.376852 0.052604 0.053704
2 0.643229 0.444444 0.064583 0.062963
2 0.777604 0.472685 0.053125 0.062037
2 0.816146 0.402778 0.048958 0.055556
2 0.810417 0.576852 0.078125 0.081481
2 0.620573 0.140278 0.043229 0.037963
2 0.680469 0.135648 0.035937 0.036111
7 0.558594 0.276852 0.107813 0.094444
2 0.394010 0.268519 0.042188 0.046296
2 0.431510 0.660185 0.061979 0.070370
2 0.180729 0.782870 0.069792 0.108333
7 0.301563 0.800926 0.080208 0.142593
2 0.884115 0.553241 0.057813 0.067593