2 0.109635 0.682870 0.068229 0.115741
2 0.349479 0.405556 0.056250 0.066667
2 0.512760 0.396759 0.061979 0.049074
2 0.675000 0.466204 0.068750 0.075000
2 0.778385 0.475000 0.053646 0.061111
2 0.861719 0.537500 0.054688 0.065741
2 0.816667 0.406019 0.051042 0.056481
7 0.662760 0.229167 0.093229 0.110185
2 0.516927 0.295370 0.042188 0.040741
2 0.680729 0.137037 0.038542 0.037037
2 0.621354 0.140741 0.042708 0.038889
2 0.575521 0.656944 0.063542 0.063889
7 0.427604 0.661574 0.085417 0.099074
2 0.178646 0.787963 0.069792 0.111111
2 0.275521 0.864815 0.062500 0.116667
2 0.080729 0.964815 0.073958 0.116667
7 1.032292 0.737963 0.214583 0.275926