2 0.872396 0.622222 0.069792 0.081481
7 0.270573 0.150000 0.088021 0.107407
2 0.775000 0.543981 0.069792 0.073148
2 0.190625 0.108796 0.034375 0.043519
2 0.964844 0.704630 0.071354 0.090741
7 0.520833 0.163889 0.094792 0.114815
7 0.788281 0.347222 0.110937 0.138889
5 0.631771 0.711111 0.217708 0.305556
2 0.929167 0.807407 0.081250 0.118519
7 0.137500 0.662500 0.077083 0.154630
2 0.330469 0.338426 0.043229 0.056481
5 0.483594 0.452315 0.169271 0.215741
1 0.558073 0.747222 0.022396 0.048148
2 0.271354 0.871759 0.061458 0.113889
2 0.660937 0.569907 0.061458 0.078704
2 0.173958 0.803704 0.070833 0.111111
2 0.259896 0.336574 0.044792 0.060185
7 0.661458 0.307870 0.155208 0.171296
2 0.377083 0.171296 0.045833 0.046296
2 0.145573 0.233333 0.046354 0.055556
2 0.741667 0.111574 0.042708 0.034259
7 0.217188 0.983333 0.066667 0.072222
2 0.045573 0.092130 0.041146 0.049074
7 1.019271 0.519444 0.159375 0.155556
2 0.835677 0.515278 0.063021 0.073148