2 0.386719 0.364352 0.060937 0.049074
2 0.608854 0.418519 0.055208 0.061111
2 0.736979 0.507870 0.069792 0.071296
2 0.776823 0.467130 0.053646 0.062037
2 0.815885 0.399074 0.048438 0.053704
2 0.930990 0.670370 0.089063 0.100000
2 0.620573 0.134722 0.043229 0.037963
2 0.680469 0.130093 0.035937 0.036111
7 0.464844 0.278241 0.103646 0.102778
2 0.318750 0.213426 0.037500 0.043519
2 0.329167 0.745833 0.060417 0.095370
2 0.181250 0.775926 0.069792 0.109259
7 0.236719 0.937037 0.089063 0.166667
2 0.989583 0.632407 0.061458 0.074074