2 0.840365 0.448611 0.072396 0.071296
1 0.180990 0.296759 0.016146 0.039815
2 0.509115 0.667130 0.066146 0.063889
2 0.376302 0.459259 0.059896 0.088889
2 0.339844 0.084722 0.036979 0.041667
2 0.266667 0.197222 0.044792 0.061111
2 0.214583 0.154167 0.042708 0.050926
7 0.209635 0.190278 0.061979 0.089815
7 0.189323 0.218981 0.077604 0.115741
7 0.109896 0.151389 0.089583 0.113889
2 0.772656 0.531481 0.064062 0.074074
2 0.859375 0.603704 0.075000 0.083333
2 0.833333 0.503704 0.072917 0.077778
2 0.963281 0.696296 0.083854 0.088889
7 0.043490 0.097685 0.049479 0.065741
5 0.071354 0.065278 0.123958 0.132407
7 0.231510 0.001389 0.030729 0.006481
2 0.455990 0.306019 0.033854 0.062037