2 0.874740 0.623611 0.070312 0.080556
7 0.271615 0.150000 0.088021 0.107407
2 0.777083 0.544444 0.070833 0.074074
2 0.191667 0.108796 0.034375 0.043519
2 0.966146 0.706944 0.069792 0.091667
7 0.636719 0.243056 0.101562 0.123148
7 0.861198 0.378241 0.118229 0.089815
2 0.969792 0.857407 0.086458 0.111111
2 0.813802 0.802778 0.073438 0.098148
5 0.453125 0.511111 0.173958 0.238889
2 0.542448 0.461111 0.060937 0.085185
7 0.234375 0.358333 0.039583 0.109259
2 0.228646 0.244907 0.038542 0.050926
5 0.334635 0.313889 0.145313 0.177778
1 0.421354 0.587037 0.018750 0.044444
2 0.272396 0.871759 0.061458 0.113889
2 0.411458 0.341204 0.041667 0.062037
2 0.175000 0.802778 0.070833 0.111111
2 0.147396 0.229630 0.039583 0.051852
7 0.837500 0.431481 0.185417 0.194444
2 0.681510 0.396296 0.058854 0.064815
2 0.042188 0.136111 0.042708 0.051852
2 0.892708 0.122222 0.045833 0.035185
7 0.199479 1.028704 0.064583 0.074074