2 0.853646 0.585648 0.069792 0.078704
7 0.289844 0.155556 0.088021 0.105556
2 0.718229 0.477778 0.066667 0.070370
2 0.182292 0.094907 0.034375 0.043519
2 0.967448 0.682407 0.075521 0.090741
2 0.265625 0.859722 0.061458 0.113889
2 0.175260 0.775463 0.070312 0.112037
2 0.622396 0.113889 0.042708 0.035185
7 0.207552 0.972222 0.072396 0.074074
2 0.682552 0.110185 0.035937 0.037037
2 0.777083 0.150463 0.043750 0.039815
2 0.170833 -0.014352 0.036458 0.036111
2 0.231250 0.035648 0.036458 0.036111
2 0.844010 0.400000 0.050521 0.055556
2 0.836458 0.493519 0.056250 0.064815