2 0.869271 0.600926 0.070833 0.079630
7 0.275260 0.146296 0.088021 0.105556
2 0.752865 0.507407 0.068229 0.075926
2 0.182292 0.096759 0.034375 0.043519
2 0.967969 0.686111 0.075521 0.090741
2 0.266146 0.862500 0.061458 0.113889
2 0.175260 0.780093 0.070312 0.112037
2 0.622396 0.118519 0.042708 0.035185
7 0.209115 0.973611 0.072396 0.073148
2 0.683073 0.112037 0.035937 0.037037
2 0.750781 0.170370 0.036979 0.046296
2 0.236198 0.028241 0.035937 0.037963
2 0.311198 0.084259 0.038021 0.038889
2 0.871094 0.422222 0.050521 0.055556
2 0.871094 0.522222 0.058854 0.066667