2 0.868490 0.618519 0.071354 0.081481
7 0.266406 0.149074 0.088021 0.105556
2 0.771094 0.540278 0.069271 0.073148
2 0.185938 0.106944 0.034375 0.043519
2 0.962760 0.700000 0.075521 0.090741
7 0.790365 0.148611 0.082812 0.097222
2 0.267708 0.870833 0.061458 0.113889
2 0.169792 0.803241 0.070833 0.112037
2 0.623958 0.129167 0.042708 0.034259
7 0.212760 0.981944 0.068229 0.073148
2 0.463802 0.456019 0.055729 0.076852
7 0.590104 0.218519 0.106250 0.114815
2 0.341927 0.131944 0.042188 0.045370
2 0.775000 0.106019 0.034375 0.034259
2 0.572396 0.315741 0.043750 0.048148
2 0.815625 0.395370 0.061458 0.059259
2 0.845313 0.475926 0.056250 0.062963
2 0.999479 0.637037 0.071875 0.077778