2 0.868490 0.619444 0.071354 0.081481
7 0.266406 0.150000 0.088021 0.105556
2 0.771094 0.541667 0.068229 0.074074
2 0.185938 0.107870 0.034375 0.043519
2 0.962760 0.700926 0.075521 0.090741
7 0.774740 0.156019 0.079687 0.104630
2 0.268229 0.871759 0.061458 0.113889
2 0.170313 0.804167 0.070833 0.112037
2 0.961458 1.042593 0.078125 0.107407
7 0.155208 -0.038889 0.101042 0.114815
2 -0.019010 0.984259 0.085938 0.148148
2 0.623958 0.129167 0.042708 0.034259
7 0.213021 0.982870 0.067708 0.073148
2 0.428385 0.424537 0.054688 0.075000
7 0.613802 0.236574 0.109896 0.119444
2 0.391927 0.164815 0.044271 0.044444
2 0.790104 0.104167 0.034375 0.028704
2 0.627604 0.356019 0.045833 0.050926
2 0.851562 0.422685 0.062500 0.060185
2 0.914062 0.528704 0.054167 0.066667