7 0.884896 0.413426 0.123958 0.149074
5 0.095052 0.083796 0.113021 0.126852
2 0.458073 0.262500 0.022396 0.050926
5 0.154688 0.198611 0.130208 0.162037
2 0.969010 0.701389 0.067187 0.093519
2 0.534115 0.262037 0.038021 0.059259
2 0.782031 0.536111 0.071354 0.075926
1 0.172656 0.290278 0.014063 0.036111
2 0.309115 0.571296 0.059896 0.090741
2 0.789323 0.175000 0.045312 0.037037
7 0.127604 0.033333 0.070833 0.068519
2 0.239323 0.232407 0.044271 0.055556
2 0.253125 0.907870 0.062500 0.113889
2 0.269792 0.210185 0.044792 0.055556
7 0.007031 0.068981 0.015104 0.045370
2 0.880729 0.617593 0.070833 0.081481