2 0.841406 0.445370 0.072396 0.072222
1 0.181510 0.295833 0.016146 0.039815
2 0.399479 0.692130 0.066667 0.084259
2 0.298958 0.576852 0.066667 0.103704
2 0.403125 0.140741 0.036458 0.050000
2 0.266667 0.194444 0.044792 0.061111
2 0.214062 0.151389 0.042708 0.050926
7 0.209635 0.187500 0.061979 0.089815
7 0.189323 0.216667 0.077604 0.116667
7 0.109896 0.149537 0.089583 0.113889
2 0.772656 0.528704 0.064062 0.074074
2 0.860417 0.600000 0.075000 0.083333
2 0.834375 0.500926 0.072917 0.077778
2 0.963802 0.692593 0.083854 0.088889
7 0.043490 0.095833 0.049479 0.065741
5 0.059635 0.057870 0.128646 0.125000
7 0.280469 0.025926 0.060937 0.055556
2 0.421615 0.394907 0.044271 0.069444