2 0.017448 0.850463 0.083854 0.141667
2 0.271875 0.468056 0.057292 0.080556
2 0.439583 0.398148 0.064583 0.051852
2 0.600260 0.420370 0.067187 0.068519
2 0.778385 0.476852 0.053646 0.061111
2 0.863021 0.538426 0.057292 0.065741
2 0.817708 0.406019 0.048958 0.056481
7 0.707552 0.201389 0.088021 0.106481
2 0.579688 0.287037 0.043750 0.040741
2 0.680729 0.137963 0.038542 0.037037
2 0.621354 0.141667 0.042708 0.038889
2 0.662240 0.698148 0.066146 0.075926
7 0.508854 0.639352 0.083333 0.080556
2 0.178125 0.789352 0.069792 0.110185
2 0.336458 0.749537 0.061458 0.099074
2 0.090625 0.946296 0.073958 0.114815
7 0.967969 0.688426 0.211979 0.273148
2 0.192188 1.061111 0.075000 0.137037