2 0.980469 0.552778 0.080729 0.083333
1 0.180990 0.294907 0.016146 0.039815
2 0.047135 0.996296 0.036979 0.012963
2 0.377604 0.447685 0.050000 0.073148
2 0.265625 0.191204 0.044792 0.060185
2 0.213021 0.149537 0.041667 0.049074
7 0.208594 0.182407 0.061979 0.088889
7 0.188281 0.213426 0.077604 0.115741
7 0.109375 0.147685 0.089583 0.112037
2 0.772656 0.525000 0.064062 0.074074
2 0.860417 0.595370 0.075000 0.081481
2 0.846094 0.506019 0.076563 0.078704
2 0.961719 0.689352 0.076563 0.091667
7 0.041927 0.090278 0.049479 0.062037
5 0.037240 0.037500 0.076563 0.080556
7 0.448177 0.208333 0.036979 0.101852
2 0.175000 0.779167 0.066667 0.106481