2 0.869531 0.615741 0.070312 0.079630
7 0.265885 0.147222 0.088021 0.105556
2 0.771875 0.537500 0.068750 0.073148
2 0.184896 0.106019 0.034375 0.043519
2 0.963281 0.697222 0.075521 0.090741
7 0.896875 0.132407 0.096875 0.074074
2 0.267708 0.868981 0.061458 0.113889
2 0.172396 0.798611 0.070833 0.112037
2 0.622917 0.126852 0.042708 0.035185
7 0.213281 0.981019 0.068229 0.073148
2 0.742708 0.716204 0.075000 0.102778
7 0.436979 0.114352 0.091667 0.102778
2 0.712500 0.114815 0.035417 0.037037
2 0.294792 0.112963 0.034375 0.033333
2 0.616406 0.253241 0.051562 0.047222
2 0.500000 0.226389 0.041667 0.045370
2 0.639583 0.359722 0.055208 0.054630
2 1.010417 0.532870 0.069792 0.069444