2 0.876302 0.636111 0.070312 0.081481
7 0.276302 0.156944 0.088021 0.108333
2 0.778906 0.555093 0.070312 0.076852
2 0.197917 0.115278 0.034375 0.043519
2 0.967187 0.720833 0.067708 0.091667
7 0.865885 0.419444 0.123438 0.153704
7 1.033333 0.524537 0.141667 0.117593
2 0.281510 0.246296 0.045312 0.057407
2 0.261458 0.277778 0.044792 0.057407
5 0.170573 0.240741 0.132812 0.162963
2 0.217188 0.181481 0.041667 0.061111
7 0.068229 0.155093 0.053125 0.075000
2 0.086458 0.129167 0.019792 0.045370
5 0.156510 0.158333 0.116146 0.133333
1 0.205469 0.344444 0.015104 0.033333
2 0.275000 0.878241 0.062500 0.112037
2 0.723177 0.427778 0.063021 0.066667
2 0.163021 0.129167 0.020833 0.019444
2 0.178646 0.809722 0.070833 0.110185
2 0.017969 0.116204 0.035937 0.045370