1 0.361979 0.002778 0.016667 0.025926
2 0.589323 0.277315 0.055729 0.056481
2 -0.001042 0.064352 0.041667 0.052778
7 0.985938 0.586111 0.046875 0.068519
1 0.285677 0.413426 0.019271 0.039815
7 0.709375 0.305556 0.069792 0.075926
2 0.854167 0.053241 0.023958 0.047222
2 0.803385 0.436111 0.054688 0.061111
2 0.412760 0.335185 0.050521 0.064815
2 0.308073 0.245833 0.042188 0.056481
7 0.476042 0.452778 0.072917 0.111111
7 0.348438 0.381481 0.084375 0.137037
7 0.178125 0.225926 0.095833 0.114815
2 0.776302 0.552315 0.064062 0.075000
2 0.864583 0.626852 0.075000 0.083333
2 0.583073 0.321296 0.060937 0.064815
2 0.966146 0.721296 0.082292 0.085185
7 0.065365 0.123611 0.049479 0.065741
5 0.182552 0.164815 0.135937 0.166667