2 0.344531 0.089815 0.044271 0.046296
2 0.050521 0.112037 0.035417 0.050000
7 0.859115 0.474074 0.090104 0.103704
2 0.279948 0.881944 0.060937 0.110185
1 0.375000 0.523148 0.018750 0.042593
7 0.516927 0.164815 0.056771 0.068519
2 0.826042 0.131481 0.035417 0.042593
2 0.580469 0.265741 0.045312 0.050000
2 0.707812 0.612500 0.066667 0.087963
2 0.500260 0.415741 0.049479 0.066667
7 0.925521 0.917593 0.118750 0.175926
7 0.595313 0.647222 0.104167 0.179630
7 0.262240 0.306481 0.101562 0.122222
2 0.779427 0.549537 0.064062 0.075000
2 0.867188 0.623148 0.075000 0.083333
2 0.331510 0.124537 0.045312 0.049074
2 0.970313 0.717593 0.082292 0.085185
7 0.117188 0.168519 0.048958 0.064815
5 0.290885 0.260185 0.151562 0.188889