2 0.820833 0.460648 0.059375 0.067593
2 0.255729 0.318981 0.040625 0.060185
7 0.367448 0.108796 0.055729 0.067593
2 0.289323 0.875000 0.060937 0.107407
2 0.226042 0.967593 0.072917 0.079630
1 0.650781 0.894444 0.026562 0.055556
2 0.066927 0.135185 0.034896 0.048148
2 0.484896 0.445370 0.053125 0.066667
2 0.696354 0.174537 0.042708 0.039815
7 0.672396 0.770370 0.161458 0.218519
2 0.778906 0.557870 0.064062 0.075000
2 0.867188 0.632407 0.075000 0.083333
2 0.970833 0.724074 0.082292 0.085185
7 0.397135 0.450463 0.064062 0.097222
5 0.876563 0.849537 0.288542 0.363889