1 0.480990 0.037037 0.019271 0.035185
2 0.766667 0.411111 0.065625 0.068519
2 0.004687 0.068519 0.009375 0.027778
7 0.996354 0.611574 0.007292 0.041667
1 0.222396 0.345833 0.017708 0.034259
7 0.839323 0.408796 0.080729 0.084259
2 0.933594 0.544444 0.064062 0.072222
2 0.294531 0.232407 0.045312 0.055556
2 0.231771 0.183796 0.041667 0.054630
7 0.293750 0.275926 0.064583 0.094444
7 0.236719 0.278704 0.077604 0.122222
7 0.126042 0.177778 0.088542 0.112963
2 0.775260 0.554167 0.064062 0.075000
2 0.863021 0.626852 0.075000 0.083333
2 0.770573 0.472685 0.069271 0.073148
2 0.966146 0.721296 0.082292 0.085185
7 0.055469 0.118056 0.049479 0.065741
5 0.128385 0.120833 0.127604 0.154630