2 0.868490 0.619444 0.071354 0.081481
7 0.266406 0.150000 0.088021 0.105556
2 0.771094 0.541667 0.068229 0.074074
2 0.185938 0.107870 0.034375 0.043519
2 0.962760 0.701852 0.075521 0.090741
7 0.771094 0.158333 0.078646 0.103704
2 0.268229 0.872685 0.061458 0.113889
2 0.170833 0.804167 0.070833 0.112037
2 0.940625 1.021759 0.078125 0.106481
7 0.163021 -0.034259 0.101042 0.114815
2 -0.007552 0.957407 0.084896 0.146296
2 0.623958 0.129167 0.042708 0.034259
7 0.213021 0.983796 0.067708 0.073148
2 0.419010 0.415741 0.054688 0.074074
7 0.621094 0.241667 0.109896 0.118519
2 0.405729 0.174537 0.044792 0.045370
2 0.794010 0.101852 0.036979 0.024074
2 0.643490 0.367130 0.046354 0.052778
2 0.861458 0.431019 0.063542 0.060185
2 0.934635 0.544444 0.056771 0.066667