2 0.880469 0.631944 0.070312 0.080556
7 0.277865 0.152315 0.088021 0.108333
2 0.781771 0.551852 0.070833 0.074074
2 0.199479 0.111574 0.034375 0.043519
2 0.970313 0.714352 0.067708 0.091667
7 0.884635 0.425926 0.123438 0.153704
7 1.037500 0.521759 0.141667 0.117593
2 0.268490 0.227778 0.045312 0.057407
2 0.241667 0.252778 0.045833 0.057407
5 0.152604 0.215741 0.129167 0.161111
2 0.202083 0.159722 0.041667 0.054630
7 0.063021 0.147685 0.043750 0.075000
2 0.085677 0.120833 0.017188 0.041667
5 0.157031 0.152315 0.116146 0.134259
2 0.275000 0.871759 0.062500 0.112037
2 0.831510 0.507870 0.070312 0.075000
2 0.097656 0.078241 0.030729 0.034259
2 0.169010 0.818981 0.071354 0.112037