2 0.874740 0.623611 0.070312 0.080556
7 0.271615 0.150000 0.088021 0.107407
2 0.776823 0.544444 0.070312 0.074074
2 0.191667 0.108796 0.034375 0.043519
2 0.965625 0.706944 0.069792 0.091667
7 0.629427 0.237500 0.101562 0.123148
7 0.855990 0.374537 0.118229 0.089815
2 1.006510 0.892130 0.086979 0.112037
2 0.839323 0.826852 0.075521 0.103704
5 0.463021 0.522685 0.177083 0.241667
2 0.558594 0.475926 0.061979 0.085185
7 0.235156 0.370833 0.036979 0.110185
2 0.233854 0.250000 0.038542 0.051852
5 0.341146 0.320370 0.145833 0.179630
1 0.428385 0.595833 0.020313 0.047222
2 0.272396 0.871759 0.061458 0.113889
2 0.423177 0.351852 0.042188 0.062963
2 0.175000 0.803704 0.070833 0.111111
2 0.152083 0.234259 0.039583 0.051852
7 0.827083 0.424537 0.183333 0.193519
2 0.659896 0.380093 0.057292 0.063889
2 0.047917 0.142130 0.042708 0.050926
2 0.882552 0.119907 0.045312 0.036111
7 0.203646 1.019444 0.064583 0.074074