2 0.870573 0.619444 0.070312 0.081481
7 0.267448 0.148148 0.088021 0.107407
2 0.772917 0.541204 0.070833 0.076852
2 0.186979 0.106019 0.034375 0.043519
2 0.963802 0.701852 0.073438 0.090741
7 0.326823 0.036111 0.074479 0.094444
7 0.720313 0.243056 0.058333 0.137963
5 0.908073 1.056019 0.275521 0.406481
2 0.583594 0.577778 0.051562 0.074074
5 0.792188 0.741667 0.243750 0.298148
2 0.268229 0.870833 0.061458 0.113889
2 0.170833 0.802315 0.070833 0.112037
2 0.503125 0.585185 0.054167 0.075926
7 0.407031 0.131019 0.120313 0.136111
2 0.216146 0.450926 0.032292 0.088889
2 0.632812 0.126389 0.042708 0.036111
7 0.213281 0.982407 0.067187 0.072222
2 0.201042 0.222222 0.045833 0.057407
7 0.840104 0.391667 0.142708 0.142593
2 0.343490 0.152315 0.040104 0.043519
2 0.894271 0.512963 0.066667 0.070370
2 0.995573 0.136574 0.033854 0.032407