7 0.887500 0.417130 0.123958 0.149074
5 0.051823 0.058796 0.103646 0.117593
2 0.394792 0.431944 0.042708 0.065741
5 0.155729 0.199537 0.130208 0.160185
2 0.981771 0.713889 0.036458 0.062963
2 0.581250 0.208333 0.039583 0.051852
2 0.782031 0.538889 0.071354 0.075926
1 0.173177 0.293056 0.014063 0.036111
2 0.210417 0.736574 0.068750 0.108333
2 0.628125 0.292593 0.046875 0.051852
2 0.240365 0.236111 0.044271 0.055556
1 0.413542 0.003241 0.018750 0.023148
2 0.269271 0.212037 0.044792 0.055556
1 0.712760 0.956481 0.029687 0.053704
2 0.881771 0.621759 0.070833 0.082407