2 0.842448 0.445833 0.072396 0.073148
1 0.181510 0.295833 0.016146 0.039815
2 0.333854 0.747222 0.066667 0.103704
2 0.248177 0.655556 0.074479 0.112963
2 0.430990 0.186574 0.030729 0.047222
2 0.266667 0.194444 0.044792 0.061111
2 0.214062 0.151389 0.042708 0.050926
7 0.209635 0.187500 0.061979 0.089815
7 0.189323 0.217130 0.077604 0.115741
7 0.109896 0.149537 0.089583 0.113889
2 0.772656 0.527778 0.064062 0.074074
2 0.860417 0.600000 0.075000 0.083333
2 0.835938 0.500926 0.072917 0.077778
2 0.963802 0.691667 0.083854 0.088889
7 0.043490 0.095833 0.049479 0.065741
5 0.054688 0.054167 0.127083 0.125000
7 0.322135 0.043056 0.060937 0.078704
2 0.385677 0.455556 0.049479 0.072222