5 0.005729 0.054167 0.041667 0.086111
2 0.581771 0.281481 0.050000 0.053704
2 0.363281 0.434259 0.044271 0.068519
7 0.235156 0.015278 0.048438 0.060185
2 0.289844 0.876852 0.060937 0.107407
2 0.227604 0.971296 0.072917 0.079630
2 0.142187 0.211574 0.038542 0.052778
2 0.813281 0.734259 0.069271 0.092593
2 0.695833 0.176389 0.041667 0.039815
7 0.891667 1.006481 0.190625 0.246296
2 0.778906 0.562500 0.064062 0.075000
2 0.866667 0.635185 0.075000 0.083333
2 0.970833 0.727778 0.082292 0.085185
7 0.543750 0.611111 0.072917 0.112963