2 0.875000 0.637963 0.069792 0.079630
7 0.275781 0.160648 0.088021 0.108333
2 0.777865 0.556481 0.071354 0.077778
2 0.196875 0.117130 0.034375 0.043519
2 0.966406 0.720833 0.069271 0.091667
7 0.832552 0.396296 0.120313 0.151852
7 1.021354 0.517130 0.141667 0.117593
2 0.322396 0.283796 0.047917 0.060185
2 0.306771 0.320370 0.046875 0.061111
5 0.198698 0.268981 0.136979 0.167593
2 0.240104 0.202778 0.042708 0.061111
7 0.081250 0.169907 0.054167 0.075000
2 0.093229 0.131481 0.030208 0.044444
5 0.169010 0.174074 0.117188 0.137037
1 0.230990 0.375926 0.014063 0.033333
2 0.275000 0.881944 0.061458 0.112037
2 0.627865 0.356019 0.057813 0.058333
2 0.179167 0.143981 0.020833 0.019444
2 0.179688 0.812500 0.070833 0.110185
2 0.025260 0.124537 0.035937 0.045370