7 0.523177 0.660185 0.077604 0.075926
2 0.746615 0.754630 0.061979 0.085185
2 0.198437 0.794444 0.060417 0.096296
5 0.164844 0.221759 0.127604 0.158333
7 0.405990 0.388426 0.070312 0.071296
2 0.691667 0.172685 0.041667 0.039815
2 0.897917 0.660648 0.078125 0.087963
2 0.105469 0.737963 0.073438 0.118519
2 0.249740 0.534722 0.060937 0.087963
2 0.234115 0.840741 0.072396 0.127778
7 0.536458 0.393981 0.064583 0.067593
2 0.178906 0.188889 0.045312 0.044444
1 0.946094 0.131481 0.023438 0.029630
2 0.026562 0.018981 0.036458 0.039815