7 0.938281 0.940278 0.109896 0.154630
2 0.624740 0.742130 0.068229 0.089815
2 0.426823 0.662037 0.068229 0.075926
2 0.174479 0.788889 0.069792 0.111111
2 0.089323 0.943056 0.073438 0.115741
2 0.142187 0.632870 0.073958 0.108333
2 0.315365 0.421296 0.069271 0.081481
7 0.877083 0.611574 0.245833 0.286111
2 0.777344 0.468519 0.053646 0.042593
2 0.816927 0.409722 0.049479 0.054630
2 0.619531 0.143981 0.045312 0.036111
2 0.679688 0.138426 0.035417 0.037963
2 0.737240 0.202778 0.036979 0.038889
7 0.889323 0.150926 0.096354 0.075926