2 0.870573 0.619444 0.070312 0.081481
7 0.267448 0.148148 0.088021 0.107407
2 0.772917 0.541204 0.070833 0.076852
2 0.186979 0.106019 0.034375 0.043519
2 0.963802 0.701852 0.073438 0.090741
7 0.322656 0.033333 0.074479 0.094444
7 0.719010 0.240278 0.055729 0.136111
5 0.913542 1.063426 0.276042 0.406481
2 0.590625 0.584259 0.052083 0.074074
5 0.801042 0.750926 0.244792 0.298148
2 0.268229 0.870833 0.061458 0.113889
2 0.170833 0.802315 0.070833 0.112037
2 0.509375 0.592593 0.054167 0.075926
7 0.400781 0.127315 0.118229 0.134259
2 0.215104 0.458333 0.033333 0.088889
2 0.631771 0.126389 0.042708 0.036111
7 0.213281 0.982407 0.067187 0.072222
2 0.204687 0.225926 0.045833 0.057407
7 0.836198 0.388889 0.142187 0.142593
2 0.334896 0.147685 0.039583 0.043519
2 0.882292 0.504167 0.065625 0.069444
2 0.990885 0.135648 0.033854 0.032407