7 0.882292 0.423611 0.123958 0.149074
5 0.144010 0.137037 0.117188 0.135185
2 0.240885 -0.006944 0.032813 0.036111
5 0.154688 0.208796 0.130208 0.162037
2 0.967187 0.712500 0.067708 0.093519
2 0.508073 0.482870 0.032813 0.082407
2 0.780469 0.546296 0.071354 0.075926
1 0.173698 0.303241 0.014063 0.036111
2 0.436719 0.212037 0.027604 0.051852
7 0.275000 0.143056 0.085417 0.104630
2 0.239844 0.243519 0.044271 0.055556
2 0.608594 0.675000 0.058854 0.081481
2 0.269792 0.221296 0.044792 0.055556
7 0.066927 0.139815 0.049479 0.075926
2 0.877604 0.627778 0.071875 0.081481
2 0.071354 0.093056 0.033333 0.043519
7 0.981250 0.506481 0.039583 0.105556
2 0.117708 0.038426 0.031250 0.039815
2 0.005729 -0.001852 0.042708 0.050000