1 0.460677 0.024074 0.019271 0.035185
2 0.745833 0.395370 0.063542 0.064815
2 0.004687 0.068519 0.009375 0.027778
7 0.996354 0.611574 0.007292 0.041667
1 0.228646 0.349537 0.017708 0.032407
7 0.822656 0.394444 0.078646 0.083333
2 0.923177 0.537037 0.064062 0.072222
2 0.306510 0.242130 0.045312 0.056481
2 0.236979 0.185648 0.041667 0.054630
7 0.316146 0.296759 0.066667 0.097222
7 0.251563 0.291204 0.078125 0.125000
7 0.131250 0.181944 0.088542 0.113889
2 0.775260 0.554167 0.064062 0.075000
2 0.863021 0.627778 0.075000 0.083333
2 0.749740 0.453241 0.067187 0.073148
2 0.966146 0.721296 0.082292 0.085185
7 0.055990 0.118056 0.049479 0.065741
5 0.133333 0.123611 0.129167 0.158333