2 0.876042 0.628241 0.068750 0.080556
7 0.277344 0.150926 0.088021 0.109259
2 0.778906 0.547685 0.070312 0.075000
2 0.177083 0.092130 0.034375 0.043519
2 0.966667 0.712037 0.067708 0.090741
7 0.881510 0.423148 0.123438 0.153704
7 1.034896 0.517130 0.141667 0.117593
2 0.267969 0.225000 0.045312 0.057407
2 0.240625 0.250000 0.045833 0.057407
5 0.152344 0.213889 0.129688 0.161111
2 0.099479 0.071296 0.035417 0.038889
7 0.065104 0.146759 0.043750 0.075000
2 0.079687 0.109722 0.021875 0.043519
5 0.153646 0.148611 0.115625 0.134259
2 0.939323 1.029630 0.076563 0.111111
2 0.646615 0.723148 0.061979 0.096296
2 0.333073 0.088426 0.039062 0.039815