2 0.658594 0.337500 0.054688 0.060185
2 0.320833 0.388889 0.042708 0.064815
7 0.280469 0.046759 0.050521 0.063889
2 0.289844 0.876852 0.060937 0.107407
2 0.226562 0.970370 0.072917 0.079630
1 0.705990 0.984722 0.028646 0.054630
2 0.115365 0.183796 0.038021 0.049074
2 0.680729 0.615278 0.063542 0.082407
2 0.695833 0.176389 0.041667 0.039815
7 0.814583 0.922685 0.188542 0.243519
2 0.778906 0.559722 0.064062 0.075000
2 0.867188 0.634259 0.075000 0.083333
2 0.970833 0.727778 0.082292 0.085185
7 0.486979 0.547222 0.068750 0.105556
5 1.093490 1.078241 0.296354 0.382407