2 1.035417 0.632870 0.073958 0.076852
2 0.196615 0.259259 0.038021 0.057407
7 0.465104 0.178241 0.061458 0.073148
2 0.288281 0.872685 0.060937 0.110185
2 0.225000 0.964815 0.072917 0.079630
1 0.590885 0.806019 0.024479 0.050926
2 0.017969 0.087037 0.035937 0.046296
2 0.322135 0.303241 0.046354 0.058333
2 0.698698 0.170370 0.041146 0.040741
2 0.221354 0.006019 0.033333 0.037963
7 0.543750 0.623611 0.135417 0.187963
2 0.779948 0.555093 0.064062 0.075000
2 0.867708 0.630556 0.075000 0.083333
2 0.971354 0.723148 0.082292 0.085185
7 0.315625 0.363889 0.061458 0.087037
5 0.685417 0.650926 0.237500 0.301852