2 0.115625 0.672222 0.068750 0.114815
2 0.355729 0.402778 0.056250 0.066667
2 0.517188 0.397685 0.061458 0.049074
2 0.680208 0.469907 0.068750 0.075000
2 0.778385 0.475000 0.053646 0.061111
2 0.861719 0.537500 0.054688 0.065741
2 0.816667 0.406019 0.051042 0.056481
7 0.659635 0.231481 0.094271 0.111111
2 0.513021 0.296296 0.042708 0.040741
2 0.680729 0.137037 0.038542 0.037037
2 0.621354 0.140741 0.042708 0.038889
2 0.569792 0.655093 0.063542 0.062037
7 0.422396 0.664352 0.086458 0.100926
2 0.178646 0.787963 0.069792 0.111111
2 0.272396 0.873611 0.063542 0.117593
2 0.079427 0.967593 0.074479 0.116667
7 1.037500 0.741667 0.214583 0.275926