1 1.008333 0.114815 0.018750 0.027778
2 0.839323 0.448148 0.072396 0.072222
1 0.180990 0.296759 0.016146 0.039815
2 0.607292 0.706481 0.068750 0.085185
2 0.424479 0.372685 0.048958 0.078704
2 0.278125 0.035648 0.038542 0.041667
2 1.013802 0.586111 0.067187 0.074074
2 0.266667 0.194444 0.044792 0.059259
2 0.214844 0.154167 0.043229 0.050926
7 0.209635 0.187963 0.061979 0.092593
7 0.189062 0.218056 0.078125 0.117593
7 0.109896 0.151389 0.089583 0.113889
2 0.772656 0.531481 0.064062 0.074074
2 0.859375 0.603704 0.075000 0.083333
2 0.833333 0.502778 0.072917 0.077778
2 0.962760 0.696296 0.083854 0.088889
7 0.044010 0.095833 0.049479 0.065741
5 0.074740 0.063889 0.127604 0.129630
2 0.463802 0.240278 0.023438 0.060185