2 0.874219 0.637963 0.069271 0.079630
7 0.275260 0.160648 0.088021 0.108333
2 0.777604 0.557407 0.070833 0.075926
2 0.195833 0.117130 0.034375 0.043519
2 0.965625 0.720833 0.069792 0.091667
7 0.800521 0.372685 0.116667 0.145370
7 0.993750 0.494907 0.141667 0.117593
2 0.393750 0.344444 0.051042 0.064815
2 0.364323 0.375000 0.049479 0.061111
5 0.234896 0.302778 0.142708 0.174074
2 0.275781 0.234259 0.047396 0.064815
7 0.105729 0.192130 0.055208 0.076852
2 0.105469 0.140278 0.034896 0.043519
5 0.194792 0.196296 0.121875 0.142593
1 0.259375 0.410648 0.015625 0.034259
2 0.275521 0.881019 0.061458 0.112037
2 0.530208 0.275000 0.051042 0.051852
2 0.203646 0.165278 0.020833 0.019444
2 0.179167 0.812500 0.070833 0.110185
2 0.037500 0.134259 0.036458 0.046296
7 1.068229 0.616204 0.203125 0.210185