7 0.884896 0.413426 0.123958 0.149074
5 0.096094 0.084259 0.113021 0.129630
2 0.458854 0.258796 0.020833 0.050926
5 0.154688 0.198611 0.130208 0.162037
2 0.969010 0.701389 0.067187 0.093519
2 0.533594 0.262963 0.038021 0.059259
2 0.782031 0.536111 0.071354 0.075926
1 0.172656 0.290278 0.014063 0.036111
2 0.311198 0.567593 0.059896 0.090741
2 0.792448 0.174074 0.045312 0.037037
7 0.128646 0.033333 0.071875 0.068519
2 0.239323 0.232407 0.044271 0.055556
2 0.255990 0.900926 0.061979 0.112963
2 0.269792 0.210185 0.044792 0.055556
7 0.007552 0.069444 0.015104 0.048148
2 0.880729 0.617593 0.070833 0.081481