2 0.872656 0.612037 0.071354 0.079630
7 0.266406 0.143519 0.088021 0.105556
2 0.774740 0.534259 0.070312 0.075926
2 0.184896 0.102315 0.034375 0.043519
2 0.967448 0.692593 0.075521 0.090741
7 1.025260 0.149074 0.101562 0.077778
2 0.269792 0.866204 0.061458 0.113889
2 0.175000 0.792130 0.070833 0.112037
2 0.622917 0.124074 0.042708 0.035185
7 0.214844 0.978241 0.068229 0.073148
7 0.286979 0.010648 0.077083 0.091667
2 0.692448 0.116667 0.035937 0.037037
2 0.455729 0.139815 0.043750 0.040741
2 0.255729 0.051852 0.032292 0.035185
2 0.379948 0.170370 0.043229 0.042593
2 0.813542 0.379630 0.060417 0.059259
2 0.715104 0.362963 0.056250 0.059259
2 0.922656 0.517593 0.063021 0.066667