1 0.420573 0.012963 0.019271 0.035185
2 0.692187 0.354167 0.060417 0.063889
2 0.003906 0.065278 0.011979 0.034259
7 0.994010 0.604167 0.013021 0.047222
1 0.248438 0.371296 0.017708 0.031481
7 0.783854 0.362500 0.076042 0.080556
2 0.832292 0.013426 0.029167 0.032407
2 0.887760 0.506019 0.059896 0.071296
2 0.343750 0.273148 0.046875 0.059259
2 0.255729 0.202315 0.041667 0.054630
7 0.364063 0.342593 0.067708 0.103704
7 0.281510 0.317130 0.080729 0.126852
7 0.146094 0.193056 0.090104 0.112037
2 0.776302 0.554167 0.064062 0.075000
2 0.864062 0.627778 0.075000 0.083333
2 0.689844 0.404630 0.065104 0.070370
2 0.966146 0.721296 0.082292 0.085185
7 0.055990 0.117130 0.049479 0.065741
5 0.147396 0.134259 0.129167 0.159259