2 0.086719 0.143981 0.034896 0.050926
7 0.716146 0.360648 0.081250 0.093519
2 0.288802 0.867130 0.060937 0.110185
2 0.220052 0.972685 0.073438 0.080556
1 0.444271 0.608796 0.021875 0.045370
7 0.395573 0.076852 0.049479 0.061111
2 0.060937 0.067130 0.036458 0.045370
2 0.761719 0.151852 0.040104 0.040741
2 0.453906 0.168519 0.040104 0.044444
2 0.734896 0.640278 0.064583 0.086111
7 0.875781 0.956944 0.140104 0.230556
7 0.347656 0.392130 0.111979 0.143519
2 0.780990 0.550463 0.064062 0.075000
2 0.869271 0.625000 0.075000 0.083333
2 0.184375 0.014352 0.041667 0.043519
2 0.971354 0.717593 0.082292 0.085185
7 0.169271 0.216204 0.052083 0.069444
5 0.398958 0.361111 0.171875 0.218519