2 0.127083 0.183333 0.037500 0.051852
7 0.604688 0.276389 0.071875 0.084259
2 0.288802 0.867130 0.060937 0.110185
2 0.225781 0.960648 0.073438 0.080556
1 0.507552 0.688889 0.022396 0.046296
7 0.301042 0.012037 0.046875 0.055556
2 0.157552 0.153241 0.040104 0.047222
2 0.717448 0.162037 0.040104 0.040741
2 0.351302 0.094444 0.038021 0.040741
2 1.019792 0.924537 0.082292 0.113889
7 0.422656 0.477315 0.119271 0.162037
2 0.780990 0.550463 0.064062 0.075000
2 0.869271 0.625000 0.075000 0.083333
2 0.971354 0.717593 0.082292 0.085185
7 0.222135 0.267593 0.054688 0.075926
5 0.503906 0.461574 0.191146 0.245370