2 0.840365 0.448611 0.072396 0.071296
1 0.180990 0.296759 0.016146 0.039815
2 0.499479 0.666667 0.065625 0.064815
2 0.370573 0.466667 0.059896 0.088889
2 0.345052 0.088426 0.038021 0.041667
2 0.266667 0.197222 0.044792 0.061111
2 0.214583 0.154167 0.042708 0.050926
7 0.209635 0.190278 0.061979 0.089815
7 0.188802 0.218981 0.077604 0.115741
7 0.109896 0.151389 0.089583 0.113889
2 0.772656 0.531481 0.064062 0.074074
2 0.859375 0.603704 0.075000 0.083333
2 0.833333 0.503704 0.072917 0.077778
2 0.963281 0.696296 0.083854 0.088889
7 0.043490 0.097685 0.049479 0.065741
5 0.070833 0.065278 0.123958 0.132407
7 0.229687 0.006019 0.034375 0.015741
2 0.453906 0.314352 0.033854 0.062037