2 0.858594 0.589352 0.070312 0.078704
7 0.285677 0.151852 0.088021 0.105556
2 0.727865 0.485185 0.068229 0.070370
2 0.182292 0.094907 0.034375 0.043519
2 0.967448 0.683333 0.075521 0.090741
2 0.265625 0.860648 0.061458 0.113889
2 0.175260 0.776389 0.070312 0.112037
2 0.622396 0.115741 0.042708 0.035185
7 0.207552 0.972222 0.072396 0.074074
2 0.682552 0.110185 0.035937 0.037037
2 0.770312 0.153704 0.041667 0.040741
2 0.185938 -0.005093 0.036458 0.036111
2 0.250521 0.046759 0.035417 0.036111
2 0.849740 0.403704 0.050521 0.055556
2 0.844271 0.499537 0.057292 0.065741