2 0.840365 0.449074 0.072396 0.072222
1 0.180990 0.295833 0.016146 0.039815
2 0.442708 0.675926 0.066667 0.072222
2 0.331771 0.524537 0.063542 0.093519
2 0.379427 0.118981 0.036979 0.045370
2 0.266667 0.196296 0.044792 0.061111
2 0.214583 0.153241 0.042708 0.050926
7 0.209635 0.190278 0.061979 0.089815
7 0.188802 0.217593 0.077604 0.116667
7 0.109896 0.149537 0.089583 0.113889
2 0.772656 0.531481 0.064062 0.074074
2 0.859375 0.602778 0.075000 0.083333
2 0.833854 0.501852 0.072917 0.077778
2 0.963281 0.692593 0.083854 0.088889
7 0.044010 0.097685 0.049479 0.065741
5 0.064844 0.063889 0.128646 0.125926
7 0.253125 0.017130 0.057292 0.037963
2 0.437240 0.358333 0.040104 0.066667