2 0.874740 0.633796 0.068229 0.082407
7 0.274740 0.157870 0.088021 0.108333
2 0.777344 0.554630 0.071354 0.075926
2 0.195312 0.115278 0.034375 0.043519
2 0.965625 0.717130 0.069792 0.091667
7 0.779427 0.353704 0.115104 0.140741
7 0.967448 0.472685 0.141146 0.117593
2 0.453125 0.392593 0.053125 0.066667
2 0.414583 0.420833 0.052083 0.062037
5 0.265365 0.328704 0.147396 0.179630
2 0.309115 0.262037 0.048438 0.066667
7 0.128385 0.210648 0.055729 0.078704
2 0.120052 0.151389 0.034896 0.045370
5 0.220052 0.214352 0.126562 0.145370
1 0.282292 0.435648 0.015625 0.034259
2 0.275000 0.878704 0.061458 0.112963
2 0.456250 0.210185 0.046875 0.048148
2 0.230729 0.182870 0.020833 0.019444
2 0.178125 0.809722 0.070833 0.110185
2 0.050521 0.145833 0.036458 0.047222
7 1.038021 0.589352 0.202083 0.208333