7 0.897396 0.426389 0.127083 0.152778
5 0.035937 0.045370 0.072917 0.092593
2 0.328906 0.539815 0.050521 0.075926
5 0.155729 0.201389 0.130208 0.160185
2 0.609635 0.187037 0.040104 0.046296
2 0.782552 0.540741 0.070312 0.075926
1 0.172656 0.293056 0.014063 0.036111
2 0.171875 0.804630 0.072917 0.116667
2 0.543229 0.376852 0.052083 0.064815
2 0.240365 0.237963 0.044271 0.055556
1 0.453906 0.011574 0.017188 0.026852
2 0.269271 0.212963 0.044792 0.055556
1 0.666146 0.888426 0.027083 0.050926
2 0.891146 0.631019 0.071875 0.082407