2 0.851823 0.455093 0.072396 0.075000
1 0.181510 0.295833 0.016146 0.039815
2 0.269792 0.848611 0.064583 0.121296
2 0.190625 0.748611 0.080208 0.126852
2 0.443490 0.244907 0.022396 0.056481
2 0.266667 0.194444 0.044792 0.061111
2 0.214062 0.150463 0.042708 0.050926
7 0.209635 0.187500 0.061979 0.089815
7 0.189062 0.216667 0.078125 0.116667
7 0.109375 0.147685 0.089583 0.112037
2 0.772656 0.526852 0.064062 0.074074
2 0.859896 0.598148 0.075000 0.083333
2 0.833854 0.500000 0.072917 0.077778
2 0.960677 0.690741 0.079687 0.088889
7 0.043490 0.095833 0.049479 0.065741
5 0.053906 0.053704 0.110937 0.111111
7 0.367969 0.078704 0.060937 0.083333
2 0.336979 0.526852 0.053125 0.079630