2 0.841406 0.445370 0.072396 0.072222
1 0.181510 0.295833 0.016146 0.039815
2 0.381510 0.705093 0.067187 0.089815
2 0.284375 0.598148 0.066667 0.103704
2 0.411198 0.152778 0.035937 0.050000
2 0.266667 0.194444 0.044792 0.061111
2 0.214062 0.151389 0.042708 0.050926
7 0.209635 0.187500 0.061979 0.089815
7 0.189323 0.216667 0.077604 0.116667
7 0.109896 0.149537 0.089583 0.113889
2 0.772656 0.527778 0.064062 0.074074
2 0.860417 0.600000 0.075000 0.083333
2 0.834375 0.500000 0.072917 0.077778
2 0.963802 0.692593 0.083854 0.088889
7 0.043490 0.095833 0.049479 0.065741
5 0.058333 0.057870 0.127083 0.125000
7 0.291667 0.030556 0.059375 0.062963
2 0.412240 0.411574 0.044271 0.069444