2 1.035417 0.632870 0.073958 0.076852
2 0.165885 0.226389 0.036979 0.054630
7 0.524219 0.220833 0.065104 0.076852
2 0.288281 0.869907 0.060937 0.110185
2 0.225000 0.962963 0.072917 0.079630
1 0.554948 0.747685 0.024479 0.047222
2 -0.010156 0.056019 0.034896 0.045370
2 0.245833 0.234259 0.042708 0.053704
2 0.702604 0.168056 0.041667 0.039815
2 0.275260 0.043519 0.036979 0.038889
7 0.486198 0.553241 0.126562 0.175000
2 0.780990 0.554167 0.064062 0.075000
2 0.868229 0.627778 0.075000 0.083333
2 0.972396 0.718519 0.082292 0.085185
7 0.272917 0.319907 0.058333 0.082407
5 0.599219 0.559722 0.215104 0.271296