2 0.704167 0.815741 0.070833 0.098148
2 0.509896 0.641204 0.069792 0.062037
2 0.174479 0.789815 0.069792 0.111111
2 0.089323 0.943056 0.073438 0.115741
2 0.055208 0.768056 0.082292 0.132407
2 0.245312 0.482870 0.068750 0.093519
7 0.874740 0.605556 0.250521 0.279630
2 0.777083 0.467130 0.053125 0.039815
2 0.816927 0.409722 0.049479 0.054630
2 0.619531 0.147685 0.045312 0.036111
2 0.679688 0.140278 0.035417 0.037963
2 0.776563 0.187500 0.037500 0.037963
7 0.946354 0.159722 0.098958 0.086111
7 0.209635 0.975000 0.066146 0.051852