2 0.868750 0.620370 0.071875 0.079630
7 0.266406 0.150926 0.088021 0.105556
2 0.771875 0.542130 0.068750 0.075000
2 0.186458 0.108796 0.034375 0.043519
2 0.962760 0.702778 0.075521 0.090741
7 0.755208 0.169907 0.075000 0.113889
2 0.947917 0.931019 0.069792 0.099074
2 0.268750 0.872685 0.061458 0.113889
2 0.171354 0.804167 0.070833 0.112037
2 0.844271 0.928241 0.073958 0.102778
7 0.202604 -0.005556 0.101042 0.118519
2 0.050000 0.846296 0.078125 0.137037
2 0.623958 0.129167 0.042708 0.034259
7 0.213542 0.984259 0.067708 0.072222
2 0.375521 0.376852 0.053125 0.070370
7 0.655469 0.266204 0.113021 0.121296
2 0.476302 0.223148 0.046354 0.046296
2 0.818490 0.107407 0.034896 0.033333
2 0.723698 0.428241 0.048438 0.056481
2 0.912760 0.469444 0.067187 0.066667