7 0.906771 0.433333 0.127083 0.153704
5 0.025000 0.036574 0.052083 0.075000
2 0.284635 0.610185 0.053646 0.081481
5 0.156250 0.202315 0.130208 0.160185
2 0.628125 0.176389 0.040625 0.045370
2 0.782552 0.541667 0.070312 0.075926
1 0.171615 0.292130 0.014063 0.036111
2 0.147917 0.847685 0.076042 0.125000
2 0.488802 0.437500 0.054688 0.071296
2 0.240885 0.238889 0.044271 0.055556
1 0.480469 0.024537 0.017188 0.026852
2 0.268750 0.212963 0.044792 0.055556
1 0.638802 0.853241 0.025521 0.050926
2 0.902344 0.640741 0.072396 0.083333