2 0.092448 0.150463 0.034896 0.050926
7 0.695312 0.344907 0.080208 0.093519
2 0.288802 0.867130 0.060937 0.110185
2 0.221615 0.968519 0.073438 0.079630
1 0.454427 0.623148 0.023438 0.046296
7 0.378125 0.065278 0.048958 0.058333
2 0.076823 0.081019 0.038021 0.047222
2 0.751823 0.154630 0.040104 0.040741
2 0.434896 0.155093 0.039583 0.043519
2 0.779948 0.686111 0.070312 0.092593
7 0.930729 1.014352 0.142708 0.232407
7 0.360938 0.406944 0.112500 0.145370
2 0.780990 0.550463 0.064062 0.075000
2 0.869271 0.625000 0.075000 0.083333
2 0.163021 -0.001389 0.041667 0.043519
2 0.971354 0.717593 0.082292 0.085185
7 0.177604 0.224074 0.053125 0.072222
5 0.417187 0.378704 0.176042 0.224074