2 0.873177 0.611111 0.071354 0.079630
7 0.265885 0.144444 0.088021 0.105556
2 0.775000 0.534722 0.069792 0.075000
2 0.185417 0.103241 0.034375 0.043519
2 0.967448 0.692593 0.075521 0.090741
2 0.270313 0.867130 0.061458 0.113889
2 0.176563 0.790278 0.070833 0.112037
2 0.622396 0.123148 0.042708 0.035185
7 0.214844 0.979167 0.068229 0.073148
2 0.684115 0.118519 0.035937 0.037037
2 0.314323 0.050000 0.040104 0.033333
2 0.188802 0.034259 0.035937 0.035185
2 0.731771 0.266204 0.037500 0.056481
2 0.456771 0.183796 0.044792 0.047222
2 0.577083 0.266667 0.045833 0.048148
2 0.992448 0.515278 0.056771 0.062037