1 0.470573 0.030556 0.019271 0.035185
2 0.755469 0.403241 0.065104 0.065741
2 0.004687 0.068519 0.009375 0.027778
7 0.996354 0.611574 0.007292 0.041667
1 0.225000 0.347685 0.017708 0.032407
7 0.830469 0.401389 0.078646 0.082407
2 0.928385 0.539815 0.064062 0.072222
2 0.300260 0.237037 0.045312 0.055556
2 0.233333 0.183796 0.041667 0.054630
7 0.305729 0.287037 0.066667 0.096296
7 0.245052 0.285185 0.078646 0.122222
7 0.129167 0.180093 0.088542 0.113889
2 0.775260 0.554167 0.064062 0.075000
2 0.863021 0.627778 0.075000 0.083333
2 0.760156 0.460648 0.067187 0.073148
2 0.966146 0.721296 0.082292 0.085185
7 0.055469 0.118056 0.049479 0.065741
5 0.130990 0.121759 0.127604 0.154630