2 0.872396 0.621759 0.069792 0.080556
7 0.269531 0.150000 0.088021 0.107407
2 0.774479 0.543519 0.069792 0.074074
2 0.189583 0.106944 0.034375 0.043519
2 0.964844 0.704630 0.071354 0.090741
7 0.484896 0.139815 0.087500 0.107407
7 0.767969 0.327315 0.115104 0.145370
5 0.684115 0.770370 0.232813 0.331481
7 0.062240 0.805093 0.092188 0.178704
2 0.370573 0.375463 0.044271 0.060185
5 0.533854 0.496759 0.179167 0.226852
1 0.597917 0.800000 0.016667 0.042593
2 0.270833 0.870833 0.061458 0.113889
2 0.758854 0.660648 0.066667 0.087963
2 0.173437 0.802778 0.070833 0.111111
2 0.302604 0.376852 0.044792 0.061111
7 0.608073 0.269907 0.146354 0.162037
2 0.303646 0.120833 0.042708 0.041667
2 0.174479 0.261574 0.047917 0.058333
2 0.709115 0.115278 0.044271 0.034259
7 0.216667 0.982407 0.066667 0.072222
2 0.073698 0.115278 0.042188 0.050926
7 0.982812 0.492130 0.158333 0.154630
2 0.721094 0.425463 0.055729 0.065741