1 0.510156 0.050926 0.019271 0.035185
2 0.799740 0.437500 0.067187 0.071296
2 0.003385 0.068981 0.009896 0.028704
7 0.996354 0.611574 0.007292 0.041667
1 0.209375 0.335648 0.017708 0.034259
7 0.867188 0.430093 0.083333 0.086111
2 0.939844 0.548148 0.064062 0.072222
2 0.278906 0.221759 0.045312 0.058333
2 0.225000 0.177315 0.041667 0.050926
7 0.259896 0.246759 0.062500 0.087963
7 0.217448 0.258796 0.076563 0.119444
7 0.120833 0.174074 0.088542 0.112963
2 0.774740 0.553241 0.064062 0.075000
2 0.863021 0.626852 0.075000 0.083333
2 0.805729 0.500000 0.072917 0.075926
2 0.965625 0.718519 0.082292 0.085185
7 0.054948 0.118056 0.049479 0.065741
5 0.121094 0.113426 0.127604 0.154630