2 0.875521 0.624537 0.069792 0.082407
7 0.273177 0.150463 0.088021 0.108333
2 0.777604 0.545370 0.070833 0.074074
2 0.192708 0.109722 0.034375 0.043519
2 0.966667 0.706944 0.069792 0.091667
7 0.691927 0.279630 0.106771 0.129630
7 0.898958 0.406944 0.129167 0.102778
2 0.730729 0.633333 0.068750 0.088889
2 0.648958 0.637037 0.064583 0.088889
5 0.383854 0.437963 0.165625 0.216667
2 0.439063 0.370370 0.056250 0.077778
7 0.210156 0.288889 0.053646 0.090741
2 0.190625 0.209259 0.036458 0.048148
5 0.291146 0.270370 0.139583 0.159259
1 0.369531 0.525000 0.016146 0.037037
2 0.273438 0.870833 0.061458 0.113889
2 0.247396 0.044444 0.038542 0.037037
2 0.335677 0.265741 0.036979 0.037037
2 0.176042 0.802778 0.070833 0.111111
2 0.111458 0.195370 0.038542 0.050000
7 0.909375 0.484259 0.197917 0.205556
2 0.862240 0.533796 0.069271 0.076852
2 0.001563 0.097222 0.042708 0.051852
2 0.977604 0.138426 0.046875 0.030556