7 0.883333 0.418981 0.123958 0.149074
5 0.129427 0.119444 0.115104 0.133333
2 0.387760 0.097222 0.032813 0.038889
5 0.153646 0.203241 0.130208 0.162037
2 0.967708 0.707870 0.067708 0.093519
2 0.502344 0.350926 0.030729 0.070370
2 0.780990 0.543519 0.071354 0.075926
1 0.173698 0.299537 0.014063 0.036111
2 0.422656 0.370833 0.040104 0.067593
2 1.017969 0.181944 0.053646 0.043519
7 0.228646 0.105093 0.083333 0.099074
2 0.239323 0.238889 0.044271 0.055556
2 0.428385 0.643056 0.057813 0.071296
2 0.269792 0.216667 0.044792 0.055556
7 0.047917 0.115741 0.052083 0.074074
2 0.878646 0.624074 0.070833 0.081481
2 0.034896 0.056944 0.034375 0.041667
7 0.997656 0.515741 0.039062 0.105556