7 0.884896 0.414352 0.123958 0.149074
5 0.075521 0.068519 0.111458 0.125926
2 0.440104 0.342593 0.035417 0.061111
5 0.155208 0.199537 0.130208 0.162037
2 0.969792 0.705093 0.062500 0.093519
2 0.554948 0.234722 0.039062 0.054630
2 0.782031 0.537963 0.071354 0.075926
1 0.173177 0.291204 0.014063 0.036111
2 0.256771 0.656944 0.063542 0.099074
2 0.711198 0.223611 0.045312 0.047222
7 0.079427 0.013426 0.057813 0.028704
2 0.240365 0.234259 0.044271 0.055556
2 0.269271 0.211111 0.044792 0.055556
2 0.880729 0.619444 0.070833 0.081481