2 0.046875 0.796296 0.081250 0.133333
2 0.294792 0.446296 0.057292 0.075926
2 0.460417 0.395370 0.063542 0.048148
2 0.621354 0.430556 0.068750 0.072222
2 0.778385 0.476852 0.053646 0.061111
2 0.861979 0.537500 0.055208 0.065741
2 0.817708 0.406019 0.048958 0.056481
7 0.694010 0.208796 0.088021 0.110185
2 0.562500 0.292130 0.044792 0.039815
2 0.680729 0.137963 0.038542 0.037037
2 0.621354 0.141667 0.042708 0.038889
2 0.636458 0.682870 0.066667 0.073148
7 0.484375 0.642130 0.083333 0.086111
2 0.178125 0.788889 0.069792 0.111111
2 0.318229 0.779167 0.061458 0.102778
2 0.089583 0.950000 0.073958 0.114815
7 0.984896 0.700926 0.213542 0.274074