2 0.873177 0.611111 0.071354 0.079630
7 0.265885 0.144444 0.088021 0.105556
2 0.775000 0.534722 0.069792 0.075000
2 0.185417 0.103241 0.034375 0.043519
2 0.967448 0.692593 0.075521 0.090741
2 0.270313 0.867130 0.061458 0.113889
2 0.176563 0.789352 0.070833 0.112037
2 0.622396 0.123148 0.042708 0.035185
7 0.214844 0.979167 0.068229 0.073148
2 0.683594 0.118519 0.035937 0.037037
2 0.302344 0.041667 0.040104 0.033333
2 0.173958 0.023148 0.035417 0.035185
2 0.729427 0.257870 0.033854 0.056481
2 0.437760 0.169907 0.043229 0.047222
2 0.552083 0.249074 0.045833 0.048148
2 0.979427 0.505093 0.056771 0.062037
2 1.024740 0.650000 0.063021 0.074074