2 0.778646 0.427315 0.059375 0.063889
2 0.270313 0.336574 0.040625 0.062037
7 0.345573 0.094907 0.053646 0.065741
2 0.289323 0.875000 0.060937 0.107407
2 0.226042 0.967593 0.072917 0.079630
1 0.664844 0.917593 0.026562 0.053704
2 0.078646 0.147685 0.036458 0.049074
2 0.529427 0.484259 0.053646 0.068519
2 0.695833 0.174537 0.041667 0.039815
7 0.705469 0.807407 0.166146 0.229630
2 0.778906 0.559722 0.064062 0.075000
2 0.867188 0.633333 0.075000 0.083333
2 0.970833 0.726852 0.082292 0.085185
7 0.417708 0.472222 0.064583 0.098148
5 0.925521 0.901389 0.291667 0.371296