2 0.670312 0.442130 0.063542 0.067593
2 0.825000 0.562037 0.067708 0.075926
2 0.810156 0.472685 0.055729 0.063889
2 0.825781 0.384259 0.049479 0.057407
2 0.964844 0.678241 0.086979 0.091667
2 0.815885 0.135648 0.046354 0.037963
2 0.622135 0.113426 0.044271 0.039815
2 0.683073 0.107870 0.034896 0.037963
2 0.151302 0.002315 0.013021 0.004630
7 0.310937 0.169444 0.088542 0.111111
2 0.188021 0.100463 0.035417 0.039815
2 0.175521 0.770370 0.069792 0.112963
2 0.264844 0.856019 0.063021 0.112037
7 0.198698 0.985648 0.086979 0.104630