2 0.868750 0.616204 0.070833 0.080556
7 0.265885 0.147222 0.088021 0.105556
2 0.771354 0.539352 0.068750 0.075000
2 0.184896 0.106019 0.034375 0.043519
2 0.962760 0.697222 0.075521 0.090741
7 0.860677 0.132407 0.093229 0.075926
2 0.267708 0.869907 0.061458 0.113889
2 0.170833 0.800463 0.070833 0.112037
2 0.623437 0.126852 0.042708 0.035185
7 0.212760 0.981019 0.068229 0.073148
2 0.639062 0.618981 0.068750 0.091667
7 0.486198 0.147222 0.094271 0.105556
2 0.150781 0.007870 0.036979 0.037963
2 0.726302 0.111574 0.035937 0.036111
2 0.373177 0.170833 0.036979 0.039815
2 0.674219 0.293981 0.052604 0.049074
2 0.597917 0.296296 0.043750 0.046296
2 0.743750 0.437500 0.059375 0.062037