2 0.871615 0.619907 0.070312 0.080556
7 0.268490 0.149074 0.088021 0.107407
2 0.773438 0.541204 0.070833 0.076852
2 0.187500 0.106019 0.034375 0.043519
2 0.964323 0.701852 0.072396 0.090741
7 0.377083 0.069907 0.080208 0.099074
7 0.727604 0.269444 0.083333 0.146296
5 0.838281 0.967130 0.269271 0.402778
2 0.509115 0.506481 0.047396 0.066667
5 0.694792 0.650000 0.216667 0.268519
1 0.727083 0.990278 0.023958 0.045370
2 0.268750 0.870833 0.061458 0.113889
2 0.171354 0.801852 0.070833 0.111111
2 0.432812 0.511111 0.051042 0.070370
7 0.467969 0.172685 0.127604 0.143519
2 0.221875 0.372685 0.031250 0.078704
2 0.647656 0.122685 0.044271 0.036111
7 0.214583 0.981481 0.066667 0.072222
2 0.159375 0.186111 0.044792 0.055556
7 0.886458 0.422222 0.146875 0.148148
2 0.449219 0.228704 0.042188 0.048148