2 1.035417 0.632870 0.073958 0.076852
2 0.195052 0.257407 0.038021 0.057407
7 0.467708 0.180093 0.061458 0.073148
2 0.288281 0.872685 0.060937 0.110185
2 0.225000 0.964815 0.072917 0.079630
1 0.589844 0.803241 0.024479 0.050926
2 0.016406 0.085185 0.035937 0.046296
2 0.318490 0.299537 0.046354 0.058333
2 0.699219 0.170370 0.042188 0.040741
2 0.224479 0.008796 0.033333 0.037963
7 0.541146 0.620833 0.135417 0.187963
2 0.779948 0.555093 0.064062 0.075000
2 0.867188 0.629630 0.075000 0.083333
2 0.971354 0.722222 0.082292 0.085185
7 0.313542 0.362037 0.061458 0.087037
5 0.680208 0.645370 0.237500 0.301852