2 0.842448 0.445833 0.072396 0.073148
1 0.181510 0.295833 0.016146 0.039815
2 0.337240 0.743981 0.067187 0.099074
2 0.250260 0.650000 0.074479 0.112963
2 0.428906 0.184722 0.028646 0.047222
2 0.266667 0.194444 0.044792 0.061111
2 0.214062 0.151389 0.042708 0.050926
7 0.209635 0.187500 0.061979 0.089815
7 0.189323 0.217130 0.077604 0.115741
7 0.109896 0.149537 0.089583 0.113889
2 0.772656 0.527778 0.064062 0.074074
2 0.860417 0.600000 0.075000 0.083333
2 0.835417 0.500000 0.072917 0.077778
2 0.963802 0.691667 0.083854 0.088889
7 0.043490 0.095833 0.049479 0.065741
5 0.054688 0.054167 0.127083 0.125000
7 0.320833 0.042130 0.060417 0.080556
2 0.387500 0.453241 0.048958 0.073148