2 1.035417 0.632870 0.073958 0.076852
2 0.184635 0.247222 0.036979 0.057407
7 0.486719 0.193519 0.063021 0.074074
2 0.288281 0.869907 0.060937 0.110185
2 0.225000 0.963889 0.072917 0.079630
1 0.578906 0.782870 0.024479 0.052778
2 0.005990 0.074537 0.034896 0.045370
2 0.290885 0.275926 0.044271 0.055556
2 0.700000 0.168981 0.042708 0.039815
2 0.240104 0.019907 0.035417 0.037963
7 0.520573 0.596759 0.133854 0.186111
2 0.780469 0.555093 0.064062 0.075000
2 0.867708 0.629630 0.075000 0.083333
2 0.972396 0.719444 0.082292 0.085185
7 0.297917 0.347222 0.058333 0.083333
5 0.650000 0.612037 0.231250 0.290741