2 0.476302 0.187963 0.049479 0.051852
2 0.015625 0.080556 0.041667 0.046296
7 0.955729 0.551852 0.097917 0.109259
2 0.242708 0.953241 0.063542 0.117593
1 0.325000 0.457870 0.016667 0.041667
7 0.625000 0.240741 0.064583 0.074074
2 0.857812 0.091204 0.020833 0.050926
2 0.702344 0.354167 0.052604 0.060185
2 0.517969 0.428704 0.053646 0.074074
2 0.383073 0.306944 0.047396 0.063889
7 0.640365 0.615741 0.089063 0.137037
7 0.447135 0.482407 0.090104 0.153704
7 0.213021 0.256481 0.098958 0.114815
2 0.778906 0.549537 0.064062 0.075000
2 0.867188 0.623148 0.075000 0.083333
2 0.466927 0.227778 0.054688 0.059259
2 0.969792 0.718519 0.082292 0.085185
7 0.085417 0.139352 0.050000 0.065741
5 0.228646 0.202315 0.143750 0.175000