2 0.844010 0.577315 0.069271 0.078704
7 0.297135 0.160185 0.088021 0.105556
2 0.700521 0.463889 0.066667 0.068519
2 0.183333 0.094907 0.034375 0.043519
2 0.966406 0.681481 0.075521 0.090741
2 0.264583 0.859722 0.061458 0.113889
2 0.175260 0.773611 0.070312 0.112037
2 0.622396 0.112963 0.042708 0.035185
7 0.207031 0.971296 0.072396 0.074074
2 0.682552 0.109259 0.035937 0.037037
2 0.790625 0.143519 0.044792 0.040741
2 0.198958 0.016204 0.035417 0.036111
2 0.834896 0.392593 0.050000 0.055556
2 0.825260 0.484722 0.056771 0.063889