7 0.896354 0.898611 0.105208 0.152778
2 0.602865 0.721296 0.067187 0.087037
2 0.405729 0.675000 0.066667 0.085185
2 0.175000 0.788889 0.069792 0.111111
2 0.089323 0.943056 0.073438 0.115741
2 0.165365 0.599074 0.072396 0.101852
2 0.334896 0.410185 0.067708 0.074074
7 0.878385 0.611574 0.243229 0.284259
2 0.777344 0.468981 0.053646 0.043519
2 0.816927 0.409722 0.049479 0.054630
2 0.619531 0.143981 0.045312 0.036111
2 0.679688 0.138426 0.035417 0.037963
2 0.726042 0.207870 0.037500 0.039815
7 0.874219 0.150000 0.093229 0.077778