1 0.483073 0.037963 0.019271 0.035185
2 0.770312 0.414815 0.065625 0.068519
2 0.004687 0.068519 0.009375 0.027778
7 0.996354 0.611574 0.007292 0.041667
1 0.220833 0.344907 0.017708 0.034259
7 0.842448 0.411111 0.080729 0.085185
2 0.934635 0.545370 0.064062 0.072222
2 0.292448 0.231944 0.045312 0.056481
2 0.230729 0.182870 0.041667 0.054630
7 0.290625 0.272685 0.064583 0.093519
7 0.234635 0.276852 0.077604 0.122222
7 0.125000 0.177778 0.088542 0.112963
2 0.775260 0.554167 0.064062 0.075000
2 0.863021 0.626852 0.075000 0.083333
2 0.774219 0.475463 0.069271 0.073148
2 0.966146 0.721296 0.082292 0.085185
7 0.055469 0.118056 0.049479 0.065741
5 0.127344 0.120833 0.127604 0.154630