2 0.873437 0.623611 0.069792 0.080556
7 0.271094 0.150000 0.088021 0.107407
2 0.775260 0.543981 0.070312 0.073148
2 0.191146 0.108796 0.034375 0.043519
2 0.965365 0.706481 0.070312 0.090741
7 0.558333 0.190278 0.095833 0.119444
7 0.809896 0.366204 0.116667 0.141667
5 0.572917 0.643056 0.200000 0.280556
2 0.781771 0.674537 0.073958 0.104630
7 0.197917 0.539352 0.059375 0.134259
2 0.291667 0.303704 0.040625 0.053704
5 0.428646 0.404167 0.159375 0.204630
1 0.512500 0.694907 0.022917 0.052778
2 0.271875 0.871759 0.061458 0.113889
2 0.567448 0.484722 0.052604 0.069444
2 0.174479 0.803704 0.070833 0.111111
2 0.217448 0.295833 0.042188 0.056481
7 0.721875 0.349537 0.164583 0.178704
2 0.465104 0.236111 0.047917 0.053704
2 0.111979 0.201389 0.045833 0.054630
2 0.783854 0.112037 0.043750 0.033333
7 0.217969 0.983333 0.064062 0.072222
2 0.012240 0.066204 0.040104 0.047222
7 1.062500 0.550463 0.160417 0.156481
2 0.987760 0.636111 0.068229 0.079630