2 0.147917 0.634722 0.063542 0.106481
2 0.318229 0.448148 0.067708 0.066667
2 0.483073 0.379167 0.063021 0.056481
2 0.778125 0.476852 0.054167 0.061111
2 0.861979 0.515278 0.034375 0.015741
2 0.817187 0.407407 0.048958 0.057407
7 0.775521 0.166667 0.088542 0.096296
2 0.653906 0.250463 0.041146 0.043519
2 0.680729 0.138889 0.038542 0.037037
2 0.621354 0.142593 0.042708 0.038889
2 0.831510 0.826389 0.072396 0.095370
7 0.658073 0.685185 0.086979 0.109259
2 0.176823 0.790278 0.070312 0.110185
2 0.447396 0.660648 0.064583 0.069444
2 0.090885 0.944444 0.074479 0.114815
7 0.904948 0.640741 0.206771 0.272222
2 0.279427 0.861574 0.067187 0.123148