2 0.119010 0.667593 0.068229 0.112963
2 0.358594 0.401389 0.056771 0.065741
2 0.520573 0.397685 0.063021 0.049074
2 0.683333 0.471759 0.067708 0.075000
2 0.778385 0.475000 0.053646 0.061111
2 0.861719 0.537500 0.054688 0.065741
2 0.816667 0.406019 0.051042 0.056481
7 0.658073 0.232407 0.094271 0.111111
2 0.510938 0.296296 0.042708 0.040741
2 0.680729 0.137037 0.038542 0.037037
2 0.621354 0.140741 0.042708 0.038889
2 0.566667 0.654167 0.063542 0.062037
7 0.420312 0.665741 0.086458 0.101852
2 0.178646 0.787963 0.069792 0.111111
2 0.270052 0.878241 0.063021 0.117593
2 0.078906 0.968519 0.074479 0.116667
7 1.040104 0.743519 0.214583 0.275926