2 0.879167 0.633333 0.070833 0.081481
7 0.277344 0.153241 0.088021 0.108333
2 0.781250 0.552315 0.070833 0.075000
2 0.198437 0.111574 0.034375 0.043519
2 0.970313 0.716204 0.067708 0.091667
7 0.883073 0.426852 0.123438 0.153704
7 1.035937 0.521759 0.141667 0.117593
2 0.267969 0.229630 0.045312 0.057407
2 0.242708 0.256481 0.045833 0.057407
5 0.152604 0.218519 0.130208 0.161111
2 0.207031 0.165741 0.041146 0.055556
7 0.063281 0.149537 0.044271 0.075000
2 0.085417 0.124074 0.017708 0.042593
5 0.156510 0.153241 0.116146 0.134259
1 0.180990 0.322222 0.014063 0.033333
2 0.275000 0.873611 0.062500 0.112037
2 0.809635 0.492593 0.070312 0.072222
2 0.137500 0.103241 0.022917 0.019444
2 0.179167 0.804167 0.070833 0.110185
2 -0.000260 0.093981 0.035937 0.045370