2 0.872396 0.612963 0.070833 0.079630
7 0.265885 0.144444 0.088021 0.105556
2 0.773698 0.536111 0.070312 0.075926
2 0.185417 0.102315 0.034375 0.043519
2 0.966927 0.691667 0.075521 0.090741
7 0.958594 0.137037 0.101562 0.079630
2 0.269271 0.867130 0.061458 0.113889
2 0.174479 0.793056 0.070833 0.112037
2 0.622917 0.125926 0.042708 0.035185
7 0.214323 0.979167 0.068229 0.073148
2 0.936979 0.903241 0.092708 0.123148
7 0.358854 0.057870 0.084375 0.095370
2 0.699740 0.115741 0.035937 0.037037
2 0.183854 0.031944 0.032292 0.034259
2 0.530208 0.190741 0.047917 0.044444
2 0.365625 0.128241 0.036458 0.037963
2 0.495833 0.253704 0.047917 0.048148
2 0.896615 0.445370 0.066146 0.062963
2 0.880208 0.486111 0.064583 0.068519