1 0.658854 0.097685 0.018750 0.032407
2 0.838542 0.454630 0.069792 0.072222
2 0.001302 0.056944 0.003646 0.013889
1 0.186719 0.307870 0.016146 0.039815
7 0.985156 0.516204 0.032813 0.060185
2 0.942448 0.538426 0.064062 0.071296
2 0.271615 0.205093 0.045312 0.060185
2 0.220052 0.161574 0.042188 0.049074
7 0.217188 0.200000 0.062500 0.090741
7 0.195312 0.227778 0.077083 0.116667
7 0.115625 0.160185 0.088542 0.112963
2 0.776302 0.542130 0.064062 0.075000
2 0.864583 0.615741 0.075000 0.083333
2 0.838021 0.512963 0.072917 0.075926
2 0.968750 0.709259 0.083333 0.088889
7 0.050260 0.105093 0.049479 0.065741
5 0.108594 0.092593 0.128646 0.151852