2 0.375000 0.112500 0.045833 0.049074
2 0.041927 0.104630 0.034896 0.050000
7 0.883854 0.493519 0.093750 0.105556
2 0.273958 0.891667 0.062500 0.112963
1 0.360677 0.506481 0.019271 0.040741
7 0.542448 0.183333 0.057813 0.070370
2 0.836979 0.123148 0.033333 0.044444
2 0.607812 0.283796 0.046875 0.052778
2 0.656250 0.560648 0.063542 0.086111
2 0.467448 0.385185 0.050521 0.066667
7 0.841927 0.828241 0.110937 0.163889
7 0.555729 0.601852 0.098958 0.170370
7 0.250521 0.294444 0.101042 0.122222
2 0.779427 0.549537 0.064062 0.075000
2 0.867188 0.623148 0.075000 0.083333
2 0.362240 0.150463 0.047396 0.049074
2 0.970313 0.717593 0.082292 0.085185
7 0.109896 0.162037 0.048958 0.064815
5 0.274740 0.243519 0.151562 0.187037