2 0.874479 0.623611 0.070833 0.080556
7 0.271615 0.150000 0.088021 0.107407
2 0.776823 0.544444 0.070312 0.074074
2 0.191667 0.108796 0.034375 0.043519
2 0.965625 0.706944 0.069792 0.091667
7 0.619531 0.231944 0.101562 0.123148
7 0.849740 0.387963 0.118229 0.124074
2 0.880729 0.867130 0.078125 0.108333
5 0.478646 0.539815 0.179167 0.248148
2 0.585938 0.498611 0.063542 0.086111
7 0.235156 0.389815 0.033854 0.112963
2 0.241667 0.257407 0.038542 0.051852
5 0.351302 0.331481 0.148438 0.187037
1 0.439583 0.611574 0.022917 0.049074
2 0.272396 0.871759 0.061458 0.113889
2 0.442188 0.368519 0.042708 0.062963
2 0.175000 0.802778 0.070833 0.111111
2 0.160677 0.243519 0.040104 0.053704
7 0.812240 0.414815 0.180729 0.192593
2 0.627604 0.355556 0.054167 0.062963
2 0.056771 0.150463 0.042708 0.050926
2 0.866927 0.118519 0.045312 0.035185
7 0.208333 1.007407 0.064583 0.074074