1 0.937012 0.060156 0.047852 0.032813
1 0.374512 0.075000 0.081055 0.062500
1 0.184082 0.076563 0.049805 0.059375
1 0.051270 0.053125 0.026367 0.018750
1 0.937012 0.060156 0.047852 0.032813
1 0.374512 0.075000 0.081055 0.062500
1 0.184082 0.076563 0.049805 0.059375
1 0.051270 0.053125 0.026367 0.018750
1 0.937012 0.060156 0.047852 0.032813
1 0.374512 0.075000 0.081055 0.062500
3 0.989746 0.535156 0.381836 0.454688
3 0.354492 0.121875 0.117188 0.115625
1 0.184082 0.076563 0.049805 0.059375
1 0.051270 0.053125 0.026367 0.018750
