1 0.888672 0.055469 0.044922 0.023438
1 0.135254 0.673438 0.159180 0.231250
1 0.687012 0.307031 0.133789 0.135937
0 0.140137 0.114062 0.020508 0.046875
1 0.267578 0.061719 0.060547 0.035937
1 0.888672 0.055469 0.044922 0.023438
1 0.135254 0.673438 0.159180 0.231250
1 0.687012 0.307031 0.133789 0.135937
0 0.140137 0.114062 0.020508 0.046875
1 0.267578 0.061719 0.060547 0.035937
2 0.166504 0.074219 0.129883 0.060937
1 0.888672 0.055469 0.044922 0.023438
1 0.135254 0.673438 0.159180 0.231250
1 0.687012 0.307031 0.133789 0.135937
0 0.140137 0.114062 0.020508 0.046875
1 0.267578 0.061719 0.060547 0.035937
