1 0.932617 0.060156 0.044922 0.032813
1 0.113770 0.387500 0.139648 0.178125
1 0.555664 0.128906 0.126953 0.076563
1 0.629395 0.789062 0.209961 0.265625
1 0.856934 0.183594 0.110352 0.082812
1 -0.072266 0.957031 0.162109 0.257812
1 0.932617 0.060156 0.044922 0.032813
1 0.113770 0.387500 0.139648 0.178125
1 0.555664 0.128906 0.126953 0.076563
1 0.629395 0.789062 0.209961 0.265625
1 0.856934 0.183594 0.110352 0.082812
1 -0.072266 0.957031 0.162109 0.257812
2 0.166504 0.074219 0.129883 0.060937
1 0.932617 0.060156 0.044922 0.032813
1 0.113770 0.387500 0.139648 0.178125
1 0.555664 0.128906 0.126953 0.076563
1 0.629395 0.789062 0.209961 0.265625
1 0.856934 0.183594 0.110352 0.082812
1 -0.072266 0.957031 0.162109 0.257812
