1 0.838379 0.764062 0.208008 0.228125
1 0.641602 0.124219 0.066406 0.082812
0 0.153809 0.126562 0.020508 0.062500
1 0.043945 0.053906 0.023438 0.020313
1 0.427246 0.346875 0.168945 0.168750
1 0.838379 0.764062 0.208008 0.228125
1 0.641602 0.124219 0.066406 0.082812
0 0.153809 0.126562 0.020508 0.062500
1 0.043945 0.053906 0.023438 0.020313
1 0.427246 0.346875 0.168945 0.168750
1 0.838379 0.764062 0.208008 0.228125
1 0.641602 0.124219 0.066406 0.082812
3 0.194824 0.078125 0.090820 0.068750
3 0.248047 0.057813 0.041016 0.028125
0 0.153809 0.126562 0.020508 0.062500
3 0.116211 0.066406 0.068359 0.045312
3 0.069336 0.055469 0.027344 0.023438
1 0.043945 0.053906 0.023438 0.020313
1 0.427246 0.346875 0.168945 0.168750
