1 0.973145 0.171875 0.055664 0.062500
0 0.385254 0.260937 0.041992 0.100000
1 0.059570 0.054688 0.033203 0.021875
1 0.919922 0.292187 0.119141 0.143750
1 0.552734 0.095312 0.099609 0.081250
1 0.973145 0.171875 0.055664 0.062500
0 0.385254 0.260937 0.041992 0.100000
1 0.059570 0.054688 0.033203 0.021875
1 0.919922 0.292187 0.119141 0.143750
1 0.552734 0.095312 0.099609 0.081250
3 0.834961 0.065625 0.089844 0.043750
1 0.973145 0.171875 0.055664 0.062500
3 0.801270 0.349219 0.262695 0.373437
0 0.385254 0.260937 0.041992 0.100000
3 0.225098 0.085156 0.133789 0.082812
3 0.098633 0.059375 0.042969 0.031250
1 0.059570 0.054688 0.033203 0.021875
2 0.326172 0.067187 0.080078 0.046875
1 0.919922 0.292187 0.119141 0.143750
1 0.552734 0.095312 0.099609 0.081250
