1 0.937012 0.060156 0.047852 0.032813
1 0.339844 0.067187 0.076172 0.046875
1 0.175293 0.075000 0.049805 0.056250
1 0.048340 0.051562 0.026367 0.015625
1 0.937012 0.060156 0.047852 0.032813
1 0.339844 0.067187 0.076172 0.046875
1 0.175293 0.075000 0.049805 0.056250
1 0.048340 0.051562 0.026367 0.015625
1 0.937012 0.060156 0.047852 0.032813
1 0.339844 0.067187 0.076172 0.046875
3 0.944824 0.494531 0.381836 0.448437
3 0.335449 0.114844 0.110352 0.110937
1 0.175293 0.075000 0.049805 0.056250
2 1.195801 0.509375 0.491211 0.546875
1 0.048340 0.051562 0.026367 0.015625
