0 0.243652 0.163281 0.028320 0.076563
1 0.043945 0.053906 0.023438 0.020313
1 0.965820 0.153125 0.070312 0.046875
1 0.436523 0.060937 0.044922 0.034375
1 0.976074 0.202344 0.049805 0.076563
0 0.243652 0.163281 0.028320 0.076563
1 0.043945 0.053906 0.023438 0.020313
1 0.965820 0.153125 0.070312 0.046875
1 0.436523 0.060937 0.044922 0.034375
1 0.976074 0.202344 0.049805 0.076563
3 0.335449 0.110156 0.147461 0.132812
3 0.530273 0.121875 0.158203 0.156250
0 0.243652 0.163281 0.028320 0.076563
3 0.151367 0.070312 0.099609 0.053125
3 0.075195 0.056250 0.039062 0.025000
1 0.043945 0.053906 0.023438 0.020313
1 0.965820 0.153125 0.070312 0.046875
2 0.211426 0.053125 0.034180 0.018750
1 0.436523 0.060937 0.044922 0.034375
1 0.976074 0.202344 0.049805 0.076563
