1 0.984375 0.180469 0.031250 0.048438
0 0.370605 0.250000 0.041992 0.100000
1 0.056641 0.054688 0.033203 0.021875
1 0.872070 0.257812 0.117188 0.134375
1 0.525391 0.084375 0.097656 0.078125
1 0.984375 0.180469 0.031250 0.048438
0 0.370605 0.250000 0.041992 0.100000
1 0.056641 0.054688 0.033203 0.021875
1 0.872070 0.257812 0.117188 0.134375
1 0.525391 0.084375 0.097656 0.078125
3 0.855469 0.073438 0.095703 0.059375
1 0.984375 0.180469 0.031250 0.048438
3 0.755371 0.315625 0.262695 0.356250
0 0.370605 0.250000 0.041992 0.100000
3 0.219238 0.084375 0.131836 0.081250
3 0.096680 0.059375 0.041016 0.031250
1 0.056641 0.054688 0.033203 0.021875
2 0.315918 0.066406 0.075195 0.045312
1 0.872070 0.257812 0.117188 0.134375
1 0.525391 0.084375 0.097656 0.078125
