1 0.776367 0.076563 0.052734 0.062500
1 0.647461 0.055469 0.041016 0.023438
0 0.147949 0.117188 0.020508 0.046875
1 0.267578 0.061719 0.060547 0.035937
1 0.049805 0.052344 0.029297 0.017188
1 0.351074 0.431250 0.172852 0.193750
1 0.776367 0.076563 0.052734 0.062500
1 0.647461 0.055469 0.041016 0.023438
0 0.147949 0.117188 0.020508 0.046875
1 0.267578 0.061719 0.060547 0.035937
1 0.049805 0.052344 0.029297 0.017188
1 0.351074 0.431250 0.172852 0.193750
2 0.166504 0.074219 0.129883 0.060937
1 0.776367 0.076563 0.052734 0.062500
1 0.647461 0.055469 0.041016 0.023438
0 0.147949 0.117188 0.020508 0.046875
1 0.267578 0.061719 0.060547 0.035937
1 0.049805 0.052344 0.029297 0.017188
1 0.351074 0.431250 0.172852 0.193750
