1 0.932617 0.060156 0.044922 0.032813
1 -0.066406 0.946094 0.162109 0.257812
1 0.019043 1.082812 0.245117 0.350000
0 0.096680 0.086719 0.017578 0.035937
1 0.265625 0.060156 0.056641 0.032813
0 0.907715 0.798438 0.092773 0.103125
1 0.932617 0.060156 0.044922 0.032813
1 -0.066406 0.946094 0.162109 0.257812
1 0.019043 1.082812 0.245117 0.350000
0 0.096680 0.086719 0.017578 0.035937
1 0.265625 0.060156 0.056641 0.032813
0 0.907715 0.798438 0.092773 0.103125
2 0.166504 0.074219 0.129883 0.060937
1 0.932617 0.060156 0.044922 0.032813
1 -0.066406 0.946094 0.162109 0.257812
1 0.019043 1.082812 0.245117 0.350000
0 0.096680 0.086719 0.017578 0.035937
1 0.265625 0.060156 0.056641 0.032813
0 0.907715 0.798438 0.092773 0.103125
