1 0.620605 0.063281 0.049805 0.039062
1 0.381836 0.418750 0.156250 0.178125
0 0.153809 0.126562 0.020508 0.062500
1 0.043945 0.053906 0.023438 0.020313
1 0.016113 0.887500 0.032227 0.153125
1 0.620605 0.063281 0.049805 0.039062
1 0.381836 0.418750 0.156250 0.178125
0 0.153809 0.126562 0.020508 0.062500
1 0.043945 0.053906 0.023438 0.020313
1 0.016113 0.887500 0.032227 0.153125
1 0.620605 0.063281 0.049805 0.039062
1 0.381836 0.418750 0.156250 0.178125
3 0.194824 0.078125 0.090820 0.068750
3 0.248047 0.057813 0.041016 0.028125
0 0.153809 0.126562 0.020508 0.062500
3 0.116211 0.066406 0.068359 0.045312
3 0.069336 0.055469 0.027344 0.023438
1 0.043945 0.053906 0.023438 0.020313
1 0.016113 0.887500 0.032227 0.153125
