1 0.806152 0.069531 0.075195 0.051562
0 0.500000 0.351562 0.060547 0.118750
1 0.071777 0.055469 0.034180 0.023438
1 0.807617 0.223438 0.117188 0.118750
1 0.806152 0.069531 0.075195 0.051562
0 0.500000 0.351562 0.060547 0.118750
1 0.071777 0.055469 0.034180 0.023438
1 0.807617 0.223438 0.117188 0.118750
1 0.806152 0.069531 0.075195 0.051562
0 0.500000 0.351562 0.060547 0.118750
3 0.285645 0.102344 0.166992 0.117188
3 0.118652 0.060937 0.051758 0.034375
1 0.071777 0.055469 0.034180 0.023438
2 0.417969 0.086719 0.111328 0.085938
1 0.807617 0.223438 0.117188 0.118750
