1 0.779785 0.204687 0.067383 0.121875
0 0.147949 0.117188 0.020508 0.046875
1 0.267578 0.061719 0.060547 0.035937
1 0.083984 0.057031 0.031250 0.026562
1 0.622559 0.066406 0.043945 0.045312
1 0.968262 0.591406 0.139648 0.148438
1 0.779785 0.204687 0.067383 0.121875
0 0.147949 0.117188 0.020508 0.046875
1 0.267578 0.061719 0.060547 0.035937
1 0.083984 0.057031 0.031250 0.026562
1 0.622559 0.066406 0.043945 0.045312
1 0.968262 0.591406 0.139648 0.148438
2 0.166992 0.074219 0.128906 0.060937
1 0.779785 0.204687 0.067383 0.121875
0 0.147949 0.117188 0.020508 0.046875
1 0.267578 0.061719 0.060547 0.035937
1 0.083984 0.057031 0.031250 0.026562
1 0.622559 0.066406 0.043945 0.045312
1 0.968262 0.591406 0.139648 0.148438
