1 0.760254 0.111719 0.049805 0.082812
0 0.147949 0.117188 0.020508 0.046875
1 0.267578 0.061719 0.060547 0.035937
1 0.070801 0.055469 0.034180 0.023438
1 0.554199 0.207813 0.104492 0.112500
1 0.532227 0.794531 0.212891 0.285938
1 0.760254 0.111719 0.049805 0.082812
0 0.147949 0.117188 0.020508 0.046875
1 0.267578 0.061719 0.060547 0.035937
1 0.070801 0.055469 0.034180 0.023438
1 0.554199 0.207813 0.104492 0.112500
1 0.532227 0.794531 0.212891 0.285938
2 0.166504 0.074219 0.129883 0.060937
1 0.760254 0.111719 0.049805 0.082812
0 0.147949 0.117188 0.020508 0.046875
1 0.267578 0.061719 0.060547 0.035937
1 0.070801 0.055469 0.034180 0.023438
1 0.554199 0.207813 0.104492 0.112500
1 0.532227 0.794531 0.212891 0.285938
