1 0.489746 0.276562 0.129883 0.137500
0 0.153809 0.128125 0.020508 0.065625
1 0.043945 0.053906 0.023438 0.020313
1 0.489746 0.276562 0.129883 0.137500
0 0.153809 0.128125 0.020508 0.065625
1 0.043945 0.053906 0.023438 0.020313
1 0.489746 0.276562 0.129883 0.137500
3 0.635742 0.054688 0.058594 0.021875
3 0.194824 0.078125 0.090820 0.068750
3 0.248047 0.057813 0.041016 0.028125
0 0.153809 0.128125 0.020508 0.065625
3 0.116211 0.066406 0.068359 0.045312
3 0.069336 0.055469 0.027344 0.023438
1 0.043945 0.053906 0.023438 0.020313
