1 0.904297 0.057813 0.044922 0.028125
1 0.038574 0.800000 0.161133 0.246875
1 0.562988 0.422656 0.172852 0.189062
0 0.132812 0.109375 0.019531 0.037500
1 0.267578 0.061719 0.060547 0.035937
1 0.904297 0.057813 0.044922 0.028125
1 0.038574 0.800000 0.161133 0.246875
1 0.562988 0.422656 0.172852 0.189062
0 0.132812 0.109375 0.019531 0.037500
1 0.267578 0.061719 0.060547 0.035937
2 0.166504 0.074219 0.129883 0.060937
1 0.904297 0.057813 0.044922 0.028125
1 0.038574 0.800000 0.161133 0.246875
1 0.562988 0.422656 0.172852 0.189062
0 0.132812 0.109375 0.019531 0.037500
1 0.267578 0.061719 0.060547 0.035937
