1 0.936035 0.146094 0.071289 0.067187
0 0.411621 0.281250 0.045898 0.109375
1 0.061523 0.054688 0.033203 0.021875
1 1.014160 0.362500 0.118164 0.153125
1 0.605957 0.116406 0.104492 0.085938
1 0.936035 0.146094 0.071289 0.067187
0 0.411621 0.281250 0.045898 0.109375
1 0.061523 0.054688 0.033203 0.021875
1 1.014160 0.362500 0.118164 0.153125
1 0.605957 0.116406 0.104492 0.085938
3 0.813477 0.055469 0.054688 0.023438
1 0.936035 0.146094 0.071289 0.067187
3 0.891602 0.420312 0.261719 0.400000
0 0.411621 0.281250 0.045898 0.109375
3 0.235352 0.088281 0.144531 0.089063
3 0.103516 0.059375 0.044922 0.031250
1 0.061523 0.054688 0.033203 0.021875
2 0.346680 0.071875 0.087891 0.056250
1 1.014160 0.362500 0.118164 0.153125
1 0.605957 0.116406 0.104492 0.085938
