1 0.932617 0.060156 0.044922 0.032813
1 0.009277 0.502344 0.139648 0.198437
1 0.478027 0.145313 0.131836 0.084375
1 0.715332 0.722656 0.196289 0.239063
1 0.788086 0.156250 0.115234 0.078125
1 -0.069336 0.955469 0.162109 0.257812
1 0.932617 0.060156 0.044922 0.032813
1 0.009277 0.502344 0.139648 0.198437
1 0.478027 0.145313 0.131836 0.084375
1 0.715332 0.722656 0.196289 0.239063
1 0.788086 0.156250 0.115234 0.078125
1 -0.069336 0.955469 0.162109 0.257812
2 0.166504 0.074219 0.129883 0.060937
1 0.932617 0.060156 0.044922 0.032813
1 0.009277 0.502344 0.139648 0.198437
1 0.478027 0.145313 0.131836 0.084375
1 0.715332 0.722656 0.196289 0.239063
1 0.788086 0.156250 0.115234 0.078125
1 -0.069336 0.955469 0.162109 0.257812
