1 0.937012 0.060156 0.047852 0.032813
1 0.321777 0.062500 0.073242 0.037500
1 0.171387 0.073438 0.047852 0.056250
1 0.045410 0.051562 0.026367 0.015625
1 0.937012 0.060156 0.047852 0.032813
1 0.321777 0.062500 0.073242 0.037500
1 0.171387 0.073438 0.047852 0.056250
1 0.045410 0.051562 0.026367 0.015625
1 0.937012 0.060156 0.047852 0.032813
1 0.321777 0.062500 0.073242 0.037500
3 0.916504 0.474219 0.381836 0.448437
3 0.325195 0.110156 0.107422 0.107813
1 0.171387 0.073438 0.047852 0.056250
2 1.166504 0.487500 0.491211 0.546875
1 0.045410 0.051562 0.026367 0.015625
