1 0.932617 0.060156 0.044922 0.032813
1 -0.063965 0.592969 0.141602 0.204687
1 0.422363 0.163281 0.133789 0.092188
1 0.776855 0.689844 0.182617 0.207813
1 0.738770 0.142187 0.118164 0.078125
1 -0.069336 0.952344 0.162109 0.257812
1 -0.026855 1.156250 0.243164 0.350000
1 0.932617 0.060156 0.044922 0.032813
1 -0.063965 0.592969 0.141602 0.204687
1 0.422363 0.163281 0.133789 0.092188
1 0.776855 0.689844 0.182617 0.207813
1 0.738770 0.142187 0.118164 0.078125
1 -0.069336 0.952344 0.162109 0.257812
1 -0.026855 1.156250 0.243164 0.350000
