1 0.869271 0.615278 0.070833 0.080556
1 0.771354 0.538426 0.068750 0.075000
1 0.184896 0.106019 0.034375 0.043519
1 0.963281 0.697222 0.075521 0.090741
1 0.267708 0.869907 0.061458 0.113889
1 0.171875 0.798611 0.070833 0.112037
1 0.622917 0.126852 0.042708 0.035185
1 0.716406 0.691667 0.074479 0.098148
1 0.715365 0.113889 0.035937 0.037037
1 0.312500 0.126389 0.034375 0.037963
1 0.630469 0.262500 0.052604 0.047222
1 0.523177 0.242130 0.041146 0.045370
1 0.663542 0.377315 0.056250 0.056481
1 1.029688 0.544907 0.069792 0.069444
1 0.869271 0.615278 0.070833 0.080556
3 0.265885 0.147222 0.088021 0.105556
1 0.771354 0.538426 0.068750 0.075000
1 0.184896 0.106019 0.034375 0.043519
1 0.963281 0.697222 0.075521 0.090741
3 0.886719 0.131944 0.095312 0.075000
1 0.267708 0.869907 0.061458 0.113889
1 0.171875 0.798611 0.070833 0.112037
1 0.622917 0.126852 0.042708 0.035185
3 0.213281 0.980093 0.068229 0.073148
1 0.716406 0.691667 0.074479 0.098148
3 0.449740 0.121759 0.093229 0.102778
1 0.715365 0.113889 0.035937 0.037037
1 0.312500 0.126389 0.034375 0.037963
1 0.630469 0.262500 0.052604 0.047222
1 0.523177 0.242130 0.041146 0.045370
1 0.663542 0.377315 0.056250 0.056481
1 1.029688 0.544907 0.069792 0.069444
