1 0.870573 0.619444 0.070312 0.081481
1 0.772917 0.541204 0.070833 0.076852
1 0.186979 0.106019 0.034375 0.043519
1 0.963802 0.701852 0.073438 0.090741
1 0.583594 0.577778 0.051562 0.074074
1 0.268229 0.870833 0.061458 0.113889
1 0.170833 0.802315 0.070833 0.112037
1 0.503125 0.585185 0.054167 0.075926
1 0.216146 0.450926 0.032292 0.088889
1 0.632812 0.126389 0.042708 0.036111
1 0.201042 0.222222 0.045833 0.057407
1 0.343490 0.152315 0.040104 0.043519
1 0.894271 0.512963 0.066667 0.070370
1 0.995573 0.136574 0.033854 0.032407
