1 0.192969 0.782407 0.060937 0.096296
1 0.690625 0.162963 0.041667 0.038889
1 0.785156 0.551852 0.070312 0.075926
0 0.063542 0.193519 0.016667 0.035185
1 0.229427 0.829630 0.072396 0.131481
1 0.234115 0.237037 0.043229 0.055556
0 0.725781 0.092130 0.019271 0.025000
1 0.184635 0.146759 0.041146 0.049074
0 0.395313 0.741204 0.020833 0.039815
3 0.945573 0.976852 0.101562 0.148148
1 0.192969 0.782407 0.060937 0.096296
2 0.159896 0.211111 0.129167 0.161111
3 0.035417 0.812500 0.096875 0.165741
1 0.690625 0.162963 0.041667 0.038889
1 0.785156 0.551852 0.070312 0.075926
0 0.063542 0.193519 0.016667 0.035185
1 0.229427 0.829630 0.072396 0.131481
3 0.220573 0.534722 0.070312 0.113889
1 0.234115 0.237037 0.043229 0.055556
0 0.725781 0.092130 0.019271 0.025000
1 0.184635 0.146759 0.041146 0.049074
0 0.395313 0.741204 0.020833 0.039815
