1 0.863802 0.594907 0.070312 0.078704
1 0.739583 0.497685 0.069792 0.071296
1 0.182292 0.095833 0.034375 0.043519
1 0.967448 0.684259 0.075521 0.090741
1 0.265885 0.861574 0.061979 0.113889
1 0.175260 0.778241 0.070312 0.112037
1 0.622396 0.116667 0.042708 0.035185
1 0.683073 0.111111 0.035937 0.037037
1 0.760938 0.161574 0.040625 0.043519
1 0.208073 0.008333 0.035937 0.037037
1 0.277083 0.062500 0.037500 0.037963
1 0.858594 0.411111 0.050521 0.055556
1 0.855729 0.508796 0.058333 0.067593
1 0.863802 0.594907 0.070312 0.078704
3 0.280990 0.149074 0.088021 0.105556
1 0.739583 0.497685 0.069792 0.071296
1 0.182292 0.095833 0.034375 0.043519
1 0.967448 0.684259 0.075521 0.090741
1 0.265885 0.861574 0.061979 0.113889
1 0.175260 0.778241 0.070312 0.112037
1 0.622396 0.116667 0.042708 0.035185
3 0.208073 0.973148 0.072396 0.074074
1 0.683073 0.111111 0.035937 0.037037
1 0.760938 0.161574 0.040625 0.043519
1 0.208073 0.008333 0.035937 0.037037
1 0.277083 0.062500 0.037500 0.037963
1 0.858594 0.411111 0.050521 0.055556
1 0.855729 0.508796 0.058333 0.067593
