0 1.008333 0.114815 0.018750 0.027778
1 0.839323 0.446296 0.072396 0.072222
0 0.180990 0.296759 0.016146 0.039815
1 0.657031 0.743519 0.068229 0.096296
1 0.440625 0.331481 0.042708 0.072222
1 0.248177 0.011574 0.036979 0.041667
1 0.997135 0.571296 0.067187 0.074074
1 0.267188 0.194444 0.044792 0.059259
1 0.215365 0.152315 0.043229 0.050926
1 0.772656 0.530093 0.064062 0.075000
1 0.859375 0.602778 0.075000 0.083333
1 0.834375 0.500926 0.072917 0.077778
1 0.962760 0.696296 0.083854 0.088889
1 0.463021 0.208796 0.021875 0.056481
