0 0.478385 0.036111 0.019271 0.035185
1 0.765365 0.410648 0.065104 0.065741
1 0.004687 0.068519 0.009375 0.027778
0 0.222917 0.345833 0.017708 0.034259
1 0.933073 0.543519 0.064062 0.072222
1 0.295573 0.233333 0.045312 0.053704
1 0.232292 0.183796 0.041667 0.054630
1 0.775260 0.554167 0.064062 0.075000
1 0.863021 0.626852 0.075000 0.083333
1 0.769531 0.469907 0.067187 0.073148
1 0.966146 0.721296 0.082292 0.085185
0 0.478385 0.036111 0.019271 0.035185
1 0.765365 0.410648 0.065104 0.065741
1 0.004687 0.068519 0.009375 0.027778
3 0.996354 0.611574 0.007292 0.041667
0 0.222917 0.345833 0.017708 0.034259
3 0.838281 0.407870 0.080729 0.084259
1 0.933073 0.543519 0.064062 0.072222
1 0.295573 0.233333 0.045312 0.053704
1 0.232292 0.183796 0.041667 0.054630
3 0.296354 0.279630 0.064583 0.094444
3 0.238281 0.279630 0.077604 0.122222
3 0.127083 0.177778 0.088542 0.112963
1 0.775260 0.554167 0.064062 0.075000
1 0.863021 0.626852 0.075000 0.083333
1 0.769531 0.469907 0.067187 0.073148
1 0.966146 0.721296 0.082292 0.085185
3 0.055469 0.118056 0.049479 0.065741
2 0.128385 0.121759 0.127604 0.154630
