1 0.872396 0.612037 0.070833 0.079630
1 0.774219 0.534722 0.070312 0.076852
1 0.184896 0.102315 0.034375 0.043519
1 0.966927 0.692593 0.075521 0.090741
1 0.269792 0.866204 0.061458 0.113889
1 0.174479 0.793056 0.070833 0.112037
1 0.622917 0.124074 0.042708 0.035185
1 1.000260 0.965741 0.094271 0.127778
1 0.696615 0.116667 0.035937 0.037037
1 0.154948 0.011111 0.032813 0.035185
1 0.506771 0.175463 0.045833 0.043519
1 0.330208 0.103241 0.034375 0.037963
1 0.458594 0.227315 0.046354 0.045370
1 0.867448 0.423148 0.064062 0.061111
1 0.826042 0.444907 0.061458 0.065741
