1 0.389323 0.099074 0.032813 0.038889
1 0.967708 0.707870 0.067708 0.093519
1 0.502344 0.350000 0.030729 0.070370
1 0.780990 0.542593 0.071354 0.075926
0 0.173698 0.299537 0.014063 0.036111
1 0.422135 0.373611 0.041146 0.069444
1 1.013281 0.181944 0.053646 0.043519
1 0.239323 0.238889 0.044271 0.055556
1 0.425781 0.643981 0.057813 0.071296
1 0.269792 0.216667 0.044792 0.055556
1 0.878646 0.624074 0.070833 0.081481
1 0.033854 0.055093 0.034375 0.041667
3 0.883333 0.418981 0.123958 0.149074
2 0.128906 0.118519 0.115104 0.133333
1 0.389323 0.099074 0.032813 0.038889
2 0.153646 0.203241 0.130208 0.162037
1 0.967708 0.707870 0.067708 0.093519
1 0.502344 0.350000 0.030729 0.070370
1 0.780990 0.542593 0.071354 0.075926
0 0.173698 0.299537 0.014063 0.036111
1 0.422135 0.373611 0.041146 0.069444
1 1.013281 0.181944 0.053646 0.043519
3 0.227604 0.103704 0.083333 0.098148
1 0.239323 0.238889 0.044271 0.055556
1 0.425781 0.643981 0.057813 0.071296
1 0.269792 0.216667 0.044792 0.055556
3 0.047396 0.115741 0.052083 0.074074
1 0.878646 0.624074 0.070833 0.081481
1 0.033854 0.055093 0.034375 0.041667
3 0.998177 0.515741 0.039062 0.105556
