1 0.247917 0.673148 0.056250 0.087037
1 0.646875 0.167593 0.040625 0.042593
1 0.783073 0.542593 0.070312 0.075926
0 0.165365 0.288426 0.014063 0.036111
1 0.122917 0.899074 0.079167 0.131481
1 0.433073 0.502778 0.058854 0.077778
1 0.240885 0.238889 0.044271 0.055556
0 0.508594 0.035648 0.017188 0.026852
1 0.267448 0.212037 0.044271 0.055556
0 0.616667 0.816204 0.025000 0.047222
1 0.916927 0.655556 0.073438 0.087037
3 0.917448 0.444444 0.128646 0.157407
2 0.013281 0.025926 0.026562 0.051852
1 0.247917 0.673148 0.056250 0.087037
2 0.156250 0.202315 0.130208 0.160185
1 0.646875 0.167593 0.040625 0.042593
1 0.783073 0.542593 0.070312 0.075926
0 0.165365 0.288426 0.014063 0.036111
1 0.122917 0.899074 0.079167 0.131481
1 0.433073 0.502778 0.058854 0.077778
1 0.240885 0.238889 0.044271 0.055556
0 0.508594 0.035648 0.017188 0.026852
1 0.267448 0.212037 0.044271 0.055556
0 0.616667 0.816204 0.025000 0.047222
1 0.916927 0.655556 0.073438 0.087037
