1 0.872656 0.622685 0.070312 0.082407
1 0.775000 0.543981 0.069792 0.073148
1 0.190625 0.108796 0.034375 0.043519
1 0.964844 0.705556 0.071354 0.090741
1 0.899740 0.780093 0.079687 0.115741
1 0.321875 0.330556 0.041667 0.055556
0 0.548698 0.734259 0.022396 0.048148
1 0.271354 0.871759 0.061458 0.113889
1 0.641406 0.551389 0.059896 0.076852
1 0.174479 0.803704 0.070833 0.111111
1 0.251042 0.327778 0.043750 0.057407
1 0.393229 0.183796 0.045833 0.049074
1 0.138802 0.225926 0.046354 0.055556
1 0.749479 0.111574 0.042708 0.034259
1 0.038802 0.086574 0.040104 0.049074
1 0.864062 0.537963 0.063542 0.074074
1 0.872656 0.622685 0.070312 0.082407
3 0.270573 0.150000 0.088021 0.107407
1 0.775000 0.543981 0.069792 0.073148
1 0.190625 0.108796 0.034375 0.043519
1 0.964844 0.705556 0.071354 0.090741
3 0.528125 0.169444 0.094792 0.114815
3 0.793490 0.350926 0.110937 0.138889
2 0.619531 0.696759 0.214062 0.300926
1 0.899740 0.780093 0.079687 0.115741
3 0.150781 0.636111 0.073438 0.148148
1 0.321875 0.330556 0.041667 0.055556
2 0.472917 0.443981 0.167708 0.215741
0 0.548698 0.734259 0.022396 0.048148
1 0.271354 0.871759 0.061458 0.113889
1 0.641406 0.551389 0.059896 0.076852
1 0.174479 0.803704 0.070833 0.111111
1 0.251042 0.327778 0.043750 0.057407
3 0.673438 0.315278 0.157292 0.171296
1 0.393229 0.183796 0.045833 0.049074
1 0.138802 0.225926 0.046354 0.055556
1 0.749479 0.111574 0.042708 0.034259
3 0.217708 0.983333 0.065625 0.072222
1 0.038802 0.086574 0.040104 0.049074
3 1.027865 0.525000 0.159896 0.155556
1 0.864062 0.537963 0.063542 0.074074
