1 0.194010 0.784259 0.060937 0.096296
1 0.691146 0.162963 0.041667 0.038889
1 0.794010 0.558796 0.071354 0.078704
0 0.033333 0.166667 0.015625 0.035185
1 0.229948 0.829630 0.072396 0.131481
1 0.223698 0.228241 0.043229 0.052778
0 0.787240 0.092130 0.021354 0.026852
1 0.144271 0.112037 0.039583 0.048148
0 0.350781 0.807870 0.019271 0.045370
3 0.764844 0.790278 0.088021 0.126852
1 0.194010 0.784259 0.060937 0.096296
2 0.161198 0.212963 0.127604 0.161111
3 0.181250 0.587500 0.080208 0.125000
1 0.691146 0.162963 0.041667 0.038889
1 0.794010 0.558796 0.071354 0.078704
0 0.033333 0.166667 0.015625 0.035185
1 0.229948 0.829630 0.072396 0.131481
3 0.320573 0.434722 0.070312 0.089815
1 0.223698 0.228241 0.043229 0.052778
0 0.787240 0.092130 0.021354 0.026852
1 0.144271 0.112037 0.039583 0.048148
0 0.350781 0.807870 0.019271 0.045370
