1 0.874740 0.623611 0.070312 0.080556
1 0.776823 0.544444 0.070312 0.074074
1 0.191667 0.108796 0.034375 0.043519
1 0.965625 0.706944 0.069792 0.091667
1 1.006510 0.892130 0.086979 0.112037
1 0.839323 0.826852 0.075521 0.103704
1 0.558594 0.475926 0.061979 0.085185
1 0.233854 0.250000 0.038542 0.051852
0 0.428385 0.595833 0.020313 0.047222
1 0.272396 0.871759 0.061458 0.113889
1 0.423177 0.351852 0.042188 0.062963
1 0.175000 0.803704 0.070833 0.111111
1 0.152083 0.234259 0.039583 0.051852
1 0.659896 0.380093 0.057292 0.063889
1 0.047917 0.142130 0.042708 0.050926
1 0.882552 0.119907 0.045312 0.036111
1 0.874740 0.623611 0.070312 0.080556
3 0.271615 0.150000 0.088021 0.107407
1 0.776823 0.544444 0.070312 0.074074
1 0.191667 0.108796 0.034375 0.043519
1 0.965625 0.706944 0.069792 0.091667
3 0.629427 0.237500 0.101562 0.123148
3 0.855990 0.374537 0.118229 0.089815
1 1.006510 0.892130 0.086979 0.112037
1 0.839323 0.826852 0.075521 0.103704
2 0.463021 0.522685 0.177083 0.241667
1 0.558594 0.475926 0.061979 0.085185
3 0.235156 0.370833 0.036979 0.110185
1 0.233854 0.250000 0.038542 0.051852
2 0.341146 0.320370 0.145833 0.179630
0 0.428385 0.595833 0.020313 0.047222
1 0.272396 0.871759 0.061458 0.113889
1 0.423177 0.351852 0.042188 0.062963
1 0.175000 0.803704 0.070833 0.111111
1 0.152083 0.234259 0.039583 0.051852
3 0.827083 0.424537 0.183333 0.193519
1 0.659896 0.380093 0.057292 0.063889
1 0.047917 0.142130 0.042708 0.050926
1 0.882552 0.119907 0.045312 0.036111
3 0.203646 1.019444 0.064583 0.074074
