1 0.440104 0.356944 0.059375 0.045370
1 0.645573 0.440278 0.057813 0.063889
1 0.777344 0.538889 0.071354 0.075926
1 0.776823 0.464815 0.053646 0.062963
1 0.815885 0.396759 0.048438 0.052778
1 0.978125 0.707870 0.090625 0.100926
1 0.620573 0.131944 0.043229 0.037963
1 0.680469 0.127315 0.035937 0.036111
1 0.294792 0.192130 0.038542 0.045370
1 0.303125 0.786574 0.058333 0.102778
1 0.181250 0.775000 0.069792 0.109259
1 0.440104 0.356944 0.059375 0.045370
1 0.645573 0.440278 0.057813 0.063889
1 0.777344 0.538889 0.071354 0.075926
1 0.776823 0.464815 0.053646 0.062963
1 0.815885 0.396759 0.048438 0.052778
1 0.978125 0.707870 0.090625 0.100926
1 0.620573 0.131944 0.043229 0.037963
1 0.680469 0.127315 0.035937 0.036111
3 0.433073 0.266204 0.102604 0.112037
1 0.294792 0.192130 0.038542 0.045370
1 0.303125 0.786574 0.058333 0.102778
1 0.181250 0.775000 0.069792 0.109259
3 0.219531 0.974537 0.090104 0.165741
