1 0.868490 0.619444 0.071354 0.081481
1 0.771094 0.541204 0.068229 0.073148
1 0.185938 0.106944 0.034375 0.043519
1 0.962760 0.700000 0.075521 0.090741
1 0.267708 0.871759 0.061458 0.113889
1 0.170313 0.803241 0.070833 0.112037
1 0.623958 0.129167 0.042708 0.034259
1 0.447656 0.441204 0.054688 0.075000
1 0.364323 0.147222 0.043229 0.046296
1 0.781771 0.105556 0.035417 0.031481
1 0.597135 0.334722 0.044271 0.049074
1 0.832031 0.407870 0.063021 0.060185
1 0.876302 0.499074 0.054688 0.064815
1 1.029167 0.662037 0.071875 0.075926
