1 0.994531 0.562963 0.080729 0.083333
0 0.180990 0.294907 0.016146 0.039815
1 0.047135 0.996296 0.036979 0.012963
1 0.366667 0.464815 0.050000 0.074074
1 0.265625 0.190741 0.044792 0.059259
1 0.213021 0.148611 0.041667 0.049074
1 0.772656 0.525000 0.064062 0.074074
1 0.860417 0.595370 0.075000 0.081481
1 0.848698 0.506481 0.074479 0.081481
1 0.961719 0.689352 0.076563 0.091667
1 0.165104 0.797685 0.066667 0.106481
1 0.994531 0.562963 0.080729 0.083333
0 0.180990 0.294907 0.016146 0.039815
1 0.047135 0.996296 0.036979 0.012963
1 0.366667 0.464815 0.050000 0.074074
1 0.265625 0.190741 0.044792 0.059259
1 0.213021 0.148611 0.041667 0.049074
3 0.208594 0.182407 0.061979 0.088889
3 0.188281 0.212963 0.077604 0.116667
3 0.109375 0.147685 0.089583 0.112037
1 0.772656 0.525000 0.064062 0.074074
1 0.860417 0.595370 0.075000 0.081481
1 0.848698 0.506481 0.074479 0.081481
1 0.961719 0.689352 0.076563 0.091667
3 0.041927 0.090278 0.049479 0.062037
2 0.035937 0.037037 0.073958 0.077778
3 0.450000 0.218056 0.033333 0.102778
1 0.165104 0.797685 0.066667 0.106481
