1 0.260937 0.028241 0.040625 0.043519
1 0.070052 0.129630 0.034896 0.051852
1 0.287240 0.868056 0.060937 0.110185
1 0.209635 0.993056 0.073438 0.080556
0 0.411458 0.567593 0.019792 0.040741
1 0.015625 0.026852 0.035417 0.044444
1 0.791667 0.144907 0.038542 0.041667
1 0.509635 0.212963 0.042188 0.046296
1 0.871354 0.770370 0.079167 0.105556
1 0.612240 0.519444 0.056771 0.075926
1 0.780469 0.551389 0.064062 0.075000
1 0.867708 0.624074 0.075000 0.083333
1 0.248958 0.062963 0.044792 0.046296
1 0.970313 0.717593 0.082292 0.085185
