1 0.892448 0.891204 0.070312 0.100926
1 0.196615 0.787963 0.060937 0.096296
1 0.691927 0.169444 0.041146 0.038889
1 0.836198 0.600926 0.074479 0.083333
1 -0.030729 0.981944 0.087500 0.147222
1 0.153385 0.695833 0.068229 0.108333
1 0.232031 0.837037 0.072396 0.131481
1 0.204427 0.207870 0.042188 0.043519
0 0.876823 0.112500 0.023438 0.026852
1 0.079427 0.060185 0.038021 0.044444
0 0.299740 0.931019 0.023438 0.052778
3 0.609635 0.673148 0.079687 0.088889
1 0.892448 0.891204 0.070312 0.100926
1 0.196615 0.787963 0.060937 0.096296
2 0.163281 0.218519 0.127604 0.161111
3 0.318490 0.434722 0.072396 0.093519
1 0.691927 0.169444 0.041146 0.038889
1 0.836198 0.600926 0.074479 0.083333
1 -0.030729 0.981944 0.087500 0.147222
1 0.153385 0.695833 0.068229 0.108333
1 0.232031 0.837037 0.072396 0.131481
3 0.449219 0.385648 0.064062 0.063889
1 0.204427 0.207870 0.042188 0.043519
0 0.876823 0.112500 0.023438 0.026852
1 0.079427 0.060185 0.038021 0.044444
0 0.299740 0.931019 0.023438 0.052778
