1 0.869792 0.620370 0.069792 0.079630
1 0.772396 0.542130 0.069792 0.075000
1 0.186979 0.108796 0.034375 0.043519
1 0.963281 0.702778 0.074479 0.090741
1 0.737500 0.726852 0.057292 0.083333
1 0.268750 0.872685 0.061458 0.113889
1 0.171354 0.804167 0.070833 0.112037
1 0.648438 0.732407 0.062500 0.087037
1 0.159896 0.617593 0.058333 0.107407
1 0.625521 0.129167 0.042708 0.034259
1 0.279948 0.292130 0.048438 0.060185
1 0.192448 0.047222 0.034896 0.037037
1 0.671875 0.353704 0.055208 0.057407
1 0.897135 0.116204 0.035937 0.036111
1 0.968490 0.614815 0.059896 0.070370
