1 0.872396 0.612037 0.070833 0.079630
1 0.774219 0.534722 0.070312 0.076852
1 0.184896 0.102315 0.034375 0.043519
1 0.966927 0.692593 0.075521 0.090741
1 0.269792 0.866204 0.061458 0.113889
1 0.174479 0.792130 0.070833 0.112037
1 0.622917 0.124074 0.042708 0.035185
1 1.022656 0.987963 0.094271 0.127778
1 0.695573 0.116667 0.035937 0.037037
1 0.146094 0.005556 0.031771 0.035185
1 0.498437 0.168519 0.045833 0.042593
1 0.318750 0.094444 0.034375 0.037037
1 0.446875 0.218056 0.045833 0.045370
1 0.858854 0.416204 0.063542 0.060185
1 0.808333 0.431481 0.060417 0.064815
