1 0.920312 0.537037 0.068750 0.075926
1 0.225781 0.290278 0.039062 0.058333
1 0.288802 0.873611 0.060937 0.110185
1 0.225521 0.966667 0.072917 0.079630
0 0.621615 0.850926 0.026562 0.055556
1 0.041667 0.111111 0.035417 0.046296
1 0.399479 0.371296 0.048958 0.062963
1 0.696875 0.172222 0.042708 0.040741
1 0.778906 0.556944 0.064062 0.075000
1 0.867188 0.631481 0.075000 0.083333
1 0.971354 0.723148 0.082292 0.085185
1 0.920312 0.537037 0.068750 0.075926
1 0.225781 0.290278 0.039062 0.058333
3 0.414583 0.141204 0.056250 0.071296
1 0.288802 0.873611 0.060937 0.110185
1 0.225521 0.966667 0.072917 0.079630
0 0.621615 0.850926 0.026562 0.055556
1 0.041667 0.111111 0.035417 0.046296
1 0.399479 0.371296 0.048958 0.062963
1 0.696875 0.172222 0.042708 0.040741
3 0.606250 0.694444 0.148958 0.205556
1 0.778906 0.556944 0.064062 0.075000
1 0.867188 0.631481 0.075000 0.083333
1 0.971354 0.723148 0.082292 0.085185
3 0.355469 0.404630 0.061979 0.088889
2 0.776823 0.745833 0.263021 0.334259
