1 0.875000 0.623611 0.069792 0.080556
1 0.777083 0.544444 0.070833 0.074074
1 0.192188 0.108796 0.034375 0.043519
1 0.966667 0.706944 0.069792 0.091667
1 0.848177 0.742593 0.077604 0.098148
1 0.732031 0.719907 0.069271 0.091667
1 0.489583 0.415278 0.058333 0.080556
1 0.210938 0.228704 0.037500 0.050000
0 0.396615 0.559259 0.018229 0.040741
1 0.272917 0.870833 0.061458 0.113889
1 0.197656 0.008796 0.038021 0.036111
1 0.373958 0.306481 0.038542 0.055556
1 0.175521 0.802778 0.070833 0.111111
1 0.129688 0.212963 0.039583 0.051852
1 0.761198 0.456019 0.063021 0.071296
1 0.022396 0.117593 0.042708 0.051852
1 0.931510 0.129167 0.047396 0.034259
