1 0.872396 0.622222 0.069792 0.081481
1 0.775000 0.543981 0.069792 0.073148
1 0.190625 0.108796 0.034375 0.043519
1 0.964844 0.704630 0.071354 0.090741
1 0.913542 0.793519 0.081250 0.116667
1 0.326042 0.335185 0.042708 0.055556
0 0.552865 0.739815 0.022396 0.048148
1 0.271354 0.871759 0.061458 0.113889
1 0.650781 0.560185 0.059896 0.077778
1 0.174479 0.803704 0.070833 0.111111
1 0.255729 0.331944 0.044792 0.060185
1 0.384896 0.177315 0.045833 0.049074
1 0.142448 0.229630 0.046354 0.055556
1 0.745313 0.111574 0.042708 0.034259
1 0.041927 0.089352 0.041146 0.049074
1 0.850000 0.527778 0.063542 0.074074
