1 0.875260 0.637500 0.069271 0.080556
1 0.778385 0.555093 0.070312 0.076852
1 0.197917 0.115278 0.034375 0.043519
1 0.966927 0.720833 0.069271 0.091667
1 0.296615 0.261111 0.045312 0.057407
1 0.278906 0.294444 0.045312 0.057407
1 0.226823 0.190741 0.041146 0.061111
1 0.088542 0.129630 0.021875 0.046296
0 0.216927 0.359259 0.014063 0.033333
1 0.274479 0.880093 0.062500 0.112037
1 0.679948 0.394907 0.061979 0.062037
1 0.170313 0.136574 0.020833 0.019444
1 0.178646 0.810648 0.070833 0.110185
1 0.021615 0.119907 0.035937 0.045370
