1 0.452865 0.305093 0.029687 0.052778
1 0.969010 0.702315 0.067187 0.093519
1 0.544010 0.248148 0.038021 0.057407
1 0.782031 0.537037 0.071354 0.075926
0 0.173177 0.291204 0.014063 0.036111
1 0.282292 0.614815 0.062500 0.094444
1 0.749219 0.196759 0.045312 0.043519
1 0.239844 0.233333 0.044271 0.055556
1 0.216927 0.975463 0.052604 0.052778
1 0.269271 0.210185 0.044792 0.055556
1 0.880729 0.618519 0.070833 0.081481
3 0.884896 0.414352 0.123958 0.149074
2 0.085677 0.077315 0.113021 0.126852
1 0.452865 0.305093 0.029687 0.052778
2 0.154688 0.198611 0.130208 0.162037
1 0.969010 0.702315 0.067187 0.093519
1 0.544010 0.248148 0.038021 0.057407
1 0.782031 0.537037 0.071354 0.075926
0 0.173177 0.291204 0.014063 0.036111
1 0.282292 0.614815 0.062500 0.094444
1 0.749219 0.196759 0.045312 0.043519
3 0.101823 0.023148 0.069271 0.048148
1 0.239844 0.233333 0.044271 0.055556
1 0.216927 0.975463 0.052604 0.052778
1 0.269271 0.210185 0.044792 0.055556
1 0.880729 0.618519 0.070833 0.081481
