1 0.868750 0.620370 0.071875 0.079630
1 0.771875 0.542130 0.068750 0.075000
1 0.186458 0.108796 0.034375 0.043519
1 0.962760 0.702778 0.075521 0.090741
1 0.967187 0.950463 0.070833 0.099074
1 0.268229 0.872685 0.061458 0.113889
1 0.171354 0.804167 0.070833 0.112037
1 0.862760 0.945833 0.075521 0.104630
1 0.039583 0.867593 0.081250 0.140741
1 0.623958 0.129167 0.042708 0.034259
1 0.384635 0.384722 0.052604 0.071296
1 0.461979 0.213426 0.046875 0.047222
1 0.813802 0.106944 0.034896 0.034259
1 0.707552 0.415741 0.049479 0.053704
1 0.903125 0.461111 0.066667 0.066667
1 1.013802 0.606019 0.057813 0.073148
