1 0.875000 0.637963 0.069792 0.079630
1 0.778125 0.556019 0.070833 0.078704
1 0.197917 0.117130 0.034375 0.043519
1 0.966406 0.720833 0.069271 0.091667
1 0.309115 0.273148 0.045312 0.057407
1 0.292448 0.308796 0.046354 0.058333
1 0.233073 0.195370 0.042188 0.061111
1 0.090365 0.130556 0.025521 0.044444
0 0.224740 0.368519 0.014063 0.033333
1 0.275000 0.881944 0.061458 0.112037
1 0.654167 0.375000 0.060417 0.059259
1 0.174479 0.140278 0.020833 0.019444
1 0.179167 0.811574 0.070833 0.110185
1 0.023698 0.122685 0.035937 0.045370
