1 0.874740 0.633796 0.068229 0.082407
1 0.777344 0.554167 0.071354 0.076852
1 0.195312 0.115278 0.034375 0.043519
1 0.966146 0.716204 0.069792 0.091667
1 0.461458 0.400000 0.054167 0.066667
1 0.422656 0.428241 0.052604 0.062037
1 0.313542 0.265741 0.050000 0.066667
1 0.122135 0.154167 0.034896 0.045370
0 0.285938 0.439352 0.015625 0.034259
1 0.275000 0.878704 0.061458 0.112963
1 0.446354 0.202315 0.046875 0.047222
1 0.234896 0.184722 0.020833 0.019444
1 0.178125 0.809722 0.070833 0.110185
1 0.053125 0.147222 0.036458 0.046296
1 0.874740 0.633796 0.068229 0.082407
3 0.274740 0.157870 0.088021 0.108333
1 0.777344 0.554167 0.071354 0.076852
1 0.195312 0.115278 0.034375 0.043519
1 0.966146 0.716204 0.069792 0.091667
3 0.776302 0.350926 0.115104 0.140741
3 0.963802 0.468981 0.141146 0.117593
1 0.461458 0.400000 0.054167 0.066667
1 0.422656 0.428241 0.052604 0.062037
2 0.269792 0.332870 0.147917 0.180556
1 0.313542 0.265741 0.050000 0.066667
3 0.132292 0.213889 0.055208 0.079630
1 0.122135 0.154167 0.034896 0.045370
2 0.222656 0.218056 0.126562 0.145370
0 0.285938 0.439352 0.015625 0.034259
1 0.275000 0.878704 0.061458 0.112963
1 0.446354 0.202315 0.046875 0.047222
1 0.234896 0.184722 0.020833 0.019444
1 0.178125 0.809722 0.070833 0.110185
1 0.053125 0.147222 0.036458 0.046296
3 1.032812 0.584722 0.202083 0.208333
