1 0.249479 0.669444 0.056250 0.087037
1 0.645573 0.168519 0.042188 0.042593
1 0.783073 0.542593 0.070312 0.075926
0 0.165365 0.288426 0.014063 0.036111
1 0.123438 0.897222 0.079167 0.131481
1 0.435677 0.501389 0.058854 0.080556
1 0.240885 0.238889 0.044271 0.055556
0 0.506510 0.034722 0.017188 0.026852
1 0.267448 0.212037 0.044271 0.055556
0 0.616406 0.819907 0.027604 0.047222
1 0.915885 0.654630 0.073438 0.087037
3 0.916406 0.444444 0.128646 0.157407
2 0.014063 0.026389 0.028125 0.052778
1 0.249479 0.669444 0.056250 0.087037
2 0.156250 0.202315 0.130208 0.160185
1 0.645573 0.168519 0.042188 0.042593
1 0.783073 0.542593 0.070312 0.075926
0 0.165365 0.288426 0.014063 0.036111
1 0.123438 0.897222 0.079167 0.131481
1 0.435677 0.501389 0.058854 0.080556
1 0.240885 0.238889 0.044271 0.055556
0 0.506510 0.034722 0.017188 0.026852
1 0.267448 0.212037 0.044271 0.055556
0 0.616406 0.819907 0.027604 0.047222
1 0.915885 0.654630 0.073438 0.087037
