0 1.008333 0.114815 0.018750 0.027778
1 0.839323 0.446296 0.072396 0.072222
0 0.180990 0.296759 0.016146 0.039815
1 0.653385 0.738889 0.067187 0.092593
1 0.440104 0.333333 0.042708 0.072222
1 0.250521 0.013426 0.037500 0.041667
1 0.998177 0.572222 0.067187 0.074074
1 0.267188 0.194444 0.044792 0.059259
1 0.214844 0.153241 0.043229 0.050926
1 0.772656 0.531019 0.064062 0.075000
1 0.859375 0.602778 0.075000 0.083333
1 0.834375 0.500926 0.072917 0.077778
1 0.962760 0.696296 0.083854 0.088889
1 0.463021 0.211574 0.021875 0.056481
0 1.008333 0.114815 0.018750 0.027778
1 0.839323 0.446296 0.072396 0.072222
0 0.180990 0.296759 0.016146 0.039815
1 0.653385 0.738889 0.067187 0.092593
1 0.440104 0.333333 0.042708 0.072222
1 0.250521 0.013426 0.037500 0.041667
1 0.998177 0.572222 0.067187 0.074074
1 0.267188 0.194444 0.044792 0.059259
1 0.214844 0.153241 0.043229 0.050926
3 0.210156 0.188889 0.061979 0.090741
3 0.189583 0.217130 0.078125 0.117593
3 0.109896 0.150463 0.089583 0.113889
1 0.772656 0.531019 0.064062 0.075000
1 0.859375 0.602778 0.075000 0.083333
1 0.834375 0.500926 0.072917 0.077778
1 0.962760 0.696296 0.083854 0.088889
3 0.044010 0.094907 0.049479 0.065741
2 0.076823 0.063889 0.129688 0.133333
1 0.463021 0.211574 0.021875 0.056481
