1 0.874740 0.623611 0.070312 0.080556
1 0.777083 0.544444 0.070833 0.074074
1 0.191667 0.108796 0.034375 0.043519
1 0.966146 0.706944 0.069792 0.091667
1 0.952083 0.840278 0.086458 0.110185
1 0.800781 0.788889 0.073438 0.098148
1 0.534115 0.455093 0.060937 0.084259
1 0.226042 0.242130 0.038542 0.050926
0 0.417187 0.582870 0.018750 0.043519
1 0.272917 0.871759 0.061458 0.113889
1 0.405990 0.337037 0.040104 0.061111
1 0.175000 0.802778 0.070833 0.111111
1 0.144271 0.225926 0.039583 0.051852
1 0.692448 0.403241 0.058854 0.065741
1 0.039583 0.132407 0.042708 0.051852
1 0.897917 0.124074 0.045833 0.033333
1 0.874740 0.623611 0.070312 0.080556
3 0.271615 0.150000 0.088021 0.107407
1 0.777083 0.544444 0.070833 0.074074
1 0.191667 0.108796 0.034375 0.043519
1 0.966146 0.706944 0.069792 0.091667
3 0.640365 0.245833 0.101562 0.123148
3 0.863802 0.380093 0.119271 0.091667
1 0.952083 0.840278 0.086458 0.110185
1 0.800781 0.788889 0.073438 0.098148
2 0.448437 0.505556 0.173958 0.237037
1 0.534115 0.455093 0.060937 0.084259
3 0.233073 0.351389 0.041146 0.106481
1 0.226042 0.242130 0.038542 0.050926
2 0.331250 0.310185 0.144792 0.174074
0 0.417187 0.582870 0.018750 0.043519
1 0.272917 0.871759 0.061458 0.113889
1 0.405990 0.337037 0.040104 0.061111
1 0.175000 0.802778 0.070833 0.111111
1 0.144271 0.225926 0.039583 0.051852
3 0.841146 0.434259 0.186458 0.196296
1 0.692448 0.403241 0.058854 0.065741
1 0.039583 0.132407 0.042708 0.051852
1 0.897917 0.124074 0.045833 0.033333
3 0.198437 1.033333 0.064583 0.074074
