1 0.875521 0.628241 0.069792 0.080556
1 0.777604 0.550926 0.070833 0.075926
1 0.193750 0.112500 0.034375 0.043519
1 0.966146 0.711574 0.069792 0.091667
1 0.555990 0.479167 0.057813 0.073148
1 0.506250 0.504167 0.056250 0.071296
1 0.360677 0.304167 0.053646 0.073148
1 0.150000 0.175000 0.035417 0.046296
0 0.319792 0.475926 0.015625 0.033333
1 0.273958 0.875463 0.061458 0.113889
1 0.352865 0.124537 0.043229 0.041667
1 0.272135 0.215741 0.028646 0.025926
1 0.176563 0.806481 0.070833 0.111111
1 0.075260 0.165741 0.036979 0.048148
1 0.875521 0.628241 0.069792 0.080556
3 0.273698 0.152315 0.088021 0.108333
1 0.777604 0.550926 0.070833 0.075926
1 0.193750 0.112500 0.034375 0.043519
1 0.966146 0.711574 0.069792 0.091667
3 0.743750 0.322685 0.111458 0.137963
3 0.932813 0.440278 0.139583 0.113889
1 0.555990 0.479167 0.057813 0.073148
1 0.506250 0.504167 0.056250 0.071296
2 0.315885 0.374537 0.155729 0.193519
1 0.360677 0.304167 0.053646 0.073148
3 0.167187 0.244444 0.057292 0.083333
1 0.150000 0.175000 0.035417 0.046296
2 0.253125 0.240278 0.130208 0.152778
0 0.319792 0.475926 0.015625 0.033333
1 0.273958 0.875463 0.061458 0.113889
1 0.352865 0.124537 0.043229 0.041667
1 0.272135 0.215741 0.028646 0.025926
1 0.176563 0.806481 0.070833 0.111111
1 0.075260 0.165741 0.036979 0.048148
3 0.983073 0.542593 0.199479 0.207407
