1 0.415625 0.128241 0.030208 0.039815
1 0.968750 0.706481 0.067708 0.092593
1 0.507292 0.328241 0.032292 0.067593
1 0.782031 0.542593 0.071354 0.075926
0 0.173177 0.297685 0.014063 0.036111
1 0.403385 0.414352 0.045312 0.073148
1 0.958594 0.167593 0.053646 0.040741
1 0.239323 0.237963 0.044271 0.055556
1 0.386458 0.675000 0.057292 0.083333
1 0.269792 0.214815 0.044792 0.055556
1 0.879687 0.622222 0.070833 0.081481
1 0.021094 0.043519 0.033854 0.040741
3 0.883854 0.418056 0.123958 0.149074
2 0.123698 0.113889 0.114062 0.131481
1 0.415625 0.128241 0.030208 0.039815
2 0.153646 0.201389 0.130208 0.162037
1 0.968750 0.706481 0.067708 0.092593
1 0.507292 0.328241 0.032292 0.067593
1 0.782031 0.542593 0.071354 0.075926
0 0.173177 0.297685 0.014063 0.036111
1 0.403385 0.414352 0.045312 0.073148
1 0.958594 0.167593 0.053646 0.040741
3 0.208854 0.089815 0.082292 0.096296
1 0.239323 0.237963 0.044271 0.055556
1 0.386458 0.675000 0.057292 0.083333
1 0.269792 0.214815 0.044792 0.055556
3 0.037240 0.105093 0.051562 0.073148
1 0.879687 0.622222 0.070833 0.081481
1 0.021094 0.043519 0.033854 0.040741
3 0.994010 0.524074 0.014063 0.051852
