1 0.872656 0.612037 0.071354 0.079630
1 0.774740 0.534259 0.070312 0.075926
1 0.184896 0.102315 0.034375 0.043519
1 0.967448 0.692593 0.075521 0.090741
1 0.269792 0.866204 0.061458 0.113889
1 0.175000 0.792130 0.070833 0.112037
1 0.622917 0.124074 0.042708 0.035185
1 0.691927 0.117593 0.035937 0.037037
1 0.450521 0.136111 0.043750 0.038889
1 0.248438 0.047222 0.032292 0.035185
1 0.372656 0.163889 0.043229 0.042593
1 0.808594 0.376852 0.058854 0.059259
1 0.704167 0.355093 0.055208 0.058333
1 0.907813 0.506019 0.062500 0.065741
1 0.872656 0.612037 0.071354 0.079630
3 0.266406 0.143519 0.088021 0.105556
1 0.774740 0.534259 0.070312 0.075926
1 0.184896 0.102315 0.034375 0.043519
1 0.967448 0.692593 0.075521 0.090741
3 1.030469 0.149074 0.101562 0.077778
1 0.269792 0.866204 0.061458 0.113889
1 0.175000 0.792130 0.070833 0.112037
1 0.622917 0.124074 0.042708 0.035185
3 0.214844 0.978241 0.068229 0.073148
3 0.282292 0.007407 0.077083 0.090741
1 0.691927 0.117593 0.035937 0.037037
1 0.450521 0.136111 0.043750 0.038889
1 0.248438 0.047222 0.032292 0.035185
1 0.372656 0.163889 0.043229 0.042593
1 0.808594 0.376852 0.058854 0.059259
1 0.704167 0.355093 0.055208 0.058333
1 0.907813 0.506019 0.062500 0.065741
