1 0.377865 0.754630 0.056771 0.092593
1 0.197917 0.815278 0.060417 0.093519
1 0.696354 0.187500 0.040625 0.039815
1 0.285156 0.495370 0.058854 0.077778
1 0.466927 0.385648 0.056771 0.043519
1 0.612760 0.437963 0.060937 0.061111
1 0.200781 0.926389 0.078646 0.139815
1 0.011979 0.046296 0.026042 0.042593
3 0.255990 0.942593 0.085938 0.116667
1 0.377865 0.754630 0.056771 0.092593
1 0.197917 0.815278 0.060417 0.093519
2 0.170052 0.235648 0.127604 0.163889
3 0.778385 0.566667 0.080729 0.096296
1 0.696354 0.187500 0.040625 0.039815
1 0.285156 0.495370 0.058854 0.077778
1 0.466927 0.385648 0.056771 0.043519
1 0.612760 0.437963 0.060937 0.061111
1 0.200781 0.926389 0.078646 0.139815
3 0.936198 0.697222 0.095312 0.100000
1 0.011979 0.046296 0.026042 0.042593
