1 0.879948 0.631481 0.069271 0.079630
1 0.781510 0.551852 0.071354 0.074074
1 0.199479 0.110648 0.034375 0.043519
1 0.969792 0.714352 0.067708 0.091667
1 0.268490 0.226852 0.045312 0.057407
1 0.241667 0.252778 0.045833 0.057407
1 0.196094 0.147685 0.040104 0.041667
1 0.085677 0.118981 0.017188 0.041667
1 0.272917 0.875463 0.062500 0.113889
1 0.856510 0.527315 0.072396 0.075000
1 0.069010 0.056944 0.036979 0.043519
1 0.143229 0.865278 0.075000 0.119444
1 0.879948 0.631481 0.069271 0.079630
3 0.277865 0.152778 0.088021 0.109259
1 0.781510 0.551852 0.071354 0.074074
1 0.199479 0.110648 0.034375 0.043519
1 0.969792 0.714352 0.067708 0.091667
3 0.884115 0.425926 0.123438 0.153704
3 1.037500 0.521759 0.141667 0.117593
1 0.268490 0.226852 0.045312 0.057407
1 0.241667 0.252778 0.045833 0.057407
2 0.152604 0.215741 0.129167 0.161111
1 0.196094 0.147685 0.040104 0.041667
3 0.064583 0.146759 0.043750 0.075000
1 0.085677 0.118981 0.017188 0.041667
2 0.157292 0.152315 0.115625 0.134259
1 0.272917 0.875463 0.062500 0.113889
1 0.856510 0.527315 0.072396 0.075000
1 0.069010 0.056944 0.036979 0.043519
1 0.143229 0.865278 0.075000 0.119444
