1 0.875000 0.637963 0.069792 0.079630
1 0.778125 0.556019 0.070833 0.078704
1 0.197396 0.117130 0.034375 0.043519
1 0.966406 0.720833 0.069271 0.091667
1 0.312760 0.275000 0.045312 0.057407
1 0.295052 0.309722 0.046354 0.058333
1 0.235156 0.198148 0.042188 0.061111
1 0.090625 0.130556 0.026042 0.044444
0 0.225781 0.369444 0.014063 0.033333
1 0.275000 0.881944 0.061458 0.112037
1 0.648438 0.370370 0.060417 0.059259
1 0.175521 0.141204 0.020833 0.019444
1 0.179167 0.811574 0.070833 0.110185
1 0.024740 0.123611 0.035937 0.045370
