1 0.868750 0.618056 0.070833 0.080556
1 0.771094 0.540278 0.069271 0.073148
1 0.185938 0.106019 0.034375 0.043519
1 0.962760 0.700000 0.075521 0.090741
1 0.267708 0.870833 0.061458 0.113889
1 0.170313 0.802315 0.070833 0.112037
1 0.623958 0.129167 0.042708 0.034259
1 0.466927 0.458796 0.055729 0.076852
1 0.337760 0.129167 0.042188 0.045370
1 0.773438 0.106019 0.034375 0.034259
1 0.567708 0.311574 0.043750 0.049074
1 0.813281 0.392593 0.061979 0.059259
1 0.839323 0.471296 0.054688 0.061111
1 0.992708 0.631481 0.071875 0.077778
1 0.868750 0.618056 0.070833 0.080556
3 0.265885 0.148148 0.088021 0.105556
1 0.771094 0.540278 0.069271 0.073148
1 0.185938 0.106019 0.034375 0.043519
1 0.962760 0.700000 0.075521 0.090741
3 0.791667 0.148611 0.083333 0.097222
1 0.267708 0.870833 0.061458 0.113889
1 0.170313 0.802315 0.070833 0.112037
1 0.623958 0.129167 0.042708 0.034259
3 0.212760 0.981944 0.068229 0.073148
1 0.466927 0.458796 0.055729 0.076852
3 0.586979 0.216667 0.107292 0.114815
1 0.337760 0.129167 0.042188 0.045370
1 0.773438 0.106019 0.034375 0.034259
1 0.567708 0.311574 0.043750 0.049074
1 0.813281 0.392593 0.061979 0.059259
1 0.839323 0.471296 0.054688 0.061111
1 0.992708 0.631481 0.071875 0.077778
