1 0.874740 0.635185 0.068229 0.081481
1 0.777344 0.555556 0.071354 0.075926
1 0.195312 0.116204 0.034375 0.043519
1 0.965625 0.718981 0.069792 0.091667
1 0.422396 0.368056 0.053125 0.065741
1 0.388021 0.395370 0.051042 0.061111
1 0.292448 0.249074 0.047396 0.066667
1 0.111198 0.144444 0.034896 0.044444
0 0.271354 0.425463 0.015625 0.034259
1 0.275521 0.880556 0.061458 0.112963
1 0.494010 0.242593 0.050521 0.050000
1 0.216146 0.172685 0.020833 0.019444
1 0.178125 0.810648 0.070833 0.110185
1 0.043490 0.139815 0.036979 0.046296
