1 0.090365 0.719907 0.074479 0.121296
1 0.330208 0.418056 0.057292 0.071296
1 0.494792 0.394444 0.062500 0.048148
1 0.657292 0.454630 0.068750 0.072222
1 0.778385 0.475000 0.053646 0.061111
1 0.861979 0.537500 0.055208 0.065741
1 0.816667 0.406019 0.051042 0.056481
1 0.533073 0.294907 0.044271 0.039815
1 0.680729 0.137037 0.038542 0.037037
1 0.621354 0.140741 0.042708 0.038889
1 0.595833 0.664352 0.064583 0.065741
1 0.178125 0.788889 0.069792 0.111111
1 0.290365 0.832870 0.060937 0.112037
1 0.083854 0.958333 0.073958 0.116667
1 0.090365 0.719907 0.074479 0.121296
1 0.330208 0.418056 0.057292 0.071296
1 0.494792 0.394444 0.062500 0.048148
1 0.657292 0.454630 0.068750 0.072222
1 0.778385 0.475000 0.053646 0.061111
1 0.861979 0.537500 0.055208 0.065741
1 0.816667 0.406019 0.051042 0.056481
3 0.673698 0.222222 0.091146 0.111111
1 0.533073 0.294907 0.044271 0.039815
1 0.680729 0.137037 0.038542 0.037037
1 0.621354 0.140741 0.042708 0.038889
1 0.595833 0.664352 0.064583 0.065741
3 0.446094 0.653241 0.084896 0.095370
1 0.178125 0.788889 0.069792 0.111111
1 0.290365 0.832870 0.060937 0.112037
1 0.083854 0.958333 0.073958 0.116667
3 1.014583 0.724537 0.214583 0.275000
