1 0.874740 0.633333 0.068229 0.083333
1 0.777344 0.554167 0.071354 0.076852
1 0.194792 0.114352 0.034375 0.043519
1 0.966146 0.716204 0.069792 0.091667
1 0.473698 0.410648 0.054688 0.067593
1 0.433073 0.438426 0.052604 0.062037
1 0.319792 0.271759 0.051042 0.067593
1 0.125260 0.156019 0.034896 0.045370
0 0.290104 0.444907 0.015625 0.034259
1 0.274479 0.878704 0.061458 0.112963
1 0.432031 0.190741 0.046354 0.046296
1 0.239844 0.189352 0.023438 0.021296
1 0.177604 0.808796 0.070833 0.110185
1 0.055990 0.149537 0.036979 0.047222
