1 0.192969 0.782407 0.060937 0.096296
1 0.690104 0.162037 0.041667 0.038889
1 0.785156 0.550926 0.070312 0.075926
0 0.077604 0.206019 0.014583 0.032407
1 0.229427 0.828704 0.072396 0.131481
1 0.236719 0.238889 0.043229 0.055556
0 0.698177 0.093981 0.019271 0.025000
1 0.202083 0.161111 0.041667 0.050000
0 0.421875 0.718056 0.021875 0.036111
1 0.192969 0.782407 0.060937 0.096296
2 0.159896 0.211111 0.129167 0.161111
1 0.690104 0.162037 0.041667 0.038889
1 0.785156 0.550926 0.070312 0.075926
0 0.077604 0.206019 0.014583 0.032407
1 0.229427 0.828704 0.072396 0.131481
3 0.162500 0.612037 0.075000 0.129630
1 0.236719 0.238889 0.043229 0.055556
0 0.698177 0.093981 0.019271 0.025000
1 0.202083 0.161111 0.041667 0.050000
0 0.421875 0.718056 0.021875 0.036111
