1 0.868750 0.616204 0.070833 0.080556
1 0.771354 0.539352 0.068750 0.075000
1 0.185417 0.106019 0.034375 0.043519
1 0.962760 0.697222 0.075521 0.090741
1 0.267708 0.869907 0.061458 0.113889
1 0.170833 0.800463 0.070833 0.112037
1 0.623437 0.126852 0.042708 0.035185
1 0.608594 0.588889 0.066146 0.088889
1 0.178385 0.025926 0.036979 0.038889
1 0.732812 0.110185 0.034375 0.037037
1 0.401823 0.191204 0.038021 0.041667
1 0.695052 0.307870 0.053646 0.050926
1 0.633854 0.319907 0.045833 0.049074
1 0.780208 0.465278 0.061458 0.063889
