1 0.868750 0.616204 0.070833 0.080556
1 0.771354 0.539352 0.068750 0.075000
1 0.184896 0.106019 0.034375 0.043519
1 0.962760 0.697222 0.075521 0.090741
1 0.267708 0.869907 0.061458 0.113889
1 0.171354 0.799537 0.070833 0.112037
1 0.622917 0.126852 0.042708 0.035185
1 0.666146 0.645370 0.071875 0.094444
1 0.126823 -0.006944 0.036979 0.037963
1 0.721875 0.113426 0.035417 0.036111
1 0.350260 0.154167 0.034896 0.039815
1 0.657552 0.282407 0.052604 0.050000
1 0.569792 0.275000 0.043750 0.048148
1 0.712240 0.414815 0.057813 0.059259
1 0.868750 0.616204 0.070833 0.080556
3 0.265885 0.147222 0.088021 0.105556
1 0.771354 0.539352 0.068750 0.075000
1 0.184896 0.106019 0.034375 0.043519
1 0.962760 0.697222 0.075521 0.090741
3 0.869792 0.132407 0.094792 0.075926
1 0.267708 0.869907 0.061458 0.113889
1 0.171354 0.799537 0.070833 0.112037
1 0.622917 0.126852 0.042708 0.035185
3 0.212760 0.981019 0.068229 0.073148
1 0.666146 0.645370 0.071875 0.094444
3 0.471615 0.138426 0.093229 0.104630
1 0.126823 -0.006944 0.036979 0.037963
1 0.721875 0.113426 0.035417 0.036111
1 0.350260 0.154167 0.034896 0.039815
1 0.657552 0.282407 0.052604 0.050000
1 0.569792 0.275000 0.043750 0.048148
1 0.712240 0.414815 0.057813 0.059259
