1 0.874479 0.623611 0.070833 0.080556
1 0.776823 0.544444 0.070312 0.074074
1 0.191146 0.108796 0.034375 0.043519
1 0.965365 0.706944 0.070312 0.091667
1 0.923177 0.910648 0.079687 0.110185
1 0.614323 0.524074 0.065104 0.090741
1 0.249740 0.263889 0.039062 0.051852
0 0.451562 0.627315 0.022917 0.049074
1 0.272396 0.871759 0.061458 0.113889
1 0.461719 0.386574 0.045312 0.065741
1 0.175000 0.802778 0.070833 0.111111
1 0.170052 0.250926 0.040104 0.053704
1 0.597396 0.332870 0.053125 0.058333
1 0.065625 0.157870 0.042708 0.050926
1 0.851562 0.117130 0.045833 0.034259
