1 0.874479 0.635648 0.068750 0.080556
1 0.777604 0.556944 0.070833 0.075000
1 0.195833 0.117130 0.034375 0.043519
1 0.965625 0.719907 0.069792 0.091667
1 0.409375 0.356944 0.052083 0.065741
1 0.376823 0.387037 0.050521 0.061111
1 0.284635 0.242130 0.047396 0.065741
1 0.108073 0.142593 0.034896 0.044444
0 0.265104 0.418056 0.015625 0.034259
1 0.275521 0.880556 0.061458 0.112963
1 0.511198 0.257407 0.050521 0.051852
1 0.210417 0.168981 0.020833 0.019444
1 0.178646 0.811574 0.070833 0.110185
1 0.040104 0.137963 0.037500 0.046296
