1 0.344010 0.515741 0.048438 0.072222
1 0.998177 0.725926 0.004687 0.031481
1 0.603646 0.191204 0.040625 0.049074
1 0.782552 0.539815 0.070312 0.075926
0 0.172656 0.293056 0.014063 0.036111
1 0.180469 0.789815 0.072396 0.114815
1 0.561458 0.357407 0.050000 0.059259
1 0.240365 0.237963 0.044271 0.055556
0 0.444531 0.007870 0.017188 0.026852
1 0.269271 0.212963 0.044792 0.055556
0 0.676042 0.899537 0.027083 0.050926
1 0.889062 0.627315 0.071875 0.082407
3 0.895312 0.424537 0.127083 0.152778
2 0.039323 0.048148 0.080729 0.098148
1 0.344010 0.515741 0.048438 0.072222
2 0.155729 0.200463 0.130208 0.160185
1 0.998177 0.725926 0.004687 0.031481
1 0.603646 0.191204 0.040625 0.049074
1 0.782552 0.539815 0.070312 0.075926
0 0.172656 0.293056 0.014063 0.036111
1 0.180469 0.789815 0.072396 0.114815
1 0.561458 0.357407 0.050000 0.059259
1 0.240365 0.237963 0.044271 0.055556
0 0.444531 0.007870 0.017188 0.026852
1 0.269271 0.212963 0.044792 0.055556
0 0.676042 0.899537 0.027083 0.050926
1 0.889062 0.627315 0.071875 0.082407
