0 1.008333 0.114815 0.018750 0.027778
1 0.839844 0.448148 0.072396 0.072222
0 0.181510 0.296759 0.016146 0.039815
1 0.572396 0.687500 0.066667 0.078704
1 0.410417 0.399537 0.054167 0.082407
1 0.299219 0.053241 0.036979 0.041667
1 1.026823 0.594444 0.067187 0.074074
1 0.266667 0.195370 0.044792 0.059259
1 0.214844 0.154167 0.043229 0.050926
1 0.772656 0.531481 0.064062 0.074074
1 0.859375 0.603704 0.075000 0.083333
1 0.832812 0.502778 0.072917 0.077778
1 0.962760 0.696296 0.083854 0.088889
1 0.463542 0.264352 0.027083 0.058333
