1 0.874740 0.623611 0.070312 0.080556
1 0.776823 0.544444 0.070312 0.074074
1 0.191667 0.108796 0.034375 0.043519
1 0.965625 0.706944 0.069792 0.091667
1 0.997396 0.883333 0.086458 0.111111
1 0.833333 0.818981 0.075000 0.102778
1 0.554948 0.471296 0.061979 0.085185
1 0.232292 0.249074 0.038542 0.051852
0 0.426823 0.593981 0.020313 0.047222
1 0.272396 0.871759 0.061458 0.113889
1 0.420573 0.349074 0.041146 0.062963
1 0.175000 0.802778 0.070833 0.111111
1 0.151042 0.233333 0.039583 0.051852
1 0.665104 0.384259 0.057292 0.062963
1 0.046875 0.141204 0.042708 0.050926
1 0.885156 0.120833 0.045312 0.036111
