1 0.216406 0.726852 0.058854 0.092593
1 0.665365 0.161574 0.041146 0.039815
1 0.783594 0.543519 0.070312 0.075926
0 0.154427 0.278241 0.013021 0.036111
1 0.090365 0.948148 0.080729 0.107407
1 0.375781 0.577315 0.064062 0.089815
1 0.241406 0.240741 0.044271 0.055556
0 0.532552 0.054167 0.017188 0.026852
1 0.264844 0.210185 0.044271 0.055556
0 0.587500 0.779167 0.029167 0.050926
1 0.936979 0.674074 0.075000 0.087037
3 0.934635 0.457870 0.130729 0.158333
1 0.216406 0.726852 0.058854 0.092593
2 0.156250 0.203241 0.130208 0.160185
1 0.665365 0.161574 0.041146 0.039815
1 0.783594 0.543519 0.070312 0.075926
0 0.154427 0.278241 0.013021 0.036111
1 0.090365 0.948148 0.080729 0.107407
1 0.375781 0.577315 0.064062 0.089815
1 0.241406 0.240741 0.044271 0.055556
0 0.532552 0.054167 0.017188 0.026852
1 0.264844 0.210185 0.044271 0.055556
0 0.587500 0.779167 0.029167 0.050926
1 0.936979 0.674074 0.075000 0.087037
