1 0.871615 0.619907 0.070312 0.080556
1 0.773438 0.541204 0.070833 0.076852
1 0.187500 0.106019 0.034375 0.043519
1 0.964323 0.701852 0.072396 0.090741
1 0.521094 0.518056 0.048438 0.067593
0 0.738802 1.003704 0.024479 0.048148
1 0.268229 0.870833 0.061458 0.113889
1 0.170833 0.801852 0.070833 0.111111
1 0.444271 0.523148 0.051042 0.070370
1 0.222656 0.384722 0.027604 0.080556
1 0.645052 0.124537 0.043229 0.036111
1 0.165625 0.191667 0.044792 0.055556
1 0.430990 0.216667 0.043229 0.044444
1 1.017969 0.604630 0.068229 0.074074
