1 0.466406 0.358333 0.059896 0.046296
1 0.662760 0.451389 0.057813 0.063889
1 0.776563 0.463889 0.053125 0.062963
1 0.816146 0.395370 0.048958 0.055556
1 0.798177 0.556481 0.074479 0.079630
1 0.620573 0.130093 0.043229 0.036111
1 0.679688 0.125926 0.035417 0.037037
1 0.282292 0.186111 0.037500 0.038889
1 0.180729 0.773611 0.069792 0.110185
1 0.292187 0.807407 0.059375 0.105556
1 0.984896 0.719444 0.058333 0.098148
1 0.466406 0.358333 0.059896 0.046296
1 0.662760 0.451389 0.057813 0.063889
1 0.776563 0.463889 0.053125 0.062963
1 0.816146 0.395370 0.048958 0.055556
1 0.798177 0.556481 0.074479 0.079630
1 0.620573 0.130093 0.043229 0.036111
1 0.679688 0.125926 0.035417 0.037037
3 0.417708 0.259259 0.102083 0.112963
1 0.282292 0.186111 0.037500 0.038889
1 0.180729 0.773611 0.069792 0.110185
1 0.292187 0.807407 0.059375 0.105556
3 0.215104 0.957407 0.086458 0.105556
1 0.984896 0.719444 0.058333 0.098148
