0 0.352604 -0.003704 0.016667 0.025926
1 0.570312 0.262500 0.055208 0.056481
1 0.001042 0.066204 0.041667 0.052778
0 0.291927 0.419907 0.019271 0.039815
1 0.854948 0.058333 0.024479 0.048148
1 0.787760 0.424074 0.054688 0.061111
1 0.427344 0.347685 0.051562 0.067593
1 0.319792 0.256481 0.042708 0.055556
1 0.776823 0.552315 0.064062 0.075000
1 0.864583 0.626852 0.075000 0.083333
1 0.564583 0.306481 0.058333 0.062963
1 0.966146 0.721296 0.082292 0.085185
0 0.352604 -0.003704 0.016667 0.025926
1 0.570312 0.262500 0.055208 0.056481
1 0.001042 0.066204 0.041667 0.052778
3 0.983073 0.578704 0.057813 0.077778
0 0.291927 0.419907 0.019271 0.039815
3 0.696354 0.294444 0.069792 0.075926
1 0.854948 0.058333 0.024479 0.048148
1 0.787760 0.424074 0.054688 0.061111
1 0.427344 0.347685 0.051562 0.067593
1 0.319792 0.256481 0.042708 0.055556
3 0.499740 0.475926 0.074479 0.112963
3 0.363021 0.397222 0.085417 0.140741
3 0.183854 0.231481 0.096875 0.114815
1 0.776823 0.552315 0.064062 0.075000
1 0.864583 0.626852 0.075000 0.083333
1 0.564583 0.306481 0.058333 0.062963
1 0.966146 0.721296 0.082292 0.085185
3 0.066927 0.124537 0.049479 0.065741
2 0.190885 0.171296 0.135937 0.166667
