1 0.874219 0.637963 0.069271 0.079630
1 0.777604 0.557407 0.070833 0.075926
1 0.196354 0.117130 0.034375 0.043519
1 0.965625 0.720833 0.069792 0.091667
1 0.386719 0.337963 0.050521 0.062963
1 0.358594 0.368519 0.049479 0.061111
1 0.271875 0.231481 0.046875 0.064815
1 0.103385 0.139352 0.034896 0.043519
0 0.256771 0.406944 0.015625 0.034259
1 0.275521 0.881019 0.061458 0.112037
1 0.540885 0.283333 0.053646 0.051852
1 0.201042 0.162500 0.020833 0.019444
1 0.179167 0.812500 0.070833 0.110185
1 0.036198 0.133796 0.035937 0.045370
1 0.874219 0.637963 0.069271 0.079630
3 0.275260 0.160648 0.088021 0.108333
1 0.777604 0.557407 0.070833 0.075926
1 0.196354 0.117130 0.034375 0.043519
1 0.965625 0.720833 0.069792 0.091667
3 0.803646 0.374537 0.116667 0.145370
3 0.996875 0.498611 0.141667 0.117593
1 0.386719 0.337963 0.050521 0.062963
1 0.358594 0.368519 0.049479 0.061111
2 0.231250 0.299074 0.141667 0.174074
1 0.271875 0.231481 0.046875 0.064815
3 0.103125 0.189352 0.055208 0.076852
1 0.103385 0.139352 0.034896 0.043519
2 0.191667 0.195370 0.120833 0.140741
0 0.256771 0.406944 0.015625 0.034259
1 0.275521 0.881019 0.061458 0.112037
1 0.540885 0.283333 0.053646 0.051852
1 0.201042 0.162500 0.020833 0.019444
1 0.179167 0.812500 0.070833 0.110185
1 0.036198 0.133796 0.035937 0.045370
3 1.071354 0.618981 0.203125 0.210185
