1 0.874740 0.633333 0.068229 0.083333
1 0.777344 0.554167 0.071354 0.076852
1 0.194792 0.114352 0.034375 0.043519
1 0.966146 0.716204 0.069792 0.091667
1 0.467708 0.404630 0.054167 0.066667
1 0.427865 0.432870 0.052604 0.062037
1 0.316667 0.268981 0.051042 0.067593
1 0.124219 0.155093 0.034896 0.045370
0 0.286979 0.441204 0.015625 0.034259
1 0.275000 0.878704 0.061458 0.112963
1 0.439063 0.195833 0.046875 0.047222
1 0.238021 0.187500 0.020833 0.019444
1 0.177604 0.808796 0.070833 0.110185
1 0.054688 0.149074 0.036458 0.046296
1 0.874740 0.633333 0.068229 0.083333
3 0.274740 0.157870 0.088021 0.108333
1 0.777344 0.554167 0.071354 0.076852
1 0.194792 0.114352 0.034375 0.043519
1 0.966146 0.716204 0.069792 0.091667
3 0.774219 0.349074 0.115104 0.140741
3 0.961719 0.467130 0.141146 0.117593
1 0.467708 0.404630 0.054167 0.066667
1 0.427865 0.432870 0.052604 0.062037
2 0.273177 0.336111 0.148438 0.181481
1 0.316667 0.268981 0.051042 0.067593
3 0.134896 0.215741 0.055208 0.079630
1 0.124219 0.155093 0.034896 0.045370
2 0.225781 0.219444 0.127604 0.146296
0 0.286979 0.441204 0.015625 0.034259
1 0.275000 0.878704 0.061458 0.112963
1 0.439063 0.195833 0.046875 0.047222
1 0.238021 0.187500 0.020833 0.019444
1 0.177604 0.808796 0.070833 0.110185
1 0.054688 0.149074 0.036458 0.046296
3 1.029688 0.581944 0.202083 0.208333
