1 0.869792 0.620370 0.069792 0.079630
1 0.772396 0.542130 0.069792 0.075000
1 0.186979 0.108796 0.034375 0.043519
1 0.963281 0.702778 0.074479 0.090741
1 0.750781 0.740278 0.058854 0.084259
1 0.268750 0.872685 0.061458 0.113889
1 0.171354 0.804167 0.070833 0.112037
1 0.661458 0.744907 0.062500 0.087963
1 0.153646 0.631944 0.059375 0.110185
1 0.625521 0.129167 0.042708 0.034259
1 0.287240 0.298148 0.048438 0.061111
1 0.182292 0.039815 0.034375 0.037037
1 0.656250 0.342593 0.055208 0.057407
1 0.890365 0.115278 0.035937 0.036111
1 0.947917 0.599074 0.059375 0.068519
1 0.869792 0.620370 0.069792 0.079630
3 0.267448 0.150000 0.088021 0.105556
1 0.772396 0.542130 0.069792 0.075000
1 0.186979 0.108796 0.034375 0.043519
1 0.963281 0.702778 0.074479 0.090741
3 0.236979 -0.024074 0.056250 0.079630
3 0.729167 0.199074 0.058333 0.125926
1 0.750781 0.740278 0.058854 0.084259
2 1.019792 0.964815 0.271875 0.333333
1 0.268750 0.872685 0.061458 0.113889
1 0.171354 0.804167 0.070833 0.112037
1 0.661458 0.744907 0.062500 0.087963
3 0.295833 0.055093 0.108333 0.119444
1 0.153646 0.631944 0.059375 0.110185
1 0.625521 0.129167 0.042708 0.034259
3 0.214062 0.984259 0.067708 0.072222
1 0.287240 0.298148 0.048438 0.061111
3 0.743750 0.326852 0.125000 0.131481
1 0.182292 0.039815 0.034375 0.037037
1 0.656250 0.342593 0.055208 0.057407
1 0.890365 0.115278 0.035937 0.036111
1 0.947917 0.599074 0.059375 0.068519
