1 0.255729 0.024537 0.040625 0.043519
1 0.071615 0.130556 0.034896 0.051852
1 0.287240 0.868056 0.060937 0.110185
1 0.210677 0.990741 0.073438 0.079630
0 0.415104 0.569444 0.019792 0.040741
1 0.019271 0.030556 0.035417 0.044444
1 0.789062 0.146759 0.038542 0.041667
1 0.504427 0.208333 0.042188 0.046296
1 0.885677 0.785648 0.079687 0.108333
1 0.622135 0.530093 0.056771 0.078704
1 0.780469 0.551389 0.064062 0.075000
1 0.867708 0.624074 0.075000 0.083333
1 0.243229 0.060185 0.044792 0.046296
1 0.970313 0.717593 0.082292 0.085185
1 0.255729 0.024537 0.040625 0.043519
1 0.071615 0.130556 0.034896 0.051852
3 0.775781 0.409259 0.082812 0.096296
1 0.287240 0.868056 0.060937 0.110185
1 0.210677 0.990741 0.073438 0.079630
0 0.415104 0.569444 0.019792 0.040741
3 0.444010 0.112037 0.052604 0.064815
1 0.019271 0.030556 0.035417 0.044444
1 0.789062 0.146759 0.038542 0.041667
1 0.504427 0.208333 0.042188 0.046296
1 0.885677 0.785648 0.079687 0.108333
1 0.622135 0.530093 0.056771 0.078704
3 0.740885 0.808333 0.122396 0.207407
3 0.312240 0.353241 0.106771 0.136111
1 0.780469 0.551389 0.064062 0.075000
1 0.867708 0.624074 0.075000 0.083333
1 0.243229 0.060185 0.044792 0.046296
1 0.970313 0.717593 0.082292 0.085185
3 0.146615 0.193981 0.052604 0.069444
2 0.351042 0.316204 0.162500 0.206481
