1 0.870313 0.615741 0.068750 0.079630
1 0.772917 0.537037 0.070833 0.074074
1 0.185417 0.104167 0.034375 0.043519
1 0.964323 0.696296 0.075521 0.090741
1 0.268750 0.868981 0.061458 0.113889
1 0.172917 0.796759 0.070833 0.112037
1 0.622917 0.125926 0.042708 0.035185
1 0.797656 0.768981 0.079687 0.108333
1 0.707552 0.116204 0.034896 0.036111
1 0.259115 0.086111 0.032813 0.037037
1 0.588542 0.233333 0.050000 0.048148
1 0.456250 0.193981 0.038542 0.041667
1 0.592448 0.325000 0.052604 0.051852
1 0.972656 0.503241 0.070312 0.069444
1 1.021354 0.595833 0.068750 0.076852
