0 0.690104 0.091204 0.018750 0.032407
1 0.837760 0.454630 0.071354 0.072222
1 0.001302 0.052315 0.002604 0.013889
0 0.185156 0.305093 0.016146 0.039815
1 0.941927 0.536574 0.064062 0.071296
1 0.271094 0.204167 0.045312 0.060185
1 0.219792 0.158796 0.041667 0.050926
1 0.776302 0.541204 0.064062 0.075000
1 0.864062 0.612963 0.075000 0.083333
1 0.836458 0.509259 0.072917 0.075926
1 0.967187 0.706481 0.083333 0.088889
0 0.690104 0.091204 0.018750 0.032407
1 0.837760 0.454630 0.071354 0.072222
1 0.001302 0.052315 0.002604 0.013889
0 0.185156 0.305093 0.016146 0.039815
1 0.941927 0.536574 0.064062 0.071296
1 0.271094 0.204167 0.045312 0.060185
1 0.219792 0.158796 0.041667 0.050926
3 0.216406 0.199074 0.064062 0.090741
3 0.194271 0.226852 0.077083 0.116667
3 0.115625 0.159259 0.088542 0.112963
1 0.776302 0.541204 0.064062 0.075000
1 0.864062 0.612963 0.075000 0.083333
1 0.836458 0.509259 0.072917 0.075926
1 0.967187 0.706481 0.083333 0.088889
3 0.050260 0.105093 0.049479 0.065741
2 0.106771 0.087500 0.129167 0.147222
