1 0.445052 0.332407 0.034896 0.059259
1 0.968490 0.704167 0.063021 0.093519
1 0.552083 0.238426 0.037500 0.054630
1 0.782031 0.537963 0.071354 0.075926
0 0.173177 0.291204 0.014063 0.036111
1 0.263542 0.646296 0.063542 0.096296
1 0.721615 0.216667 0.045312 0.044444
1 0.240365 0.234259 0.044271 0.055556
1 0.269271 0.211111 0.044792 0.055556
1 0.880729 0.619444 0.070833 0.081481
3 0.884896 0.414352 0.123958 0.149074
2 0.078125 0.070370 0.111458 0.124074
1 0.445052 0.332407 0.034896 0.059259
2 0.155208 0.199537 0.130208 0.162037
1 0.968490 0.704167 0.063021 0.093519
1 0.552083 0.238426 0.037500 0.054630
1 0.782031 0.537963 0.071354 0.075926
0 0.173177 0.291204 0.014063 0.036111
1 0.263542 0.646296 0.063542 0.096296
1 0.721615 0.216667 0.045312 0.044444
3 0.085417 0.016204 0.062500 0.034259
1 0.240365 0.234259 0.044271 0.055556
1 0.269271 0.211111 0.044792 0.055556
1 0.880729 0.619444 0.070833 0.081481
