1 0.869792 0.620370 0.069792 0.079630
1 0.772656 0.542130 0.070312 0.075000
1 0.186979 0.108796 0.034375 0.043519
1 0.963281 0.702778 0.074479 0.090741
1 0.686458 0.678241 0.056250 0.082407
1 0.268750 0.871759 0.061458 0.113889
1 0.171354 0.805093 0.070833 0.112037
1 0.600521 0.683333 0.060417 0.085185
1 0.182812 0.563426 0.051042 0.100926
1 0.626563 0.128241 0.042708 0.036111
1 0.255208 0.270370 0.046875 0.059259
1 0.235417 0.076852 0.035417 0.040741
1 0.735417 0.398611 0.058333 0.060185
1 0.925521 0.121759 0.035417 0.036111
