1 0.607552 0.403704 0.061979 0.059259
1 0.775521 0.528704 0.063542 0.072222
1 0.786979 0.461574 0.054167 0.062037
1 0.817448 0.382870 0.047396 0.056481
1 0.924479 0.650926 0.085417 0.088889
1 0.876563 0.133796 0.050000 0.034259
1 0.622135 0.118056 0.044271 0.039815
1 0.680990 0.112037 0.035937 0.037037
1 0.208594 0.118981 0.035937 0.039815
1 0.176042 0.771296 0.069792 0.112963
1 0.264062 0.858333 0.063542 0.112963
1 0.607552 0.403704 0.061979 0.059259
1 0.775521 0.528704 0.063542 0.072222
1 0.786979 0.461574 0.054167 0.062037
1 0.817448 0.382870 0.047396 0.056481
1 0.924479 0.650926 0.085417 0.088889
1 0.876563 0.133796 0.050000 0.034259
1 0.622135 0.118056 0.044271 0.039815
1 0.680990 0.112037 0.035937 0.037037
3 0.341667 0.199074 0.090625 0.114815
1 0.208594 0.118981 0.035937 0.039815
1 0.176042 0.771296 0.069792 0.112963
1 0.264062 0.858333 0.063542 0.112963
3 0.198698 0.989352 0.086979 0.104630
