1 0.874740 0.623611 0.070312 0.080556
1 0.776823 0.544444 0.070312 0.074074
1 0.191667 0.108796 0.034375 0.043519
1 0.966146 0.706944 0.069792 0.091667
1 0.988021 0.875000 0.086458 0.111111
1 0.826823 0.813889 0.074479 0.101852
1 0.550781 0.468519 0.061979 0.085185
1 0.231250 0.247222 0.038542 0.051852
0 0.426042 0.592593 0.018750 0.044444
1 0.272396 0.871759 0.061458 0.113889
1 0.417187 0.346759 0.041667 0.062037
1 0.175000 0.802778 0.070833 0.111111
1 0.150000 0.231481 0.039583 0.051852
1 0.670052 0.387963 0.057813 0.064815
1 0.045312 0.138889 0.042708 0.051852
1 0.887760 0.120833 0.045312 0.036111
