1 0.215365 0.510648 0.063021 0.089815
1 0.459635 0.373148 0.052604 0.050000
1 0.607552 0.425926 0.065104 0.059259
1 0.777865 0.474074 0.053646 0.061111
1 0.816667 0.405556 0.050000 0.055556
1 0.769531 0.543981 0.075521 0.080556
1 0.621094 0.141204 0.043229 0.037963
1 0.680990 0.137037 0.035937 0.037037
1 0.428385 0.284722 0.043229 0.045370
1 0.473698 0.649074 0.061979 0.062963
1 0.180469 0.785185 0.070312 0.109259
1 0.866146 0.540278 0.056250 0.065741
1 0.201563 1.025926 0.067708 0.098148
1 0.047917 1.018056 0.062500 0.058333
