1 0.874219 0.638426 0.069271 0.080556
1 0.777865 0.557407 0.071354 0.075926
1 0.196875 0.117130 0.034375 0.043519
1 0.965625 0.721759 0.069792 0.091667
1 0.353906 0.310185 0.049479 0.061111
1 0.334896 0.346296 0.047917 0.061111
1 0.255469 0.217593 0.044271 0.062963
1 0.099219 0.135648 0.034896 0.045370
0 0.246094 0.393056 0.014063 0.034259
1 0.275521 0.881944 0.061458 0.112037
1 0.582031 0.316204 0.054688 0.054630
1 0.189062 0.153241 0.020833 0.019444
1 0.179688 0.812500 0.070833 0.110185
1 0.031510 0.129167 0.035937 0.045370
