1 0.874219 0.637963 0.069271 0.079630
1 0.777604 0.557407 0.070833 0.075926
1 0.196875 0.117130 0.034375 0.043519
1 0.965625 0.721759 0.069792 0.091667
1 0.371354 0.325000 0.050000 0.061111
1 0.346875 0.359259 0.048958 0.061111
1 0.264062 0.224537 0.046875 0.063889
1 0.101302 0.137037 0.033854 0.044444
0 0.251042 0.400463 0.014583 0.034259
1 0.275521 0.881944 0.061458 0.112037
1 0.559896 0.298611 0.054167 0.054630
1 0.194792 0.157870 0.020833 0.019444
1 0.179167 0.812500 0.070833 0.110185
1 0.034115 0.131944 0.035937 0.045370
