1 0.874479 0.623611 0.070833 0.080556
1 0.776823 0.544444 0.070312 0.074074
1 0.191667 0.108796 0.034375 0.043519
1 0.965625 0.706944 0.069792 0.091667
1 0.880729 0.867130 0.078125 0.108333
1 0.585938 0.498611 0.063542 0.086111
1 0.241667 0.257407 0.038542 0.051852
0 0.439583 0.611574 0.022917 0.049074
1 0.272396 0.871759 0.061458 0.113889
1 0.442188 0.368519 0.042708 0.062963
1 0.175000 0.802778 0.070833 0.111111
1 0.160677 0.243519 0.040104 0.053704
1 0.627604 0.355556 0.054167 0.062963
1 0.056771 0.150463 0.042708 0.050926
1 0.866927 0.118519 0.045312 0.035185
