0 0.869531 0.620370 0.070312 0.079630
3 0.267448 0.150926 0.088021 0.105556
0 0.772396 0.542130 0.069792 0.075000
0 0.186979 0.108796 0.034375 0.043519
0 0.963021 0.702778 0.073958 0.090741
3 0.738542 0.186111 0.064583 0.122222
0 0.814323 0.801389 0.061979 0.089815
2 0.985677 0.941667 0.028646 0.116667
0 0.268750 0.872685 0.061458 0.113889
0 0.171354 0.804167 0.070833 0.112037
0 0.720833 0.805093 0.065625 0.091667
3 0.261458 0.046759 0.105208 0.093519
0 0.121875 0.701389 0.065625 0.115741
0 0.625000 0.129167 0.042708 0.034259
3 0.214062 0.974074 0.067708 0.051852
0 0.316667 0.324074 0.050000 0.062963
3 0.711979 0.304167 0.122917 0.128704
0 0.138802 0.013426 0.033854 0.026852
0 0.589583 0.298148 0.052083 0.051852
0 0.862240 0.111574 0.034896 0.034259
0 0.862240 0.532870 0.053646 0.062037
0 0.978125 0.526389 0.043750 0.069444

4 0.417187 0.618981 0.008333 0.012037