0 0.206510 0.547685 0.059896 0.093519
0 0.374479 0.417593 0.066667 0.061111
0 0.536458 0.390741 0.063542 0.061111
0 0.778646 0.476852 0.054167 0.061111
0 0.860677 0.525000 0.052604 0.037037
0 0.817708 0.406481 0.048958 0.057407
3 0.744271 0.180093 0.086458 0.100926
0 0.623177 0.268981 0.042188 0.039815
0 0.680729 0.137963 0.038542 0.037037
0 0.621354 0.141667 0.042708 0.038889
0 0.747656 0.756481 0.068229 0.085185
3 0.587240 0.650000 0.084896 0.088889
0 0.177344 0.790278 0.070312 0.110185
0 0.394271 0.686574 0.063542 0.082407
0 0.091667 0.943056 0.073958 0.113889
3 0.912500 0.658333 0.175000 0.272222
0 0.242448 0.940741 0.071354 0.118519

4 0.667448 0.706944 0.010937 0.010185
4 0.850000 0.835185 0.010417 0.014815