0 0.840104 0.448611 0.071875 0.071296
1 0.180990 0.296759 0.016146 0.039815
0 0.505469 0.667130 0.066146 0.063889
0 0.374740 0.461111 0.059896 0.088889
0 0.341667 0.086111 0.037500 0.042593
0 0.266667 0.197222 0.044792 0.061111
0 0.214583 0.154167 0.042708 0.050926
3 0.209635 0.190278 0.061979 0.089815
3 0.188802 0.218981 0.077604 0.115741
3 0.109896 0.151389 0.089583 0.113889
0 0.772656 0.531481 0.064062 0.074074
0 0.859375 0.603704 0.075000 0.083333
0 0.833854 0.502778 0.072917 0.077778
0 0.960677 0.696296 0.078646 0.088889
3 0.043490 0.097685 0.049479 0.065741
2 0.071354 0.065741 0.123958 0.131481
3 0.231510 0.003241 0.030729 0.006481
0 0.455469 0.308796 0.033854 0.062037

4 0.800521 0.559722 0.011458 0.026852
4 0.094271 0.887963 0.007292 0.020370