0 0.874219 0.637963 0.069271 0.079630
3 0.275260 0.160648 0.088021 0.108333
0 0.777604 0.557407 0.070833 0.075926
0 0.196875 0.117130 0.034375 0.043519
0 0.965365 0.721759 0.069271 0.091667
3 0.808854 0.380556 0.117708 0.146296
3 0.965365 0.503241 0.069271 0.117593
0 0.373958 0.326852 0.050000 0.061111
0 0.348958 0.361111 0.048958 0.061111
2 0.224740 0.293981 0.141146 0.173148
0 0.264583 0.225926 0.046875 0.064815
3 0.099479 0.185648 0.055208 0.076852
0 0.101823 0.137037 0.033854 0.044444
2 0.187240 0.191204 0.119271 0.139815
1 0.252083 0.401389 0.014583 0.034259
0 0.275521 0.881944 0.061458 0.112037
0 0.555729 0.296759 0.054167 0.054630
0 0.195312 0.158796 0.020833 0.019444
0 0.179167 0.812500 0.070833 0.110185
0 0.034635 0.131944 0.035937 0.045370
3 0.987760 0.624074 0.024479 0.209259

4 0.638802 0.669444 0.007812 0.027778
4 0.995313 0.521296 0.007292 0.020370