1 0.738021 0.081019 0.018750 0.032407
0 0.837760 0.451852 0.071354 0.072222
0 0.001302 0.052315 0.002604 0.013889
1 0.186198 0.304167 0.016146 0.039815
0 0.269271 0.011111 0.043750 0.022222
0 0.941927 0.534722 0.064062 0.071296
0 0.271094 0.201389 0.045312 0.060185
0 0.218229 0.157870 0.041667 0.050926
3 0.215885 0.196296 0.064062 0.090741
3 0.193229 0.223148 0.078125 0.118519
3 0.114583 0.156481 0.088542 0.112963
0 0.775781 0.538426 0.064062 0.075000
0 0.863021 0.611111 0.075000 0.083333
0 0.836458 0.508333 0.072917 0.075926
0 0.962760 0.704630 0.074479 0.088889
3 0.048698 0.101389 0.049479 0.065741
2 0.102865 0.081019 0.128646 0.149074

4 0.239323 0.776389 0.010937 0.015741