0 0.839844 0.449074 0.072396 0.072222
1 0.180990 0.296759 0.016146 0.039815
0 0.554167 0.679167 0.066667 0.073148
0 0.401823 0.416204 0.054688 0.082407
0 0.310677 0.061574 0.036979 0.041667
0 0.266667 0.196296 0.044792 0.059259
0 0.214844 0.154167 0.043229 0.050926
3 0.210156 0.190278 0.061979 0.089815
3 0.189062 0.218981 0.078125 0.117593
3 0.109896 0.151389 0.089583 0.113889
0 0.772656 0.531481 0.064062 0.074074
0 0.859375 0.603704 0.075000 0.083333
0 0.833333 0.503704 0.072917 0.077778
0 0.960417 0.696296 0.079167 0.088889
3 0.043490 0.097685 0.049479 0.065741
2 0.072396 0.063426 0.126042 0.126852
0 0.461719 0.276389 0.028646 0.060185

4 0.305208 0.694444 0.005208 0.009259