0 0.871615 0.620370 0.070312 0.081481
3 0.268490 0.149074 0.088021 0.107407
0 0.773698 0.542130 0.070312 0.075000
0 0.188542 0.106019 0.034375 0.043519
0 0.964063 0.701852 0.071875 0.090741
3 0.422656 0.099074 0.080729 0.100000
3 0.740885 0.293981 0.101562 0.141667
2 0.773438 0.845833 0.259375 0.308333
0 0.445573 0.446296 0.046354 0.062963
2 0.620313 0.580556 0.201042 0.248148
1 0.670052 0.899537 0.019271 0.045370
0 0.269271 0.870833 0.061458 0.113889
0 0.961979 0.860185 0.076042 0.107407
0 0.171875 0.801852 0.070833 0.111111
0 0.373958 0.450000 0.048958 0.066667
3 0.525781 0.213426 0.134896 0.150926
0 0.194531 0.043981 0.039062 0.039815
0 0.209896 0.316204 0.039583 0.069444
0 0.667969 0.119907 0.044271 0.036111
3 0.214583 0.972685 0.066667 0.054630
0 0.121875 0.155556 0.043750 0.053704
3 0.925000 0.450926 0.150000 0.151852
0 0.557292 0.307407 0.047917 0.051852

4 0.920312 0.809259 0.011458 0.038889
4 0.458073 0.781481 0.032813 0.037037