0 0.747656 0.404167 0.058854 0.063889
0 0.282031 0.348148 0.041146 0.062963
3 0.328906 0.081944 0.052604 0.065741
0 0.289844 0.875926 0.060937 0.107407
0 0.226042 0.963889 0.072917 0.072222
1 0.675260 0.935185 0.027604 0.053704
0 0.087240 0.156944 0.036979 0.049074
0 0.564063 0.513426 0.055208 0.073148
0 0.695833 0.174537 0.041667 0.039815
3 0.731510 0.836574 0.170313 0.236111
0 0.778906 0.559722 0.064062 0.075000
0 0.867188 0.634259 0.075000 0.083333
0 0.964844 0.727778 0.070312 0.085185
3 0.433854 0.488426 0.065625 0.099074
2 0.907552 0.877315 0.184896 0.245370

4 0.693490 0.834722 0.020313 0.032407
4 0.349219 0.913426 0.009896 0.008333