0 0.868750 0.616204 0.070833 0.080556
3 0.265885 0.147222 0.088021 0.105556
0 0.771354 0.539352 0.068750 0.075000
0 0.185417 0.106019 0.034375 0.043519
0 0.962500 0.697222 0.075000 0.090741
3 0.851562 0.131944 0.091667 0.078704
0 0.267708 0.869907 0.061458 0.113889
0 0.170833 0.800463 0.070833 0.112037
0 0.623437 0.126852 0.042708 0.035185
3 0.212760 0.972222 0.068229 0.055556
0 0.617448 0.597222 0.066146 0.088889
3 0.497135 0.155093 0.095312 0.106481
0 0.170573 0.021296 0.036979 0.038889
0 0.730729 0.111111 0.034375 0.035185
0 0.393490 0.185648 0.038021 0.041667
0 0.689583 0.303704 0.054167 0.051852
0 0.623177 0.313426 0.045312 0.049074
0 0.769792 0.456944 0.060417 0.063889

4 0.966927 0.934722 0.017188 0.025000
4 0.726823 0.558333 0.015104 0.033333