0 0.869010 0.617593 0.070312 0.081481
3 0.265885 0.148148 0.088021 0.105556
0 0.771094 0.539352 0.069271 0.075000
0 0.185938 0.106019 0.034375 0.043519
0 0.962500 0.698148 0.075000 0.090741
3 0.810417 0.141204 0.087500 0.091667
0 0.267708 0.869907 0.061458 0.113889
0 0.170313 0.802315 0.070833 0.112037
0 0.623958 0.129167 0.042708 0.034259
3 0.212760 0.972222 0.068229 0.055556
0 0.512760 0.500463 0.058854 0.080556
3 0.558594 0.195370 0.101562 0.112963
0 0.279948 0.090741 0.041146 0.042593
0 0.757292 0.107407 0.035417 0.035185
0 0.507812 0.266667 0.041667 0.046296
0 0.771094 0.361111 0.058854 0.055556
0 0.764062 0.413426 0.051042 0.058333
0 0.915365 0.568981 0.069271 0.073148
