0 0.874740 0.635185 0.068229 0.081481
3 0.275260 0.160648 0.088021 0.108333
0 0.777344 0.555556 0.071354 0.075926
0 0.195312 0.116204 0.034375 0.043519
0 0.965365 0.718056 0.069271 0.091667
3 0.789844 0.362037 0.116146 0.144444
3 0.954167 0.483796 0.091667 0.117593
0 0.425000 0.369907 0.053125 0.065741
0 0.390365 0.398148 0.051562 0.061111
2 0.251302 0.317130 0.145313 0.178704
0 0.293490 0.250000 0.047396 0.066667
3 0.117448 0.201852 0.055729 0.077778
0 0.112240 0.145833 0.034896 0.045370
2 0.207292 0.206481 0.122917 0.144444
1 0.272396 0.426389 0.015625 0.034259
0 0.275521 0.880556 0.061458 0.112963
0 0.489844 0.239815 0.050521 0.050000
0 0.217188 0.173611 0.020833 0.019444
0 0.178125 0.810648 0.070833 0.110185
0 0.044010 0.139815 0.036979 0.046296
3 0.975260 0.603241 0.049479 0.208333

4 0.210677 0.661111 0.009896 0.016667
4 0.938281 0.734722 0.010937 0.015741