0 0.852604 0.455093 0.072917 0.075000
1 0.181510 0.295833 0.016146 0.039815
0 0.264062 0.857407 0.064583 0.125926
0 0.185417 0.757870 0.080208 0.126852
0 0.443229 0.248148 0.021875 0.055556
0 0.266667 0.194444 0.044792 0.061111
0 0.214062 0.150463 0.042708 0.050926
3 0.209635 0.186574 0.061979 0.089815
3 0.189062 0.216667 0.078125 0.116667
3 0.109375 0.147685 0.089583 0.112037
0 0.772656 0.526852 0.064062 0.074074
0 0.859896 0.598148 0.075000 0.083333
0 0.833333 0.499074 0.072917 0.077778
0 0.960417 0.690741 0.079167 0.088889
3 0.043490 0.095833 0.049479 0.065741
2 0.054688 0.054630 0.109375 0.109259
3 0.372135 0.082407 0.061979 0.087037
0 0.333854 0.533333 0.055208 0.079630

4 0.673698 0.628704 0.010937 0.018519