0 0.536198 0.373148 0.059896 0.051852
0 0.714844 0.486111 0.059896 0.068519
0 0.776563 0.459259 0.053125 0.062963
0 0.816667 0.390741 0.048958 0.055556
0 0.858854 0.602315 0.079167 0.084259
0 0.957552 0.155093 0.051562 0.039815
0 0.620573 0.124537 0.043229 0.036111
0 0.679948 0.121296 0.035937 0.037037
3 0.379167 0.232870 0.094792 0.115741
0 0.245573 0.153241 0.035937 0.039815
0 0.178646 0.771759 0.069792 0.110185
0 0.270313 0.847685 0.062500 0.112037
3 0.201823 0.966204 0.086979 0.067593

4 0.165625 0.538889 0.015625 0.038889
4 0.550521 0.977778 0.007292 0.016667