1 0.985417 0.112037 0.018750 0.027778
0 0.837760 0.441667 0.071354 0.072222
1 0.180990 0.296759 0.016146 0.039815
0 0.864583 0.945833 0.081250 0.108333
0 0.457292 0.206019 0.023958 0.062037
0 0.960677 0.538889 0.065104 0.074074
0 0.267188 0.192130 0.045833 0.060185
0 0.215885 0.150463 0.043229 0.049074
3 0.210938 0.186574 0.062500 0.091667
3 0.189583 0.214815 0.078125 0.118519
3 0.110417 0.150000 0.088542 0.112963
0 0.772656 0.527315 0.064062 0.075000
0 0.859896 0.600926 0.075000 0.083333
0 0.834375 0.500000 0.072917 0.075926
0 0.960417 0.695370 0.079167 0.088889
3 0.044010 0.092130 0.049479 0.065741
2 0.085156 0.068056 0.130729 0.136111
0 0.427344 0.118056 0.030729 0.043519

4 0.065104 0.609722 0.006250 0.013889