0 0.999219 0.632870 0.001563 0.076852
0 0.175781 0.236111 0.036979 0.055556
3 0.504167 0.206019 0.064583 0.075000
0 0.288281 0.869907 0.060937 0.110185
0 0.225000 0.962037 0.072917 0.075926
1 0.567708 0.762037 0.021875 0.038889
0 0.008073 0.068056 0.016146 0.045370
0 0.270052 0.257870 0.043229 0.054630
0 0.700781 0.168981 0.041146 0.039815
0 0.257292 0.031481 0.036458 0.038889
3 0.503125 0.577315 0.128125 0.182407
0 0.780990 0.554167 0.064062 0.075000
0 0.867708 0.629630 0.075000 0.083333
0 0.965625 0.719444 0.068750 0.085185
3 0.286979 0.335185 0.058333 0.083333
2 0.625781 0.586574 0.222396 0.278704

4 0.889323 0.664815 0.021354 0.022222
4 0.522396 0.943056 0.011458 0.019444