0 0.876563 0.628704 0.068750 0.079630
3 0.277865 0.151852 0.088021 0.109259
0 0.778906 0.548148 0.070312 0.074074
0 0.183854 0.097685 0.034375 0.043519
0 0.966667 0.712963 0.066667 0.090741
3 0.882031 0.424074 0.123438 0.153704
3 0.982031 0.518056 0.035937 0.117593
0 0.268490 0.225926 0.045312 0.057407
0 0.240625 0.250926 0.045833 0.057407
2 0.152604 0.213889 0.129167 0.161111
0 0.113021 0.079630 0.036458 0.029630
3 0.065104 0.147685 0.043750 0.075000
0 0.081250 0.112500 0.021875 0.043519
2 0.154688 0.150000 0.115625 0.133333
0 0.686979 0.770833 0.065625 0.099074
0 0.309896 0.073611 0.038542 0.039815
0 0.203906 0.981019 0.068229 0.037963
