0 0.871615 0.620370 0.070312 0.081481
3 0.268490 0.149074 0.088021 0.107407
0 0.773698 0.542130 0.070312 0.075000
0 0.188021 0.106019 0.034375 0.043519
0 0.964063 0.701852 0.071875 0.090741
3 0.389583 0.077315 0.080208 0.099074
3 0.731510 0.275000 0.089063 0.146296
2 0.821875 0.873148 0.268750 0.253704
0 0.491406 0.489352 0.047396 0.065741
2 0.673438 0.630093 0.211458 0.262037
1 0.710417 0.963426 0.021875 0.045370
0 0.268750 0.870833 0.061458 0.113889
0 0.171354 0.801852 0.070833 0.111111
0 0.416146 0.493519 0.050000 0.068519
3 0.484375 0.186574 0.130208 0.143519
0 0.139323 0.011574 0.039062 0.023148
0 0.220052 0.357407 0.032813 0.075926
0 0.653125 0.123611 0.043750 0.034259
3 0.214583 0.972685 0.066667 0.054630
0 0.149219 0.177778 0.044271 0.053704
3 0.897917 0.429167 0.148958 0.149074
0 0.477865 0.250000 0.044271 0.048148
