0 0.874219 0.638426 0.069271 0.080556
3 0.275781 0.160648 0.088021 0.108333
0 0.777865 0.557407 0.071354 0.075926
0 0.196875 0.117130 0.034375 0.043519
0 0.965365 0.721759 0.069271 0.091667
3 0.819010 0.389352 0.119271 0.149074
3 0.970313 0.510648 0.059375 0.117593
0 0.350521 0.307407 0.048958 0.061111
0 0.331250 0.343519 0.047917 0.061111
2 0.213802 0.284259 0.139063 0.170370
0 0.252865 0.215278 0.045312 0.063889
3 0.091667 0.179167 0.054167 0.075000
0 0.098698 0.134722 0.034896 0.045370
2 0.179167 0.183796 0.118750 0.137963
1 0.243490 0.390278 0.014063 0.034259
0 0.275521 0.881944 0.061458 0.112037
0 0.588281 0.321759 0.055729 0.054630
0 0.186979 0.151389 0.020833 0.019444
0 0.179688 0.812500 0.070833 0.110185
0 0.030990 0.129167 0.035937 0.045370
3 0.993229 0.635648 0.013542 0.208333
