0 0.868750 0.616204 0.070833 0.080556
3 0.265885 0.147222 0.088021 0.105556
0 0.771354 0.539352 0.068750 0.075000
0 0.185417 0.106019 0.034375 0.043519
0 0.962500 0.697222 0.075000 0.090741
3 0.845833 0.134259 0.092708 0.081481
0 0.267708 0.869907 0.061458 0.113889
0 0.170833 0.800463 0.070833 0.112037
0 0.623437 0.126852 0.042708 0.035185
3 0.212760 0.972222 0.068229 0.055556
0 0.603906 0.584722 0.065104 0.087963
3 0.505208 0.159259 0.095833 0.107407
0 0.182552 0.028241 0.036979 0.037963
0 0.732812 0.109259 0.035417 0.037037
0 0.405729 0.193981 0.037500 0.041667
0 0.698698 0.310648 0.054688 0.052778
0 0.639062 0.323611 0.045833 0.049074
0 0.785937 0.469444 0.061458 0.064815

4 0.528906 0.833333 0.004687 0.014815