0 0.204427 0.003704 0.040104 0.007407
0 0.084115 0.142130 0.034896 0.050926
3 0.724740 0.368056 0.081771 0.093519
0 0.288802 0.867130 0.060937 0.110185
0 0.217969 0.967593 0.073438 0.064815
1 0.439063 0.603241 0.021875 0.045370
3 0.402604 0.082870 0.051042 0.062037
0 0.054688 0.061574 0.036458 0.045370
0 0.766146 0.150926 0.040625 0.040741
0 0.461198 0.175000 0.040104 0.044444
0 0.989062 0.917593 0.021875 0.114815
0 0.716146 0.622685 0.064583 0.084259
3 0.853906 0.909722 0.136979 0.180556
3 0.341927 0.386574 0.111979 0.145370
0 0.780990 0.550463 0.064062 0.075000
0 0.869271 0.625000 0.075000 0.083333
0 0.192708 0.021759 0.041667 0.043519
0 0.965104 0.717593 0.069792 0.085185
3 0.166146 0.212500 0.052083 0.069444
2 0.392188 0.355556 0.169792 0.214815

4 0.701562 0.657407 0.021875 0.022222
4 0.695573 0.585185 0.010937 0.012963