1 0.460677 0.025000 0.019271 0.035185
0 0.743750 0.393519 0.063542 0.064815
0 0.004687 0.068519 0.009375 0.027778
3 0.996354 0.611574 0.007292 0.041667
1 0.229687 0.351389 0.017708 0.032407
3 0.821094 0.392593 0.078646 0.083333
0 0.922135 0.535185 0.064062 0.072222
0 0.307552 0.243056 0.045312 0.056481
0 0.237500 0.186574 0.041667 0.054630
3 0.318229 0.298611 0.066667 0.097222
3 0.252865 0.292130 0.078646 0.125000
3 0.131771 0.182870 0.088542 0.113889
0 0.775260 0.554167 0.064062 0.075000
0 0.863021 0.627778 0.075000 0.083333
0 0.746615 0.451389 0.067187 0.073148
0 0.962500 0.721296 0.075000 0.085185
3 0.055990 0.118056 0.049479 0.065741
2 0.133854 0.123611 0.129167 0.158333

4 0.557552 0.566204 0.020313 0.021296