0 0.881250 0.475926 0.075000 0.077778
1 0.181510 0.295833 0.016146 0.039815
0 0.197135 0.968519 0.067187 0.062963
0 0.123438 0.867593 0.089583 0.142593
0 0.438021 0.315741 0.033333 0.061111
0 0.266927 0.193056 0.044271 0.060185
0 0.214062 0.150463 0.042708 0.050926
3 0.209375 0.184722 0.062500 0.089815
3 0.189062 0.215278 0.078125 0.117593
3 0.109375 0.147685 0.089583 0.112037
0 0.772656 0.525000 0.064062 0.074074
0 0.860417 0.596296 0.075000 0.083333
0 0.835938 0.498148 0.072917 0.077778
0 0.960417 0.690278 0.078125 0.091667
3 0.043490 0.094907 0.049479 0.065741
2 0.049740 0.050000 0.099479 0.100000
3 0.412500 0.122685 0.056250 0.089815
0 0.275000 0.617593 0.059375 0.088889

4 0.342708 0.517130 0.012500 0.019444