0 0.238281 0.478704 0.063021 0.083333
0 0.483594 0.374537 0.052604 0.052778
0 0.626823 0.435185 0.064062 0.061111
0 0.777865 0.474537 0.053646 0.062037
0 0.816667 0.405556 0.050000 0.055556
0 0.791927 0.561574 0.076563 0.080556
0 0.621094 0.141204 0.043229 0.037963
0 0.680469 0.136574 0.035937 0.036111
3 0.575781 0.275000 0.107813 0.098148
0 0.410417 0.276389 0.042708 0.047222
0 0.451562 0.653704 0.061458 0.066667
0 0.180469 0.784722 0.070312 0.110185
3 0.315625 0.776852 0.081250 0.137037
0 0.873958 0.546296 0.057292 0.066667

4 0.254167 0.898148 0.015625 0.018519