0 0.123958 0.180556 0.037500 0.051852
3 0.610417 0.281019 0.071875 0.084259
0 0.288802 0.867130 0.060937 0.110185
0 0.225781 0.960185 0.073438 0.079630
1 0.504948 0.686111 0.022396 0.046296
3 0.306510 0.023148 0.046354 0.046296
0 0.152083 0.147685 0.039583 0.047222
0 0.718490 0.162037 0.040104 0.040741
0 0.356250 0.099074 0.037500 0.040741
0 0.980990 0.909722 0.038021 0.113889
3 0.419010 0.472685 0.118229 0.160185
0 0.780990 0.550463 0.064062 0.075000
0 0.869271 0.625000 0.075000 0.083333
0 0.965104 0.717593 0.069792 0.085185
3 0.219010 0.264815 0.054688 0.075926
2 0.498177 0.457870 0.188021 0.241667
