0 0.877083 0.627778 0.070833 0.081481
3 0.277344 0.147222 0.088021 0.109259
0 0.779948 0.547222 0.070312 0.074074
0 0.145313 0.062037 0.033333 0.042593
0 0.966406 0.709259 0.067187 0.090741
3 0.882031 0.422222 0.123438 0.153704
3 0.981771 0.517130 0.036458 0.117593
0 0.268490 0.221296 0.045312 0.057407
0 0.240104 0.244444 0.045833 0.057407
2 0.152604 0.209722 0.129167 0.160185
0 0.050260 0.031481 0.041146 0.055556
3 0.064062 0.141204 0.043750 0.075000
0 0.073698 0.100926 0.023438 0.044444
2 0.148958 0.140278 0.115625 0.134259
0 0.717448 0.784722 0.064062 0.095370
0 0.543750 0.575463 0.046875 0.087963
0 0.405208 0.149537 0.035417 0.045370

4 0.972396 0.543981 0.015625 0.021296