0 0.879687 0.632870 0.070833 0.080556
3 0.277344 0.153241 0.088021 0.108333
0 0.781250 0.551852 0.070833 0.074074
0 0.198437 0.111574 0.034375 0.043519
0 0.968229 0.716204 0.063542 0.091667
3 0.883073 0.425926 0.123438 0.153704
3 0.982552 0.521759 0.034896 0.117593
0 0.267969 0.228704 0.045312 0.057407
0 0.242708 0.256481 0.045833 0.057407
2 0.152083 0.217593 0.130208 0.161111
0 0.206510 0.165741 0.041146 0.055556
3 0.063021 0.149537 0.043750 0.075000
0 0.085417 0.124074 0.017708 0.042593
2 0.156510 0.153241 0.116146 0.134259
1 0.179427 0.320370 0.014063 0.033333
0 0.275000 0.873611 0.062500 0.112037
0 0.812760 0.495370 0.070312 0.072222
0 0.134896 0.101389 0.022917 0.019444
0 0.179167 0.804167 0.070833 0.110185
0 0.007812 0.093056 0.015625 0.045370
