0 0.651823 0.429167 0.063021 0.063889
0 0.811979 0.552778 0.066667 0.075926
0 0.803125 0.468519 0.055208 0.062963
0 0.822135 0.381944 0.049479 0.056481
0 0.956771 0.671759 0.086458 0.091667
0 0.831250 0.133333 0.047917 0.035185
0 0.622135 0.113426 0.044271 0.039815
0 0.683073 0.107870 0.034896 0.037963
3 0.319271 0.177315 0.089583 0.113889
0 0.192188 0.103241 0.035417 0.039815
0 0.175521 0.770370 0.069792 0.112963
0 0.264583 0.856019 0.063542 0.112037
3 0.198698 0.966667 0.086979 0.066667

4 0.948177 0.585648 0.013021 0.028704