3 0.884896 0.412500 0.123958 0.149074
2 0.110156 0.097222 0.114062 0.131481
0 0.449740 0.189815 0.025521 0.048148
2 0.153646 0.196759 0.130208 0.162037
0 0.967708 0.702315 0.064583 0.093519
0 0.519010 0.291667 0.034896 0.062963
0 0.782552 0.537037 0.071354 0.075926
1 0.172656 0.291204 0.014063 0.036111
0 0.359375 0.493056 0.055208 0.080556
0 0.867969 0.157407 0.049479 0.038889
3 0.170313 0.054630 0.079167 0.094444
0 0.238802 0.231481 0.044271 0.055556
0 0.319010 0.765741 0.056771 0.096296
0 0.269792 0.211111 0.044792 0.055556
3 0.019792 0.080556 0.039583 0.072222
0 0.880729 0.618519 0.070833 0.081481
0 0.004427 0.022685 0.008854 0.025000

4 0.872396 0.696296 0.012500 0.044444