0 0.309896 0.404167 0.063542 0.065741
0 0.550521 0.391204 0.054167 0.056481
0 0.682292 0.468519 0.065625 0.064815
0 0.777344 0.470833 0.053646 0.062037
0 0.815885 0.400463 0.048438 0.054630
0 0.859375 0.615278 0.082292 0.087963
0 0.620573 0.139352 0.043229 0.037963
0 0.680469 0.132870 0.035937 0.036111
3 0.520573 0.282870 0.101562 0.087963
0 0.359635 0.245833 0.040104 0.045370
0 0.385156 0.687037 0.061979 0.083333
0 0.180729 0.779630 0.069792 0.109259
3 0.271615 0.861111 0.082812 0.157407
0 0.918750 0.579630 0.059375 0.068519

4 0.622396 0.530093 0.019792 0.058333