0 0.868490 0.619444 0.071354 0.081481
3 0.266406 0.150000 0.088021 0.105556
0 0.771094 0.541667 0.068229 0.074074
0 0.185938 0.107870 0.034375 0.043519
0 0.962500 0.701852 0.075000 0.090741
3 0.771094 0.158333 0.078646 0.103704
0 0.268229 0.872685 0.061458 0.113889
0 0.170833 0.804167 0.070833 0.112037
0 0.940625 0.984259 0.078125 0.031481
3 0.163021 0.011574 0.101042 0.023148
0 0.017448 0.942130 0.034896 0.115741
0 0.623958 0.129167 0.042708 0.034259
3 0.213021 0.973611 0.067708 0.052778
0 0.419010 0.415741 0.054688 0.074074
3 0.621094 0.241667 0.109896 0.118519
0 0.405729 0.174537 0.044792 0.045370
0 0.794010 0.101852 0.036979 0.024074
0 0.643490 0.367130 0.046354 0.052778
0 0.861458 0.431019 0.063542 0.060185
0 0.934635 0.544444 0.056771 0.066667

4 0.389323 0.704630 0.018229 0.025926