0 0.869531 0.620370 0.070312 0.079630
3 0.267448 0.150000 0.088021 0.105556
0 0.772396 0.542130 0.069792 0.075000
0 0.186979 0.108796 0.034375 0.043519
0 0.963021 0.702778 0.073958 0.090741
3 0.736979 0.188426 0.064583 0.125000
0 0.804427 0.792593 0.061979 0.088889
2 0.978906 0.935185 0.042188 0.129630
0 0.268750 0.872685 0.061458 0.113889
0 0.171354 0.804167 0.070833 0.112037
0 0.711198 0.794907 0.065104 0.091667
3 0.267969 0.048611 0.105729 0.097222
0 0.127604 0.689352 0.064583 0.115741
0 0.625000 0.129167 0.042708 0.034259
3 0.214062 0.974074 0.067708 0.051852
0 0.311979 0.319907 0.050000 0.062037
3 0.717708 0.308333 0.122917 0.129630
0 0.145573 0.015278 0.033854 0.030556
0 0.600521 0.305556 0.052083 0.053704
0 0.866146 0.111574 0.035417 0.034259
0 0.874479 0.541667 0.054167 0.064815
0 0.981510 0.532870 0.036979 0.069444
