0 0.870052 0.620833 0.070312 0.080556
3 0.267448 0.149537 0.088021 0.106481
0 0.772917 0.541204 0.070833 0.076852
0 0.186979 0.107870 0.034375 0.043519
0 0.963281 0.702778 0.073438 0.090741
3 0.288281 0.028704 0.068229 0.057407
3 0.719531 0.222222 0.035937 0.129630
2 0.913021 0.963426 0.173958 0.073148
0 0.651302 0.643519 0.054688 0.079630
2 0.877083 0.835185 0.245833 0.322222
0 0.268229 0.871759 0.061458 0.113889
0 0.171354 0.804167 0.070833 0.112037
0 0.566146 0.650000 0.057292 0.079630
3 0.357292 0.097685 0.113542 0.128704
0 0.197135 0.524537 0.045312 0.095370
0 0.627083 0.128241 0.042708 0.036111
3 0.213281 0.973611 0.067187 0.052778
0 0.237240 0.254167 0.046354 0.058333
3 0.800260 0.364352 0.135937 0.137963
0 0.268750 0.100000 0.037500 0.038889
0 0.785156 0.433796 0.059896 0.062037
0 0.947917 0.129167 0.036458 0.036111

4 0.347656 0.578241 0.013021 0.019444