0 0.791667 0.898148 0.077083 0.107407
0 0.612760 0.665741 0.072396 0.072222
0 0.179167 0.781481 0.069792 0.111111
0 0.088802 0.942593 0.073438 0.114815
0 0.175000 0.569444 0.071875 0.109259
3 0.874740 0.605556 0.250521 0.279630
0 0.777083 0.467130 0.053125 0.039815
0 0.816667 0.410648 0.048958 0.054630
0 0.615104 0.147222 0.046875 0.037037
0 0.680208 0.140278 0.035417 0.037963
0 0.822135 0.171296 0.038021 0.037037
3 0.980208 0.171759 0.039583 0.087963
3 0.253385 0.909722 0.089063 0.162037

4 0.216927 0.686574 0.016146 0.019444
4 0.486979 0.772222 0.010417 0.024074