0 0.871354 0.603704 0.070833 0.081481
3 0.272656 0.143519 0.088021 0.105556
0 0.759635 0.513426 0.070312 0.071296
0 0.182812 0.096759 0.034375 0.043519
0 0.965104 0.686111 0.069792 0.090741
0 0.266146 0.862500 0.061458 0.113889
0 0.175260 0.781019 0.070312 0.112037
0 0.622396 0.118519 0.042708 0.035185
3 0.209896 0.968981 0.070833 0.062037
0 0.683073 0.112037 0.035937 0.037037
0 0.742969 0.176852 0.033854 0.048148
0 0.256510 0.042130 0.036979 0.039815
0 0.334635 0.098148 0.039062 0.040741
0 0.880469 0.428241 0.051562 0.056481
0 0.882812 0.531481 0.058333 0.066667
