0 0.872396 0.621759 0.069792 0.080556
3 0.269531 0.150000 0.088021 0.107407
0 0.774479 0.543519 0.069792 0.074074
0 0.189583 0.107870 0.034375 0.043519
0 0.964583 0.704630 0.070833 0.090741
3 0.489063 0.142593 0.087500 0.107407
3 0.769531 0.331019 0.115104 0.137963
2 0.678385 0.764352 0.230729 0.326852
3 0.071354 0.786574 0.089583 0.175000
0 0.365885 0.370833 0.044271 0.060185
2 0.527865 0.492593 0.177604 0.224074
1 0.594531 0.791667 0.017188 0.044444
0 0.270833 0.870833 0.061458 0.113889
0 0.747396 0.650000 0.065625 0.087037
0 0.173437 0.802778 0.070833 0.111111
0 0.297396 0.372222 0.044792 0.061111
3 0.614583 0.273611 0.146875 0.162037
0 0.312500 0.126852 0.042708 0.044444
0 0.171615 0.258796 0.048438 0.058333
0 0.712500 0.113889 0.043750 0.035185
3 0.216667 0.973148 0.066667 0.053704
0 0.070573 0.112500 0.042188 0.050926
3 0.953906 0.495833 0.092188 0.154630
0 0.733333 0.433796 0.055208 0.065741
