0 0.868490 0.619444 0.071354 0.081481
3 0.266406 0.150000 0.088021 0.105556
0 0.771094 0.541667 0.068229 0.074074
0 0.185938 0.107870 0.034375 0.043519
0 0.962500 0.700926 0.075000 0.090741
3 0.773698 0.156481 0.079687 0.103704
0 0.268229 0.872685 0.061458 0.113889
0 0.170313 0.804167 0.070833 0.112037
0 0.954167 0.991204 0.078125 0.017593
3 0.157292 0.010185 0.101042 0.020370
0 0.013802 0.951852 0.027604 0.096296
0 0.623958 0.129167 0.042708 0.034259
3 0.213021 0.973611 0.067708 0.052778
0 0.425260 0.421759 0.054688 0.075000
3 0.616927 0.237500 0.109896 0.119444
0 0.396354 0.168981 0.044792 0.045370
0 0.791146 0.103241 0.034375 0.026852
0 0.632812 0.359722 0.045833 0.050926
0 0.854948 0.425926 0.063021 0.059259
0 0.921094 0.533333 0.057813 0.066667
