0 0.207552 0.005093 0.040104 0.010185
0 0.083594 0.141204 0.034896 0.050926
3 0.727865 0.370833 0.081771 0.093519
0 0.288802 0.867130 0.060937 0.110185
0 0.217448 0.968056 0.073438 0.063889
1 0.437240 0.600000 0.022396 0.044444
3 0.404687 0.084722 0.051042 0.062037
0 0.052083 0.058796 0.036458 0.045370
0 0.767708 0.150463 0.040625 0.039815
0 0.463802 0.176852 0.041146 0.044444
0 0.984896 0.909722 0.030208 0.113889
0 0.710417 0.616204 0.064583 0.084259
3 0.846094 0.905093 0.135937 0.189815
3 0.339844 0.384259 0.109896 0.140741
0 0.780990 0.550463 0.064062 0.075000
0 0.869271 0.625000 0.075000 0.083333
0 0.196354 0.023611 0.041667 0.043519
0 0.965104 0.717593 0.069792 0.085185
3 0.165104 0.211574 0.052083 0.069444
2 0.389062 0.351852 0.169792 0.214815

4 0.873698 0.701389 0.018229 0.054630
4 0.678385 0.910648 0.011979 0.013889