0 0.098437 0.156481 0.036458 0.050000
3 0.674479 0.328241 0.079167 0.091667
0 0.288802 0.867130 0.060937 0.110185
0 0.223177 0.962037 0.073438 0.075926
1 0.464844 0.637037 0.023438 0.046296
3 0.361458 0.053704 0.047917 0.059259
0 0.093490 0.094907 0.038021 0.047222
0 0.742188 0.156481 0.040625 0.038889
0 0.416146 0.140278 0.039583 0.043519
0 0.827083 0.732870 0.071875 0.097222
3 0.958854 0.979630 0.082292 0.040741
3 0.373437 0.424074 0.114583 0.148148
0 0.780990 0.550463 0.064062 0.075000
0 0.869271 0.625000 0.075000 0.083333
0 0.145833 0.002778 0.041667 0.005556
0 0.965104 0.717593 0.069792 0.085185
3 0.186979 0.232407 0.053125 0.072222
2 0.435156 0.396296 0.178646 0.227778

4 0.167969 0.934722 0.010937 0.026852