3 0.321354 0.827315 0.078125 0.134259
0 0.454427 0.685185 0.057813 0.070370
0 0.198177 0.804630 0.061979 0.098148
2 0.167969 0.231944 0.127604 0.163889
3 0.660937 0.460648 0.072917 0.082407
0 0.693750 0.181944 0.040625 0.039815
0 0.161719 0.662037 0.065104 0.101852
0 0.356510 0.415741 0.061979 0.061111
0 0.503646 0.387963 0.057292 0.042593
0 0.230208 0.861111 0.075000 0.129630
3 0.802865 0.576852 0.079687 0.087037
0 0.069010 0.100463 0.038021 0.047222

4 0.869010 0.675463 0.010937 0.019444
4 0.964844 0.918519 0.009896 0.018519