0 0.555208 0.380093 0.061458 0.052778
0 0.731250 0.497685 0.060417 0.069444
0 0.778125 0.459259 0.053125 0.062963
0 0.816667 0.388889 0.048958 0.055556
0 0.876302 0.614815 0.079687 0.087037
0 0.936458 0.147685 0.052083 0.039815
0 0.621094 0.122685 0.044271 0.036111
0 0.679948 0.119444 0.035937 0.037037
3 0.369531 0.224537 0.094271 0.115741
0 0.235677 0.143056 0.035937 0.039815
0 0.178646 0.771759 0.069792 0.110185
0 0.267708 0.852778 0.062500 0.112963
3 0.199740 0.967593 0.086979 0.064815

4 0.486719 0.628704 0.016146 0.018519