0 0.877604 0.629630 0.069792 0.079630
3 0.277865 0.151852 0.088021 0.109259
0 0.779687 0.550000 0.068750 0.074074
0 0.192708 0.106019 0.034375 0.043519
0 0.966667 0.713426 0.066667 0.091667
3 0.882552 0.424074 0.123438 0.153704
3 0.982552 0.519907 0.034896 0.117593
0 0.268490 0.225926 0.045312 0.057407
0 0.241146 0.251852 0.045833 0.057407
2 0.152604 0.214815 0.129167 0.161111
0 0.139323 0.097685 0.033854 0.032407
3 0.065104 0.146759 0.043750 0.075000
0 0.082552 0.114815 0.019271 0.042593
2 0.156250 0.150926 0.115625 0.133333
0 0.797135 0.891204 0.075521 0.110185
0 0.255729 0.037500 0.037500 0.037963
0 0.236979 0.943981 0.066667 0.112037
