0 0.875521 0.624537 0.069792 0.082407
3 0.273177 0.150463 0.088021 0.108333
0 0.777604 0.545370 0.070833 0.074074
0 0.192708 0.109722 0.034375 0.043519
0 0.965885 0.706944 0.068229 0.091667
3 0.687240 0.276852 0.106771 0.129630
3 0.896354 0.404630 0.127083 0.103704
0 0.750781 0.651389 0.069271 0.089815
0 0.663542 0.650926 0.065625 0.088889
2 0.389844 0.443981 0.167187 0.219444
0 0.448177 0.377778 0.056771 0.077778
3 0.213542 0.294907 0.054167 0.093519
0 0.194792 0.213426 0.036458 0.049074
2 0.295052 0.273148 0.140104 0.159259
1 0.376042 0.530556 0.017708 0.038889
0 0.273438 0.870833 0.061458 0.113889
0 0.238542 0.037037 0.038542 0.037037
0 0.342969 0.271759 0.036979 0.036111
0 0.176042 0.802778 0.070833 0.111111
0 0.115104 0.198148 0.038542 0.050000
3 0.901823 0.478704 0.196354 0.205556
0 0.842187 0.518519 0.067708 0.075926
0 0.013542 0.100926 0.027083 0.051852
0 0.969271 0.134722 0.046875 0.030556

4 0.125521 0.737500 0.014583 0.028704
4 0.087240 0.818056 0.017188 0.021296