3 0.619010 0.677315 0.080729 0.091667
0 0.910937 0.908333 0.071875 0.101852
0 0.196615 0.787963 0.060937 0.096296
2 0.163281 0.218519 0.127604 0.161111
3 0.309115 0.443056 0.073438 0.097222
0 0.691667 0.168519 0.041667 0.038889
0 0.831510 0.597685 0.074479 0.082407
0 0.140625 0.716204 0.069792 0.115741
0 0.232552 0.836111 0.072396 0.131481
3 0.439844 0.387963 0.064062 0.066667
0 0.204948 0.208796 0.042188 0.043519
1 0.870052 0.108796 0.023438 0.026852
0 0.085156 0.064815 0.038021 0.044444
1 0.303646 0.921759 0.021875 0.052778

4 0.205208 0.516667 0.010417 0.031481
4 0.872396 0.815278 0.011458 0.021296