1 0.999479 0.114815 0.001042 0.027778
0 0.839323 0.446296 0.072396 0.072222
1 0.180990 0.296759 0.016146 0.039815
0 0.661198 0.747222 0.068229 0.096296
0 0.441667 0.328704 0.042708 0.072222
0 0.246094 0.015278 0.038021 0.030556
0 0.981250 0.570370 0.037500 0.074074
0 0.267188 0.193981 0.044792 0.060185
0 0.215365 0.152315 0.043229 0.050926
3 0.210156 0.187963 0.061979 0.090741
3 0.189583 0.217130 0.078125 0.117593
3 0.109896 0.150463 0.089583 0.113889
0 0.772656 0.530093 0.064062 0.075000
0 0.859375 0.602778 0.075000 0.083333
0 0.834375 0.500926 0.072917 0.077778
0 0.960417 0.696296 0.079167 0.088889
3 0.044010 0.094907 0.049479 0.065741
2 0.076823 0.065278 0.129688 0.130556
0 0.463021 0.206019 0.021875 0.056481

4 0.735938 0.536111 0.006250 0.024074