0 0.870833 0.468056 0.075000 0.076852
1 0.181510 0.295833 0.016146 0.039815
0 0.217969 0.944907 0.067187 0.110185
0 0.141667 0.836574 0.085417 0.137963
0 0.441667 0.293981 0.029167 0.060185
0 0.266927 0.193056 0.044271 0.060185
0 0.214062 0.150463 0.042708 0.050926
3 0.209635 0.186574 0.061979 0.089815
3 0.189062 0.216204 0.078125 0.117593
3 0.109375 0.147685 0.089583 0.112037
0 0.772656 0.525926 0.064062 0.074074
0 0.860417 0.596296 0.075000 0.083333
0 0.836458 0.499074 0.072917 0.077778
0 0.960417 0.691204 0.078125 0.091667
3 0.043490 0.095833 0.049479 0.065741
2 0.051823 0.053241 0.103646 0.106481
3 0.400781 0.107407 0.057813 0.088889
0 0.292969 0.593519 0.056771 0.088889

4 0.271615 0.550463 0.008854 0.012037
4 0.176302 0.564815 0.004687 0.016667