0 0.175000 0.573148 0.063542 0.098148
0 0.416927 0.378241 0.053646 0.054630
0 0.572917 0.411574 0.066667 0.052778
0 0.777865 0.474537 0.053646 0.062037
0 0.816927 0.405556 0.049479 0.055556
0 0.733854 0.512963 0.072917 0.079630
0 0.621094 0.141204 0.043229 0.037963
0 0.680990 0.137037 0.035937 0.037037
3 0.622917 0.254167 0.097917 0.106481
0 0.462760 0.293056 0.042188 0.043519
0 0.512240 0.644907 0.063021 0.058333
0 0.179688 0.787037 0.069792 0.109259
3 0.367708 0.708796 0.084375 0.119444
0 0.861458 0.537500 0.056250 0.065741
0 0.231510 0.954630 0.067187 0.090741
0 0.069010 0.972685 0.063021 0.054630
3 0.994010 0.726389 0.011979 0.075000

4 0.141667 0.907870 0.037500 0.062037
4 0.061198 0.723611 0.007812 0.012037