0 0.872656 0.612037 0.071354 0.079630
3 0.266406 0.143519 0.088021 0.105556
0 0.774740 0.534259 0.070312 0.075926
0 0.184896 0.102315 0.034375 0.043519
0 0.964844 0.692593 0.070312 0.090741
3 0.982292 0.147222 0.035417 0.077778
0 0.269792 0.866204 0.061458 0.113889
0 0.175000 0.792130 0.070833 0.112037
0 0.622917 0.124074 0.042708 0.035185
3 0.214844 0.970833 0.068229 0.058333
3 0.296875 0.032407 0.078125 0.064815
0 0.693490 0.116667 0.035937 0.037037
0 0.466406 0.147222 0.045312 0.040741
0 0.270573 0.062037 0.033854 0.037037
0 0.395313 0.181481 0.043750 0.044444
0 0.823177 0.386574 0.060937 0.060185
0 0.736458 0.377778 0.057292 0.059259
0 0.951823 0.538426 0.066146 0.069444

4 0.330729 0.933333 0.014583 0.024074