0 0.285156 0.425000 0.064062 0.070370
0 0.528646 0.383796 0.053125 0.056481
0 0.662760 0.456019 0.065104 0.065741
0 0.777604 0.471759 0.053125 0.062037
0 0.816146 0.402778 0.048958 0.055556
0 0.836198 0.596296 0.080729 0.085185
0 0.620573 0.140278 0.043229 0.037963
0 0.680469 0.134722 0.035937 0.036111
3 0.538281 0.280556 0.102604 0.088889
0 0.375260 0.256944 0.041146 0.047222
0 0.406510 0.671759 0.063021 0.078704
0 0.180729 0.781481 0.069792 0.109259
3 0.285677 0.831019 0.081771 0.149074
0 0.900260 0.565741 0.057813 0.068519

4 0.694792 0.623148 0.007292 0.012963
4 0.450000 0.694907 0.023958 0.032407