0 0.873437 0.623611 0.069792 0.080556
3 0.271094 0.150000 0.088021 0.107407
0 0.775260 0.543981 0.070312 0.073148
0 0.191146 0.108796 0.034375 0.043519
0 0.965104 0.706481 0.069792 0.090741
3 0.560417 0.191204 0.095833 0.119444
3 0.810937 0.367130 0.116667 0.141667
2 0.570312 0.640278 0.200000 0.280556
0 0.775521 0.667130 0.073958 0.104630
3 0.200521 0.534259 0.058333 0.135185
0 0.290625 0.302778 0.040625 0.053704
2 0.426042 0.401389 0.159375 0.204630
1 0.509896 0.692130 0.022917 0.052778
0 0.271875 0.871759 0.061458 0.113889
0 0.563281 0.481019 0.052604 0.069444
0 0.174479 0.803704 0.070833 0.111111
0 0.215365 0.294907 0.042188 0.056481
3 0.724479 0.351389 0.164583 0.178704
0 0.469271 0.238889 0.047917 0.053704
0 0.110156 0.199537 0.045312 0.054630
0 0.786458 0.112037 0.043750 0.033333
3 0.217448 0.973611 0.065104 0.052778
0 0.015104 0.064352 0.030208 0.047222
3 0.992188 0.552315 0.015625 0.156481
0 0.981250 0.643519 0.037500 0.079630

4 0.588542 0.926852 0.013542 0.020370