1 0.400521 0.012500 0.017708 0.025000
0 0.660156 0.330093 0.058854 0.062037
0 0.007031 0.061574 0.014063 0.052778
3 0.991927 0.596296 0.016146 0.050000
1 0.258333 0.378704 0.017708 0.031481
3 0.760417 0.344907 0.072917 0.078704
0 0.840365 0.024074 0.027604 0.044444
0 0.861719 0.483333 0.059896 0.068519
0 0.365104 0.292593 0.047917 0.061111
0 0.269271 0.213426 0.041667 0.054630
3 0.395833 0.372222 0.068750 0.103704
3 0.301042 0.336574 0.082292 0.130556
3 0.157552 0.203241 0.090104 0.112037
0 0.776302 0.553241 0.064062 0.075000
0 0.864062 0.626852 0.075000 0.083333
0 0.655990 0.378704 0.064062 0.068519
0 0.962500 0.721296 0.075000 0.085185
3 0.057552 0.117130 0.049479 0.065741
2 0.158333 0.142130 0.131250 0.160185

4 0.584115 0.831944 0.011979 0.013889
4 0.587760 0.529167 0.009896 0.025000