3 0.866667 0.895370 0.096875 0.140741
0 0.193490 0.782407 0.060937 0.096296
2 0.159896 0.211111 0.129167 0.161111
3 0.097396 0.711111 0.087500 0.142593
0 0.690625 0.162963 0.041667 0.038889
0 0.788021 0.553241 0.070833 0.076852
1 0.051302 0.181481 0.016146 0.035185
0 0.229427 0.829630 0.072396 0.131481
3 0.260417 0.487963 0.070833 0.105556
0 0.229948 0.233333 0.043229 0.055556
1 0.748698 0.090278 0.019271 0.025000
0 0.170052 0.134259 0.040104 0.048148
1 0.377083 0.762500 0.020833 0.039815

4 0.718229 0.989352 0.010417 0.013889