0 0.873177 0.611111 0.071354 0.079630
3 0.265885 0.144444 0.088021 0.105556
0 0.775000 0.534722 0.069792 0.075000
0 0.185417 0.103241 0.034375 0.043519
0 0.964844 0.692593 0.070312 0.090741
0 0.270313 0.867130 0.061458 0.113889
0 0.176563 0.790278 0.070833 0.112037
0 0.622396 0.123148 0.042708 0.035185
3 0.214844 0.971296 0.068229 0.057407
0 0.684115 0.118519 0.035937 0.037037
0 0.307031 0.045370 0.040104 0.033333
0 0.179688 0.027315 0.035417 0.034259
0 0.730469 0.260648 0.035937 0.056481
0 0.446094 0.175926 0.044271 0.046296
0 0.561979 0.255556 0.045833 0.048148
0 0.978125 0.509722 0.043750 0.062037

4 0.724219 0.698611 0.030729 0.058333