0 0.872396 0.622222 0.069792 0.081481
3 0.270052 0.150000 0.088021 0.107407
0 0.774740 0.543519 0.069271 0.074074
0 0.190104 0.107870 0.034375 0.043519
0 0.964583 0.704630 0.070833 0.090741
3 0.510417 0.157407 0.092708 0.112963
3 0.780208 0.343519 0.115625 0.138889
2 0.646354 0.726852 0.220833 0.314815
0 0.960938 0.843981 0.078125 0.121296
3 0.119271 0.697685 0.080208 0.160185
0 0.341146 0.348148 0.043750 0.057407
2 0.497656 0.465278 0.171354 0.217593
1 0.568490 0.761111 0.022396 0.046296
0 0.271354 0.871759 0.061458 0.113889
0 0.686979 0.594444 0.061458 0.079630
0 0.173958 0.803704 0.070833 0.111111
0 0.271875 0.347685 0.044792 0.060185
3 0.646615 0.295833 0.151562 0.165741
0 0.356250 0.156481 0.045833 0.046296
0 0.153646 0.241204 0.046875 0.056481
0 0.732292 0.112037 0.044792 0.031481
3 0.217188 0.973611 0.066667 0.052778
0 0.053385 0.099074 0.042188 0.050000
3 0.965104 0.511111 0.069792 0.155556
0 0.803385 0.489815 0.059896 0.068519

4 0.583333 0.939352 0.012500 0.017593
4 0.806250 0.829630 0.004167 0.012963