1 0.353646 0.005093 0.016667 0.010185
0 0.573958 0.265278 0.055208 0.056481
0 0.010937 0.065278 0.021875 0.052778
3 0.977604 0.579630 0.044792 0.077778
1 0.290885 0.418981 0.019271 0.039815
3 0.698438 0.296296 0.069792 0.075926
0 0.854427 0.057407 0.025521 0.048148
0 0.790365 0.426852 0.054688 0.061111
0 0.425000 0.345370 0.050000 0.066667
0 0.317188 0.255556 0.042708 0.055556
3 0.495573 0.473148 0.074479 0.111111
3 0.360417 0.394444 0.086458 0.140741
3 0.182812 0.229630 0.096875 0.114815
0 0.776823 0.552315 0.064062 0.075000
0 0.864583 0.626852 0.075000 0.083333
0 0.567708 0.309259 0.058333 0.062963
0 0.962500 0.721296 0.075000 0.085185
3 0.066406 0.123611 0.049479 0.065741
2 0.189323 0.170370 0.135937 0.166667
