0 0.867969 0.599537 0.070312 0.078704
3 0.276302 0.147222 0.088021 0.105556
0 0.750000 0.506481 0.068750 0.070370
0 0.182292 0.096759 0.034375 0.043519
0 0.965104 0.686111 0.069792 0.090741
0 0.265885 0.862500 0.061979 0.113889
0 0.175260 0.780093 0.070312 0.112037
0 0.622396 0.118519 0.042708 0.035185
3 0.209115 0.968519 0.072396 0.062963
0 0.683073 0.112037 0.035937 0.037037
0 0.752344 0.168981 0.038021 0.045370
0 0.229687 0.025000 0.035417 0.037037
0 0.303646 0.080093 0.037500 0.039815
0 0.869010 0.420370 0.050521 0.055556
0 0.867969 0.519444 0.058854 0.066667

4 0.645573 0.876852 0.011979 0.022222
4 0.111719 0.584722 0.009896 0.015741