0 0.878385 0.630093 0.069271 0.080556
3 0.277865 0.151852 0.088021 0.109259
0 0.780208 0.550000 0.069792 0.074074
0 0.195312 0.106944 0.034375 0.043519
0 0.966927 0.713426 0.066146 0.091667
3 0.882552 0.425000 0.123438 0.153704
3 0.982812 0.519907 0.034375 0.117593
0 0.268490 0.225926 0.045312 0.057407
0 0.241146 0.250926 0.045833 0.057407
2 0.152604 0.214815 0.129167 0.161111
0 0.148438 0.105093 0.035417 0.034259
3 0.065104 0.146759 0.043750 0.075000
0 0.083073 0.115741 0.019271 0.042593
2 0.156250 0.150926 0.115625 0.133333
0 0.841927 0.938889 0.077604 0.112963
0 0.237500 0.024537 0.035417 0.037963
0 0.244531 0.933333 0.065104 0.118519
0 0.991667 0.663889 0.016667 0.083333

4 0.982552 0.850926 0.014063 0.016667
4 0.251042 0.931019 0.011458 0.012037