0 0.871615 0.620370 0.070312 0.081481
3 0.268490 0.149074 0.088021 0.107407
0 0.773698 0.542130 0.070312 0.075000
0 0.188021 0.106019 0.034375 0.043519
0 0.964063 0.701852 0.071875 0.090741
3 0.397917 0.082870 0.080208 0.100926
3 0.733594 0.280093 0.093229 0.139815
2 0.809896 0.865741 0.268750 0.268519
0 0.479427 0.477778 0.047396 0.064815
2 0.659896 0.617593 0.209375 0.259259
1 0.701823 0.947685 0.021354 0.045370
0 0.268750 0.870833 0.061458 0.113889
0 0.171875 0.801852 0.070833 0.111111
0 0.405469 0.482407 0.050521 0.068519
3 0.494010 0.193056 0.130729 0.143519
0 0.152344 0.017130 0.039062 0.034259
0 0.217969 0.345833 0.034896 0.075000
0 0.655990 0.121759 0.044271 0.036111
3 0.214583 0.972685 0.066667 0.054630
0 0.142708 0.171759 0.043750 0.054630
3 0.904948 0.435185 0.149479 0.150000
0 0.497135 0.263426 0.045312 0.049074

4 0.465365 0.637037 0.011979 0.022222