0 0.869792 0.620370 0.069792 0.079630
3 0.267448 0.150000 0.088021 0.105556
0 0.772656 0.542130 0.070312 0.075000
0 0.186979 0.108796 0.034375 0.043519
0 0.963021 0.702778 0.073958 0.090741
3 0.272656 0.025000 0.060937 0.050000
3 0.721615 0.215741 0.040104 0.133333
2 0.921875 0.975000 0.156250 0.050000
0 0.673958 0.666667 0.056250 0.081481
2 0.891667 0.851389 0.216667 0.297222
0 0.268750 0.871759 0.061458 0.113889
0 0.171354 0.805093 0.070833 0.112037
0 0.588281 0.672222 0.059896 0.081481
3 0.342448 0.088426 0.111979 0.126852
0 0.186719 0.550000 0.049479 0.098148
0 0.626563 0.128241 0.042708 0.036111
3 0.213802 0.974074 0.067187 0.051852
0 0.248698 0.265278 0.047396 0.060185
3 0.787240 0.356481 0.133854 0.135185
0 0.245833 0.083333 0.035417 0.038889
0 0.752344 0.410185 0.058854 0.061111
0 0.932813 0.124074 0.035417 0.037037
