0 0.851562 0.583796 0.069792 0.078704
3 0.290885 0.156481 0.088021 0.105556
0 0.714583 0.475926 0.067708 0.070370
0 0.182292 0.094907 0.034375 0.043519
0 0.964583 0.682407 0.070833 0.090741
0 0.265104 0.860648 0.061458 0.113889
0 0.174740 0.775463 0.070312 0.112037
0 0.622396 0.113889 0.042708 0.035185
3 0.207031 0.967130 0.072396 0.065741
0 0.682552 0.110185 0.035937 0.037037
0 0.780208 0.149537 0.043750 0.039815
0 0.223958 0.031019 0.036458 0.036111
0 0.841406 0.398148 0.050521 0.055556
0 0.833854 0.491667 0.056250 0.064815

4 0.054167 0.949537 0.005208 0.010185