3 0.884896 0.414352 0.123958 0.149074
2 0.069271 0.065278 0.111458 0.130556
0 0.432552 0.361111 0.038021 0.061111
2 0.155208 0.199537 0.130208 0.162037
0 0.970573 0.706944 0.058854 0.091667
0 0.560677 0.228704 0.039062 0.053704
0 0.782031 0.538889 0.071354 0.075926
1 0.173177 0.293056 0.014063 0.036111
0 0.245833 0.675926 0.065625 0.101852
0 0.692448 0.237963 0.045312 0.048148
3 0.072396 0.007870 0.042708 0.015741
0 0.240365 0.234259 0.044271 0.055556
1 0.372135 0.003241 0.019271 0.006481
0 0.269271 0.211111 0.044792 0.055556
1 0.751823 0.997685 0.027604 0.004630
0 0.880729 0.619444 0.070833 0.081481
