0 0.569010 0.385648 0.060937 0.056481
0 0.743229 0.505556 0.061458 0.070370
0 0.779687 0.459259 0.053125 0.062963
0 0.817187 0.387037 0.048958 0.057407
0 0.889062 0.623611 0.081250 0.087963
0 0.920833 0.142593 0.051042 0.037037
0 0.621615 0.120833 0.044271 0.036111
0 0.680469 0.116667 0.035937 0.037037
3 0.362500 0.218981 0.093750 0.115741
0 0.228125 0.136574 0.036458 0.039815
0 0.178646 0.770833 0.069792 0.110185
0 0.265625 0.855556 0.063542 0.112963
3 0.199219 0.968056 0.086979 0.063889

4 0.755729 0.599537 0.018750 0.017593
4 0.742969 0.775926 0.016146 0.014815