3 0.885417 0.414352 0.123958 0.149074
2 0.059115 0.062963 0.110937 0.125926
0 0.413281 0.398611 0.040104 0.063889
2 0.155208 0.199537 0.130208 0.162037
0 0.975521 0.707870 0.048958 0.075000
0 0.571354 0.217593 0.039583 0.051852
0 0.782031 0.538889 0.071354 0.075926
1 0.173177 0.293056 0.014063 0.036111
0 0.226562 0.709722 0.067708 0.104630
0 0.658594 0.266667 0.046354 0.050000
0 0.240365 0.235185 0.044271 0.055556
1 0.396354 0.006944 0.018750 0.013889
0 0.269271 0.212037 0.044792 0.055556
1 0.729427 0.979167 0.027604 0.041667
0 0.880729 0.620370 0.070833 0.081481

4 0.452083 0.962037 0.010417 0.011111
4 0.845313 0.594444 0.018750 0.037037