0 0.839844 0.449074 0.072396 0.072222
1 0.180990 0.296759 0.016146 0.039815
0 0.561458 0.681019 0.066667 0.075000
0 0.405208 0.408796 0.054167 0.082407
0 0.306771 0.058796 0.037500 0.041667
0 0.266667 0.196296 0.044792 0.059259
0 0.214844 0.154167 0.043229 0.050926
3 0.210156 0.190278 0.061979 0.089815
3 0.189062 0.218981 0.078125 0.117593
3 0.109896 0.151389 0.089583 0.113889
0 0.772656 0.531481 0.064062 0.074074
0 0.859375 0.603704 0.075000 0.083333
0 0.833333 0.502778 0.072917 0.077778
0 0.960417 0.696296 0.079167 0.088889
3 0.044010 0.096759 0.049479 0.065741
2 0.072656 0.063426 0.125521 0.126852
0 0.463021 0.270833 0.027083 0.058333

4 0.013802 0.548611 0.009896 0.034259