0 0.437500 0.356944 0.059375 0.045370
0 0.643490 0.438889 0.056771 0.062963
0 0.775260 0.537963 0.071354 0.075926
0 0.776823 0.464815 0.053646 0.062963
0 0.815885 0.396759 0.048438 0.052778
0 0.964844 0.705093 0.070312 0.100926
0 0.620573 0.131944 0.043229 0.037963
0 0.680469 0.127315 0.035937 0.036111
3 0.434635 0.267130 0.102604 0.112037
0 0.296875 0.193981 0.038542 0.045370
0 0.304167 0.784722 0.058333 0.102778
0 0.181250 0.775000 0.069792 0.109259
3 0.220052 0.944907 0.090104 0.110185

4 0.083854 0.765278 0.006250 0.012037