0 0.875521 0.628241 0.069792 0.080556
3 0.273698 0.152315 0.088021 0.108333
0 0.777344 0.550000 0.071354 0.075926
0 0.193750 0.112500 0.034375 0.043519
0 0.965885 0.711574 0.068229 0.091667
3 0.741667 0.320833 0.111458 0.137963
3 0.930990 0.440278 0.138021 0.113889
0 0.560156 0.483333 0.057813 0.074074
0 0.509896 0.507870 0.056250 0.071296
2 0.317969 0.375926 0.156771 0.196296
0 0.362240 0.306019 0.053646 0.073148
3 0.168750 0.245370 0.057292 0.083333
0 0.151042 0.175926 0.035417 0.046296
2 0.253906 0.240741 0.130729 0.153704
1 0.320833 0.476852 0.015625 0.033333
0 0.273958 0.875463 0.061458 0.113889
0 0.349740 0.121759 0.043229 0.041667
0 0.273698 0.216667 0.028646 0.025926
0 0.176563 0.806481 0.070833 0.111111
0 0.076302 0.166667 0.036979 0.048148
3 0.940625 0.540741 0.118750 0.207407

4 0.969792 0.566667 0.009375 0.027778