1 0.437240 0.016204 0.019271 0.032407
0 0.714063 0.370833 0.062500 0.063889
0 0.004427 0.066667 0.008854 0.027778
3 0.996354 0.611574 0.007292 0.041667
1 0.240625 0.362963 0.017708 0.031481
3 0.800260 0.375926 0.077604 0.081481
0 0.828385 0.008796 0.023438 0.017593
0 0.903125 0.519444 0.062500 0.072222
0 0.328385 0.260648 0.045312 0.056481
0 0.245833 0.194907 0.042708 0.054630
3 0.345052 0.324074 0.066146 0.098148
3 0.270313 0.307870 0.080208 0.126852
3 0.139583 0.188426 0.088542 0.113889
0 0.775781 0.554167 0.064062 0.075000
0 0.864062 0.627778 0.075000 0.083333
0 0.714063 0.423611 0.065625 0.071296
0 0.962500 0.721296 0.075000 0.085185
3 0.055990 0.117130 0.049479 0.065741
2 0.142187 0.129167 0.129167 0.158333
