0 0.872917 0.611111 0.070833 0.079630
3 0.265885 0.144444 0.088021 0.105556
0 0.775000 0.534722 0.069792 0.075000
0 0.185417 0.103241 0.034375 0.043519
0 0.964844 0.692593 0.070312 0.090741
0 0.270313 0.867130 0.061458 0.113889
0 0.176563 0.790278 0.070833 0.112037
0 0.622917 0.123148 0.042708 0.035185
3 0.214844 0.970833 0.068229 0.058333
0 0.685677 0.118519 0.035937 0.037037
0 0.344531 0.068981 0.041146 0.034259
0 0.226823 0.061111 0.038021 0.037037
0 0.740104 0.288426 0.044792 0.058333
0 0.506510 0.218519 0.046354 0.048148
0 0.641406 0.309259 0.050521 0.053704
