0 0.879948 0.631481 0.069271 0.079630
3 0.277865 0.152778 0.088021 0.109259
0 0.781510 0.551852 0.071354 0.074074
0 0.199479 0.110648 0.034375 0.043519
0 0.967969 0.714352 0.064062 0.091667
3 0.884115 0.425926 0.123438 0.153704
3 0.983333 0.521759 0.033333 0.117593
0 0.268490 0.226852 0.045312 0.057407
0 0.241667 0.252778 0.045833 0.057407
2 0.152604 0.215741 0.129167 0.161111
0 0.195052 0.146759 0.040104 0.041667
3 0.064583 0.146759 0.043750 0.075000
0 0.085938 0.118981 0.017708 0.041667
2 0.157292 0.152315 0.115625 0.134259
0 0.272396 0.875463 0.062500 0.113889
0 0.859115 0.529167 0.072396 0.075000
0 0.065885 0.055556 0.036979 0.042593
0 0.140625 0.871296 0.075000 0.120370
