1 0.595052 0.089815 0.019271 0.035185
0 0.836719 0.461111 0.070312 0.072222
0 0.002344 0.064352 0.004687 0.028704
1 0.187760 0.312500 0.016146 0.039815
3 0.948438 0.486111 0.091667 0.092593
0 0.941927 0.544444 0.064062 0.072222
0 0.272656 0.212500 0.045312 0.058333
0 0.220052 0.168981 0.042188 0.047222
3 0.219010 0.207870 0.061979 0.089815
3 0.195833 0.233796 0.076042 0.117593
3 0.117708 0.165741 0.088542 0.112963
0 0.776823 0.548611 0.064062 0.075000
0 0.864062 0.623148 0.075000 0.083333
0 0.838542 0.523148 0.072917 0.075926
0 0.962760 0.712963 0.074479 0.085185
3 0.052865 0.113426 0.049479 0.065741
2 0.113281 0.102315 0.127604 0.152778

4 0.956771 0.651852 0.011458 0.022222
4 0.022396 0.907870 0.034375 0.025000