3 0.920573 0.447685 0.128646 0.158333
2 0.010156 0.024074 0.020313 0.048148
0 0.239844 0.686574 0.056771 0.087963
2 0.156250 0.203241 0.130208 0.160185
0 0.650781 0.166667 0.042188 0.042593
0 0.783073 0.542593 0.070312 0.075926
1 0.162760 0.284722 0.014063 0.036111
0 0.116146 0.910648 0.080208 0.134259
0 0.420573 0.519444 0.060937 0.081481
0 0.240885 0.239815 0.044271 0.055556
1 0.514844 0.040278 0.017188 0.026852
0 0.266927 0.211111 0.044271 0.055556
1 0.607812 0.806019 0.025000 0.047222
0 0.921094 0.659259 0.073438 0.087037

4 0.308594 0.848148 0.016146 0.020370