1 0.545052 0.069444 0.019271 0.035185
0 0.821875 0.454167 0.068750 0.071296
0 0.003646 0.068056 0.007292 0.028704
1 0.198437 0.324537 0.013542 0.036111
3 0.898438 0.451852 0.085417 0.087037
0 0.939844 0.548148 0.064062 0.072222
0 0.273698 0.217130 0.045312 0.058333
0 0.222396 0.172685 0.040625 0.047222
3 0.236979 0.225926 0.061458 0.088889
3 0.203906 0.245370 0.076563 0.116667
3 0.119792 0.172222 0.088542 0.112963
0 0.775260 0.552315 0.064062 0.075000
0 0.863021 0.625926 0.075000 0.083333
0 0.826042 0.517593 0.072917 0.075926
0 0.962240 0.717593 0.075521 0.085185
3 0.052865 0.115278 0.049479 0.065741
2 0.117708 0.108796 0.128125 0.154630

4 0.066667 0.595833 0.033333 0.052778
4 0.181771 0.662963 0.009375 0.022222