1 0.670833 0.092130 0.018750 0.032407
0 0.838542 0.454630 0.069792 0.072222
0 0.001302 0.056944 0.002604 0.013889
1 0.186198 0.306944 0.016146 0.039815
3 0.990885 0.521759 0.018229 0.052778
0 0.941927 0.537500 0.064062 0.071296
0 0.271615 0.205093 0.045312 0.060185
0 0.220052 0.161574 0.042188 0.049074
3 0.216406 0.200000 0.064062 0.090741
3 0.194792 0.227778 0.077083 0.116667
3 0.115625 0.159259 0.088542 0.112963
0 0.776302 0.542130 0.064062 0.075000
0 0.864583 0.615741 0.075000 0.083333
0 0.838021 0.512963 0.072917 0.075926
0 0.963021 0.706481 0.073958 0.088889
3 0.050260 0.105093 0.049479 0.065741
2 0.106771 0.087500 0.129167 0.147222

4 0.460417 0.677778 0.012500 0.037037