0 0.869792 0.620370 0.069792 0.079630
3 0.267448 0.150000 0.088021 0.105556
0 0.772396 0.542130 0.069792 0.075000
0 0.186979 0.108796 0.034375 0.043519
0 0.963021 0.702778 0.073958 0.090741
3 0.243750 0.010185 0.056250 0.020370
3 0.727344 0.202315 0.054688 0.126852
0 0.733333 0.723148 0.057292 0.083333
2 0.929948 0.887500 0.140104 0.225000
0 0.268750 0.872685 0.061458 0.113889
0 0.171354 0.804167 0.070833 0.112037
0 0.644792 0.729630 0.062500 0.087037
3 0.306250 0.063426 0.108333 0.119444
0 0.161979 0.614352 0.057292 0.102778
0 0.625521 0.129167 0.042708 0.034259
3 0.214062 0.974074 0.067708 0.051852
0 0.278385 0.290278 0.048438 0.060185
3 0.753906 0.332870 0.127604 0.132407
0 0.196615 0.050463 0.034896 0.036111
0 0.677083 0.356944 0.055208 0.058333
0 0.899479 0.116204 0.035417 0.036111
0 0.972917 0.621296 0.054167 0.070370

4 0.399219 0.925000 0.007812 0.020370