0 0.874740 0.633333 0.068229 0.083333
3 0.274740 0.156944 0.088021 0.108333
0 0.777344 0.554167 0.071354 0.076852
0 0.194792 0.114352 0.034375 0.043519
0 0.965625 0.716204 0.068750 0.091667
3 0.771094 0.346759 0.114062 0.139815
3 0.943750 0.463889 0.112500 0.116667
0 0.476823 0.412963 0.054688 0.068519
0 0.436198 0.441204 0.052604 0.062037
2 0.277865 0.339815 0.150521 0.183333
0 0.320833 0.272685 0.051042 0.067593
3 0.138542 0.219444 0.055208 0.079630
0 0.126562 0.156944 0.035417 0.045370
2 0.229427 0.221759 0.127604 0.147222
1 0.291146 0.445833 0.015625 0.034259
0 0.274479 0.878704 0.061458 0.112963
0 0.428385 0.187963 0.046354 0.046296
0 0.240104 0.189815 0.025000 0.022222
0 0.177604 0.808796 0.070833 0.110185
0 0.056510 0.150463 0.036979 0.047222
3 0.961979 0.578241 0.076042 0.208333

4 0.151302 0.645370 0.004687 0.011111
4 0.240625 0.859722 0.010417 0.017593