0 0.558333 0.252315 0.054167 0.056481
0 0.011719 0.067130 0.023438 0.052778
3 0.974479 0.579630 0.051042 0.085185
0 0.197656 0.997222 0.065104 0.005556
1 0.295052 0.423611 0.019271 0.039815
3 0.686979 0.287037 0.067708 0.074074
0 0.856510 0.063889 0.023438 0.050000
0 0.776823 0.414815 0.054688 0.061111
0 0.437240 0.356019 0.051562 0.067593
0 0.328125 0.262963 0.043750 0.057407
3 0.516406 0.494444 0.074479 0.114815
3 0.372656 0.405556 0.085938 0.140741
3 0.188021 0.234259 0.096875 0.114815
0 0.777344 0.551389 0.064062 0.075000
0 0.864583 0.626852 0.075000 0.083333
0 0.551562 0.295370 0.058333 0.062963
0 0.963281 0.720370 0.073438 0.085185
3 0.069010 0.126389 0.049479 0.065741
2 0.195312 0.174537 0.138542 0.169444

4 0.460156 0.546296 0.020313 0.024074
4 0.148177 0.533796 0.005729 0.013889