0 0.868750 0.616204 0.070833 0.080556
3 0.265885 0.147222 0.088021 0.105556
0 0.771354 0.539352 0.068750 0.075000
0 0.184896 0.106019 0.034375 0.043519
0 0.962500 0.697222 0.075000 0.090741
3 0.870833 0.132407 0.094792 0.075926
0 0.267708 0.869907 0.061458 0.113889
0 0.171354 0.799537 0.070833 0.112037
0 0.622917 0.126852 0.042708 0.035185
3 0.212760 0.972222 0.068229 0.055556
0 0.671354 0.650000 0.071875 0.094444
3 0.469271 0.137037 0.093750 0.103704
0 0.123177 0.004630 0.036979 0.009259
0 0.721354 0.113426 0.035417 0.036111
0 0.346094 0.151389 0.034896 0.037963
0 0.655208 0.280093 0.052083 0.049074
0 0.564583 0.273148 0.043750 0.044444
0 0.707812 0.411111 0.058333 0.059259

4 0.537240 0.921759 0.009896 0.023148