0 0.874740 0.633333 0.068229 0.083333
3 0.274740 0.156944 0.088021 0.108333
0 0.777344 0.553704 0.071354 0.075926
0 0.194792 0.114352 0.034375 0.043519
0 0.965625 0.715278 0.068750 0.091667
3 0.769010 0.344907 0.114062 0.139815
3 0.942448 0.462037 0.115104 0.116667
0 0.483073 0.418519 0.054688 0.068519
0 0.441927 0.445833 0.052604 0.062037
2 0.281250 0.342593 0.151042 0.183333
0 0.324479 0.276852 0.051042 0.068519
3 0.140625 0.221296 0.056250 0.079630
0 0.129167 0.158796 0.035417 0.045370
2 0.231510 0.223611 0.127604 0.147222
1 0.294271 0.447685 0.015625 0.034259
0 0.274479 0.878704 0.061458 0.112963
0 0.421615 0.180556 0.046354 0.046296
0 0.243229 0.193981 0.025000 0.025000
0 0.177604 0.808796 0.070833 0.110185
0 0.058073 0.152315 0.036979 0.047222
3 0.959896 0.574537 0.080208 0.208333

4 0.924219 0.872685 0.016146 0.017593