1 0.999479 0.114815 0.001042 0.027778
0 0.838281 0.444444 0.072396 0.072222
1 0.180990 0.296759 0.016146 0.039815
0 0.776302 0.856019 0.075521 0.112037
0 0.457552 0.251852 0.026562 0.064815
0 0.969271 0.550000 0.061458 0.074074
0 0.266667 0.193981 0.045833 0.060185
0 0.215885 0.151389 0.043229 0.050926
3 0.210417 0.187500 0.062500 0.091667
3 0.189583 0.216204 0.078125 0.117593
3 0.109896 0.150463 0.089583 0.113889
0 0.772656 0.529167 0.064062 0.075000
0 0.859375 0.601852 0.075000 0.083333
0 0.834375 0.500926 0.072917 0.077778
0 0.960417 0.695370 0.079167 0.088889
3 0.044010 0.093981 0.049479 0.065741
2 0.082552 0.068056 0.128646 0.136111
0 0.446875 0.152778 0.027083 0.048148

4 0.052865 0.593056 0.006771 0.030556
4 0.737760 0.777778 0.009896 0.009259