3 0.898438 0.426389 0.127083 0.152778
2 0.035156 0.044444 0.070312 0.088889
0 0.323698 0.548148 0.050521 0.075926
2 0.155729 0.201389 0.130208 0.160185
0 0.611979 0.186111 0.040625 0.046296
0 0.782552 0.540741 0.070312 0.075926
1 0.172656 0.293056 0.014063 0.036111
0 0.169271 0.809259 0.072917 0.116667
0 0.537240 0.383333 0.052604 0.064815
0 0.240365 0.237963 0.044271 0.055556
1 0.457031 0.012963 0.017188 0.025926
0 0.269271 0.212963 0.044792 0.055556
1 0.664583 0.883796 0.026042 0.050926
0 0.892708 0.631019 0.071875 0.082407

4 0.073177 0.706481 0.007812 0.012963
4 0.976823 0.667593 0.013021 0.042593