3 0.267188 0.931481 0.082292 0.137037
0 0.389323 0.737963 0.056771 0.085185
0 0.197917 0.811574 0.060417 0.097222
2 0.169531 0.234722 0.127604 0.163889
3 0.757292 0.546296 0.079167 0.092593
0 0.695833 0.186574 0.040625 0.039815
0 0.264844 0.518056 0.059896 0.080556
0 0.447656 0.388426 0.057813 0.045370
0 0.593490 0.427315 0.059896 0.056481
0 0.207552 0.912500 0.077604 0.139815
3 0.912760 0.675000 0.092188 0.098148
0 0.018490 0.056481 0.036979 0.046296

4 0.474219 0.727315 0.006771 0.012037
4 0.395052 0.946296 0.024479 0.038889