3 0.653125 0.697222 0.082292 0.103704
0 0.968490 0.957870 0.063021 0.084259
0 0.196615 0.787963 0.060937 0.096296
2 0.162240 0.216667 0.127604 0.161111
3 0.279427 0.472685 0.073438 0.100926
0 0.691146 0.166667 0.041667 0.038889
0 0.817448 0.583333 0.073438 0.081481
1 0.007552 0.145833 0.013021 0.032407
0 0.096094 0.795833 0.074479 0.128704
0 0.232031 0.834259 0.072396 0.131481
3 0.409375 0.393519 0.065625 0.074074
0 0.211719 0.217593 0.041146 0.051852
1 0.848698 0.104167 0.021354 0.026852
0 0.101823 0.078241 0.038021 0.045370
1 0.316146 0.888889 0.020833 0.051852

4 0.353646 0.871759 0.011458 0.017593