1 0.562240 0.075926 0.019271 0.035185
0 0.829948 0.459722 0.069271 0.073148
0 0.002865 0.066204 0.005729 0.028704
1 0.191667 0.322685 0.013542 0.036111
3 0.917188 0.464815 0.087500 0.088889
0 0.940365 0.547222 0.064062 0.072222
0 0.272656 0.215278 0.045312 0.058333
0 0.221354 0.171759 0.042708 0.047222
3 0.227344 0.218056 0.063021 0.089815
3 0.198958 0.240278 0.077083 0.117593
3 0.118229 0.170370 0.088542 0.112963
0 0.775781 0.550463 0.064062 0.075000
0 0.863021 0.625000 0.075000 0.083333
0 0.831771 0.520370 0.072917 0.075926
0 0.962500 0.713889 0.075000 0.085185
3 0.052865 0.114352 0.049479 0.065741
2 0.116146 0.106019 0.128125 0.154630

4 0.304688 0.562037 0.018750 0.022222
4 0.486719 0.973148 0.008854 0.025926