0 0.848177 0.451852 0.072396 0.075926
1 0.181510 0.295833 0.016146 0.039815
0 0.287500 0.813889 0.066667 0.114815
0 0.206250 0.721296 0.077083 0.114815
0 0.441667 0.227778 0.025000 0.055556
0 0.266667 0.194444 0.044792 0.061111
0 0.214062 0.151389 0.042708 0.050926
3 0.209635 0.187500 0.061979 0.089815
3 0.189323 0.216667 0.077604 0.116667
3 0.109896 0.149537 0.089583 0.113889
0 0.772656 0.527778 0.064062 0.074074
0 0.859896 0.599074 0.075000 0.083333
0 0.834375 0.500000 0.072917 0.077778
0 0.960417 0.690741 0.079167 0.088889
3 0.043490 0.095833 0.049479 0.065741
2 0.056250 0.056019 0.112500 0.112037
3 0.355469 0.069444 0.060937 0.085185
0 0.352083 0.508333 0.054167 0.077778

4 0.251042 0.512963 0.009375 0.012963
4 0.442708 0.923611 0.007292 0.019444