1 0.950000 0.108333 0.018750 0.027778
0 0.837760 0.442593 0.071354 0.072222
1 0.181510 0.296759 0.016146 0.039815
0 0.954688 0.993056 0.082292 0.013889
0 0.447917 0.168981 0.030208 0.058333
0 0.952344 0.533333 0.065104 0.074074
0 0.266667 0.191204 0.045833 0.060185
0 0.216927 0.151389 0.043229 0.050926
3 0.211198 0.186574 0.063021 0.091667
3 0.190104 0.214815 0.078125 0.118519
3 0.110417 0.150000 0.088542 0.112963
0 0.772656 0.527315 0.064062 0.075000
0 0.859896 0.600926 0.075000 0.083333
0 0.834375 0.500000 0.072917 0.075926
0 0.960417 0.695370 0.079167 0.088889
3 0.044010 0.092130 0.049479 0.065741
2 0.088802 0.068981 0.127604 0.137963
0 0.404427 0.089815 0.033854 0.040741

4 0.004948 0.655093 0.008854 0.030556
4 0.865625 0.943056 0.013542 0.019444