0 0.877604 0.629630 0.069792 0.079630
3 0.277865 0.151852 0.088021 0.109259
0 0.779167 0.549074 0.069792 0.074074
0 0.190625 0.104167 0.034375 0.043519
0 0.966667 0.712963 0.066667 0.090741
3 0.882552 0.424074 0.123438 0.153704
3 0.982552 0.519907 0.034896 0.117593
0 0.268490 0.225926 0.045312 0.057407
0 0.241146 0.251852 0.045833 0.057407
2 0.152604 0.214815 0.129167 0.161111
0 0.131771 0.093519 0.033333 0.031481
3 0.065104 0.147685 0.043750 0.075000
0 0.082031 0.114815 0.019271 0.042593
2 0.156250 0.150926 0.115625 0.133333
0 0.761979 0.853704 0.071875 0.105556
0 0.271875 0.047685 0.038542 0.039815
0 0.228646 0.952315 0.067708 0.095370
