0 0.842448 0.445833 0.072396 0.073148
1 0.181510 0.295833 0.016146 0.039815
0 0.333854 0.747222 0.066667 0.103704
0 0.248177 0.655556 0.074479 0.112963
0 0.430990 0.186574 0.030729 0.047222
0 0.266667 0.194444 0.044792 0.061111
0 0.214062 0.151389 0.042708 0.050926
3 0.209635 0.187500 0.061979 0.089815
3 0.189323 0.217130 0.077604 0.115741
3 0.109896 0.149537 0.089583 0.113889
0 0.772656 0.527778 0.064062 0.074074
0 0.860417 0.600000 0.075000 0.083333
0 0.835938 0.500926 0.072917 0.077778
0 0.960938 0.691667 0.078125 0.088889
3 0.043490 0.095833 0.049479 0.065741
2 0.059115 0.058333 0.118229 0.116667
3 0.322135 0.043056 0.060937 0.078704
0 0.385677 0.455556 0.049479 0.072222
