0 0.999219 0.632870 0.001563 0.076852
0 0.177344 0.237963 0.036979 0.055556
3 0.501042 0.204167 0.062500 0.075000
0 0.288281 0.869907 0.060937 0.110185
0 0.225000 0.962037 0.072917 0.075926
1 0.569271 0.764815 0.021875 0.038889
0 0.008594 0.068981 0.017188 0.045370
0 0.273177 0.260185 0.044271 0.055556
0 0.699479 0.169444 0.042708 0.040741
0 0.254167 0.028704 0.036458 0.038889
3 0.505729 0.580093 0.128125 0.182407
0 0.780990 0.554167 0.064062 0.075000
0 0.867708 0.629630 0.075000 0.083333
0 0.965625 0.719444 0.068750 0.085185
3 0.288021 0.337037 0.058333 0.083333
2 0.630469 0.592130 0.223438 0.282407

4 0.509115 0.537037 0.008854 0.012963