0 0.871875 0.620833 0.069792 0.080556
3 0.269010 0.149074 0.088021 0.107407
0 0.773698 0.542130 0.070312 0.075000
0 0.189062 0.106019 0.034375 0.043519
0 0.964323 0.702778 0.071354 0.090741
3 0.454688 0.118519 0.087500 0.105556
3 0.753125 0.310185 0.108333 0.140741
2 0.729688 0.824537 0.245833 0.350926
3 0.015885 0.929630 0.031771 0.140741
0 0.407552 0.410185 0.044271 0.061111
2 0.577344 0.536111 0.189062 0.227778
1 0.635156 0.851852 0.019271 0.044444
0 0.270313 0.870833 0.061458 0.113889
0 0.856771 0.753704 0.071875 0.096296
0 0.172396 0.801852 0.070833 0.111111
0 0.338021 0.412500 0.047917 0.065741
3 0.564583 0.238889 0.138542 0.155556
0 0.246094 0.079630 0.041146 0.040741
0 0.194792 0.287037 0.043750 0.062963
0 0.686198 0.117593 0.044271 0.035185
3 0.216146 0.972685 0.066667 0.054630
0 0.098437 0.136111 0.042708 0.051852
3 0.937500 0.471759 0.125000 0.154630
0 0.633594 0.360648 0.051562 0.056481
