3 0.882812 0.421759 0.123958 0.149074
2 0.138802 0.129630 0.117188 0.135185
0 0.313281 0.040278 0.032813 0.036111
2 0.154167 0.206019 0.130208 0.162037
0 0.966667 0.709722 0.066667 0.093519
0 0.497656 0.412500 0.024479 0.076852
0 0.780990 0.544444 0.071354 0.075926
1 0.173698 0.300463 0.014063 0.036111
0 0.442708 0.281481 0.023958 0.057407
3 0.260417 0.130093 0.085417 0.102778
0 0.239844 0.240741 0.044271 0.055556
0 0.524219 0.625000 0.055729 0.057407
0 0.270313 0.219444 0.044792 0.055556
3 0.063281 0.132407 0.052604 0.075926
0 0.878125 0.625926 0.070833 0.081481
0 0.059375 0.079630 0.035417 0.042593
3 0.982292 0.508333 0.035417 0.105556
0 0.089583 0.016204 0.031250 0.032407

4 0.775260 0.514352 0.017188 0.017593