0 0.872656 0.612037 0.071354 0.079630
3 0.266406 0.144444 0.088021 0.105556
0 0.775000 0.534722 0.069792 0.075000
0 0.185417 0.102315 0.034375 0.043519
0 0.964844 0.692593 0.070312 0.090741
0 0.270313 0.867130 0.061458 0.113889
0 0.175521 0.792130 0.070833 0.112037
0 0.622917 0.124074 0.042708 0.035185
3 0.214844 0.970833 0.068229 0.058333
3 0.233333 0.011111 0.077083 0.022222
0 0.687760 0.118519 0.035937 0.037037
0 0.402083 0.106944 0.042708 0.037963
0 0.180990 0.009259 0.032813 0.018519
0 0.304167 0.115278 0.039583 0.037963
0 0.769792 0.335648 0.054167 0.060185
0 0.610156 0.288889 0.051562 0.053704
0 0.778906 0.409259 0.054688 0.059259

4 0.099219 0.752778 0.014063 0.025926
4 0.991667 0.846296 0.011458 0.012963