3 0.837500 0.864815 0.093750 0.140741
0 0.194010 0.782407 0.060937 0.096296
2 0.160677 0.212037 0.127604 0.161111
3 0.121094 0.674074 0.084896 0.137037
0 0.691146 0.162963 0.041667 0.038889
0 0.788802 0.553241 0.071354 0.078704
1 0.047135 0.178704 0.016146 0.035185
0 0.229948 0.829630 0.072396 0.131481
3 0.276823 0.470833 0.069271 0.099074
0 0.228906 0.232870 0.043229 0.052778
1 0.759635 0.090278 0.019271 0.025000
0 0.164062 0.128704 0.039583 0.048148
1 0.369271 0.773611 0.019792 0.041667

4 0.068490 0.602315 0.017188 0.023148
4 0.201302 0.551389 0.020313 0.054630