0 0.135156 0.656481 0.064062 0.109259
0 0.305990 0.455556 0.067187 0.068519
0 0.471354 0.377778 0.064583 0.055556
0 0.777865 0.477778 0.053646 0.061111
0 0.816667 0.407407 0.048958 0.057407
3 0.783073 0.164352 0.089063 0.095370
0 0.659896 0.246759 0.040625 0.043519
0 0.680729 0.138889 0.038542 0.037037
0 0.621354 0.142593 0.042708 0.038889
0 0.851302 0.843981 0.072396 0.097222
3 0.673177 0.696296 0.089063 0.114815
0 0.176823 0.790278 0.070312 0.110185
0 0.459375 0.657407 0.065625 0.066667
0 0.090885 0.943056 0.074479 0.113889
3 0.898438 0.637037 0.203125 0.272222
0 0.287240 0.843519 0.067187 0.118519
