0 0.673177 0.347222 0.054688 0.061111
0 0.313802 0.382407 0.043229 0.064815
3 0.288542 0.052315 0.051042 0.065741
0 0.289844 0.876852 0.060937 0.107407
0 0.226562 0.965278 0.072917 0.069444
1 0.700260 0.974537 0.028646 0.050926
0 0.110677 0.178704 0.038021 0.048148
0 0.660677 0.596296 0.060937 0.077778
0 0.695833 0.175463 0.041667 0.039815
3 0.799740 0.893519 0.183854 0.212963
0 0.778906 0.559722 0.064062 0.075000
0 0.867188 0.634259 0.075000 0.083333
0 0.964844 0.727778 0.070312 0.085185
3 0.477083 0.535648 0.069792 0.104630
2 0.960677 0.932407 0.078646 0.135185

4 0.121875 0.955556 0.014583 0.014815
4 0.893490 0.539352 0.011979 0.028704