0 0.869271 0.620370 0.070833 0.079630
3 0.267448 0.150926 0.088021 0.105556
0 0.772135 0.542130 0.069271 0.075000
0 0.186979 0.108796 0.034375 0.043519
0 0.962760 0.702778 0.074479 0.090741
3 0.742708 0.181019 0.068750 0.121296
0 0.856771 0.844444 0.064583 0.092593
0 0.268750 0.872685 0.061458 0.113889
0 0.171354 0.804167 0.070833 0.112037
0 0.760938 0.844444 0.068750 0.094444
3 0.240885 0.039352 0.102604 0.078704
0 0.098958 0.748148 0.069792 0.122222
0 0.624479 0.130093 0.042708 0.034259
3 0.214062 0.974074 0.067708 0.051852
0 0.336198 0.342130 0.051562 0.065741
3 0.691667 0.291204 0.118750 0.125000
0 0.112240 0.004167 0.033854 0.008333
0 0.550000 0.272222 0.051042 0.051852
0 0.846615 0.109722 0.035937 0.032407
0 0.812500 0.495370 0.054167 0.061111
0 0.962760 0.506481 0.066146 0.068519
