0 0.872656 0.604630 0.071354 0.081481
3 0.271094 0.143519 0.088021 0.105556
0 0.763542 0.516667 0.069792 0.074074
0 0.183333 0.097685 0.034375 0.043519
0 0.965104 0.686111 0.069792 0.090741
0 0.267188 0.862500 0.061458 0.113889
0 0.175781 0.781019 0.070312 0.112037
0 0.622396 0.118519 0.042708 0.035185
3 0.210677 0.968981 0.070312 0.062037
0 0.683073 0.112037 0.035937 0.037037
0 0.740625 0.181944 0.031250 0.049074
0 0.269271 0.049537 0.037500 0.041667
0 0.350000 0.108333 0.039583 0.040741
0 0.887240 0.433796 0.051562 0.056481
0 0.891406 0.538426 0.058854 0.067593
