0 0.868750 0.616204 0.070833 0.080556
3 0.265885 0.147222 0.088021 0.105556
0 0.771354 0.539352 0.068750 0.075000
0 0.185417 0.106019 0.034375 0.043519
0 0.962500 0.697222 0.075000 0.090741
3 0.843229 0.134259 0.092708 0.081481
0 0.267708 0.869907 0.061458 0.113889
0 0.170833 0.800463 0.070833 0.112037
0 0.623437 0.126852 0.042708 0.035185
3 0.212760 0.972222 0.068229 0.055556
0 0.595052 0.577315 0.063021 0.086111
3 0.509115 0.163426 0.096354 0.108333
0 0.190885 0.033333 0.038021 0.038889
0 0.734115 0.109259 0.035937 0.037037
0 0.414583 0.200463 0.037500 0.043519
0 0.704688 0.314815 0.055208 0.053704
0 0.649479 0.331481 0.045833 0.048148
0 0.797135 0.478241 0.063021 0.065741

4 0.180990 0.883333 0.016146 0.018519
4 0.320833 0.798148 0.009375 0.027778