1 0.363021 0.008333 0.016667 0.016667
0 0.592448 0.279167 0.055729 0.056481
0 0.009896 0.064352 0.019792 0.052778
3 0.981771 0.587963 0.036458 0.068519
1 0.284115 0.412500 0.019271 0.039815
3 0.711458 0.307407 0.069792 0.075926
0 0.853646 0.052315 0.023958 0.047222
0 0.806250 0.440278 0.055208 0.062037
0 0.410677 0.333333 0.050521 0.064815
0 0.304948 0.244907 0.042188 0.056481
3 0.471354 0.448611 0.072917 0.112037
3 0.346354 0.380556 0.084375 0.137037
3 0.177083 0.225000 0.095833 0.114815
0 0.776302 0.552315 0.064062 0.075000
0 0.864583 0.626852 0.075000 0.083333
0 0.585677 0.325000 0.060937 0.064815
0 0.962500 0.721296 0.075000 0.085185
3 0.064844 0.123611 0.049479 0.065741
2 0.180990 0.163889 0.135937 0.164815

4 0.752865 0.993056 0.005729 0.008333