0 0.872917 0.605093 0.071875 0.080556
3 0.269531 0.141667 0.088021 0.105556
0 0.766146 0.518981 0.069792 0.075000
0 0.183333 0.097685 0.034375 0.043519
0 0.965104 0.686111 0.069792 0.090741
0 0.267188 0.862500 0.061458 0.113889
0 0.175781 0.781944 0.070312 0.112037
0 0.622396 0.118519 0.042708 0.035185
3 0.210417 0.968981 0.070833 0.062037
0 0.683594 0.112037 0.035937 0.037037
0 0.738802 0.185185 0.030729 0.048148
0 0.279427 0.056944 0.039062 0.041667
0 0.362500 0.116204 0.040625 0.041667
0 0.891927 0.438426 0.051562 0.056481
0 0.897396 0.543981 0.059375 0.067593

4 0.575260 0.764352 0.008854 0.021296