1 0.859375 0.089815 0.018750 0.031481
0 0.838281 0.445370 0.071354 0.072222
1 0.183073 0.297685 0.016146 0.039815
0 0.398438 0.092130 0.040625 0.047222
0 0.941927 0.528704 0.065104 0.074074
0 0.268490 0.193981 0.045312 0.060185
0 0.216927 0.151389 0.043229 0.050926
3 0.214323 0.190278 0.064062 0.091667
3 0.191667 0.216667 0.078125 0.118519
3 0.112760 0.150000 0.089063 0.112963
0 0.772656 0.530093 0.064062 0.075000
0 0.860417 0.602778 0.075000 0.083333
0 0.834375 0.500926 0.072917 0.075926
0 0.961198 0.697222 0.077604 0.088889
3 0.046615 0.094907 0.049479 0.065741
2 0.095573 0.071296 0.127604 0.142593
0 0.326823 0.031944 0.036979 0.039815
