0 0.288542 0.049074 0.040625 0.044444
0 0.062500 0.124074 0.035417 0.050000
3 0.808333 0.435648 0.085417 0.095370
0 0.285677 0.871759 0.060937 0.110185
0 0.203385 0.982870 0.073438 0.034259
1 0.398958 0.552778 0.019792 0.042593
3 0.470052 0.132407 0.053646 0.064815
0 0.007292 0.017130 0.014583 0.034259
0 0.804167 0.141204 0.038542 0.041667
0 0.532031 0.230093 0.043229 0.049074
0 0.810677 0.712963 0.074479 0.100000
0 0.571354 0.482407 0.052083 0.072222
3 0.678906 0.741204 0.115104 0.195370
3 0.291406 0.331944 0.104688 0.134259
0 0.779427 0.551389 0.064062 0.075000
0 0.867708 0.624074 0.075000 0.083333
0 0.276042 0.084259 0.044792 0.046296
0 0.964583 0.717593 0.070833 0.085185
3 0.133854 0.183796 0.051042 0.067593
2 0.324740 0.291667 0.157812 0.200000

4 0.161979 0.572685 0.008333 0.028704