3 0.551823 0.659259 0.077604 0.070370
0 0.791406 0.794907 0.064062 0.091667
0 0.197917 0.791667 0.060417 0.096296
2 0.164323 0.221759 0.127604 0.162037
3 0.375781 0.400463 0.072396 0.078704
0 0.691406 0.171759 0.041146 0.039815
0 0.872917 0.636111 0.076042 0.085185
0 0.065365 0.806944 0.079687 0.132407
0 0.219531 0.580556 0.061979 0.096296
0 0.233594 0.839815 0.072396 0.127778
3 0.505990 0.386111 0.064062 0.061111
0 0.187240 0.197685 0.044271 0.045370
1 0.921615 0.124074 0.023438 0.029630
0 0.045573 0.031944 0.036979 0.045370
1 0.275260 0.985648 0.021354 0.028704

4 0.035417 0.734259 0.008333 0.024074