1 0.473177 0.031481 0.019271 0.035185
0 0.759115 0.406944 0.065104 0.065741
0 0.004687 0.068519 0.009375 0.027778
3 0.996354 0.611574 0.007292 0.041667
1 0.223958 0.346759 0.017708 0.034259
3 0.833594 0.403241 0.078646 0.082407
0 0.930469 0.541667 0.064062 0.072222
0 0.298698 0.236574 0.045312 0.056481
0 0.232292 0.183796 0.041667 0.054630
3 0.302083 0.285185 0.066667 0.096296
3 0.242448 0.282407 0.077604 0.122222
3 0.127604 0.178704 0.088542 0.112963
0 0.775260 0.554167 0.064062 0.075000
0 0.863021 0.627778 0.075000 0.083333
0 0.763802 0.464352 0.067187 0.073148
0 0.962500 0.721296 0.075000 0.085185
3 0.055469 0.118056 0.049479 0.065741
2 0.129948 0.121759 0.127604 0.154630

4 0.086198 0.620833 0.009896 0.021296