0 0.879687 0.632870 0.070833 0.080556
3 0.277865 0.153241 0.088021 0.108333
0 0.781771 0.552315 0.070833 0.075000
0 0.198958 0.111574 0.034375 0.043519
0 0.968229 0.716204 0.063542 0.091667
3 0.884115 0.425926 0.123438 0.153704
3 0.982812 0.521759 0.034375 0.117593
0 0.268490 0.227778 0.045312 0.057407
0 0.241667 0.254630 0.045833 0.057407
2 0.152083 0.215741 0.130208 0.161111
0 0.205990 0.163889 0.041146 0.055556
3 0.063021 0.148611 0.043750 0.075000
0 0.085677 0.123148 0.017188 0.042593
2 0.157031 0.152315 0.116146 0.134259
1 0.173698 0.315741 0.014063 0.033333
0 0.275000 0.873611 0.062500 0.112037
0 0.819531 0.499537 0.070312 0.073148
0 0.126562 0.093056 0.022917 0.019444
0 0.178125 0.805093 0.070833 0.110185
0 0.004167 0.084722 0.008333 0.045370

4 0.663021 0.956481 0.012500 0.016667
4 0.837760 0.730093 0.004687 0.021296