3 0.884896 0.413426 0.123958 0.149074
2 0.090885 0.081019 0.113021 0.126852
0 0.457292 0.282870 0.027083 0.054630
2 0.154688 0.198611 0.130208 0.162037
0 0.967708 0.702315 0.064583 0.093519
0 0.538802 0.255556 0.038021 0.057407
0 0.782031 0.536111 0.071354 0.075926
1 0.173177 0.291204 0.014063 0.036111
0 0.296094 0.590741 0.061979 0.092593
0 0.770573 0.184722 0.045312 0.039815
3 0.115625 0.028704 0.070833 0.057407
0 0.239323 0.232407 0.044271 0.055556
0 0.233333 0.947222 0.065625 0.105556
0 0.269792 0.211111 0.044792 0.055556
3 0.003646 0.066204 0.007292 0.032407
0 0.880729 0.618519 0.070833 0.081481
