0 0.869792 0.620370 0.069792 0.079630
3 0.267448 0.150000 0.088021 0.105556
0 0.772396 0.542130 0.069792 0.075000
0 0.186979 0.108796 0.034375 0.043519
0 0.963021 0.702778 0.073958 0.090741
3 0.234375 0.006944 0.056250 0.013889
3 0.729427 0.196759 0.058854 0.128704
0 0.755469 0.744907 0.058854 0.084259
2 0.945052 0.902315 0.109896 0.195370
0 0.268750 0.872685 0.061458 0.113889
0 0.171354 0.804167 0.070833 0.112037
0 0.665885 0.749537 0.063021 0.087963
3 0.292708 0.056944 0.107292 0.113889
0 0.150521 0.637500 0.059375 0.110185
0 0.625521 0.129167 0.042708 0.034259
3 0.214062 0.974074 0.067708 0.051852
0 0.289583 0.300463 0.048958 0.062037
3 0.741146 0.325000 0.125000 0.131481
0 0.178906 0.037963 0.033854 0.037037
0 0.651823 0.339352 0.053646 0.056481
0 0.887760 0.115278 0.035937 0.034259
0 0.940885 0.593981 0.058854 0.067593

4 0.822656 0.689352 0.009896 0.021296