0 0.160677 0.614352 0.063021 0.104630
0 0.330208 0.440741 0.067708 0.066667
0 0.494531 0.381944 0.064062 0.058333
0 0.778125 0.476852 0.054167 0.061111
0 0.862760 0.516204 0.041146 0.019444
0 0.817187 0.406481 0.048958 0.057407
3 0.768490 0.168981 0.088021 0.099074
0 0.647917 0.254630 0.040625 0.042593
0 0.680729 0.138889 0.038542 0.037037
0 0.621354 0.142593 0.042708 0.038889
0 0.812240 0.809259 0.071354 0.092593
3 0.642969 0.675926 0.086979 0.105556
0 0.176823 0.790278 0.070312 0.110185
0 0.436719 0.664352 0.066146 0.073148
0 0.090885 0.943519 0.074479 0.112963
3 0.903125 0.643519 0.193750 0.272222
0 0.271354 0.879630 0.067708 0.124074

4 0.373437 0.593519 0.018750 0.020370