3 0.884896 0.414352 0.123958 0.149074
2 0.084375 0.076389 0.112500 0.126852
0 0.451823 0.308796 0.030729 0.056481
2 0.154688 0.198611 0.130208 0.162037
0 0.967969 0.702778 0.064062 0.092593
0 0.545052 0.246296 0.038021 0.057407
0 0.782031 0.537037 0.071354 0.075926
1 0.173177 0.291204 0.014063 0.036111
0 0.279167 0.619907 0.062500 0.095370
0 0.744531 0.200000 0.045312 0.044444
3 0.097396 0.023148 0.071875 0.046296
0 0.239844 0.233333 0.044271 0.055556
0 0.213802 0.981481 0.047396 0.037037
0 0.269271 0.210185 0.044792 0.055556
0 0.880729 0.619444 0.070833 0.081481

4 0.386979 0.684259 0.010417 0.014815
4 0.242969 0.793056 0.013021 0.023148