3 0.883333 0.418981 0.123958 0.149074
2 0.127865 0.117593 0.115104 0.133333
0 0.395052 0.105556 0.032813 0.038889
2 0.153646 0.203241 0.130208 0.162037
0 0.967187 0.707870 0.065625 0.093519
0 0.503385 0.344444 0.030729 0.070370
0 0.780990 0.542593 0.071354 0.075926
1 0.173177 0.299537 0.014063 0.036111
0 0.417969 0.382407 0.042188 0.072222
0 0.987760 0.178241 0.024479 0.043519
3 0.224219 0.100000 0.082812 0.098148
0 0.239323 0.238889 0.044271 0.055556
0 0.417708 0.648148 0.058333 0.074074
0 0.269792 0.215741 0.044792 0.055556
3 0.046094 0.112963 0.052604 0.074074
0 0.878646 0.624074 0.070833 0.081481
0 0.031510 0.053241 0.033854 0.041667
3 0.990104 0.516667 0.019792 0.105556

4 0.877865 0.526852 0.008854 0.022222