0 0.875521 0.624537 0.069792 0.082407
3 0.273177 0.151389 0.088021 0.108333
0 0.777604 0.545833 0.070833 0.075000
0 0.192708 0.109722 0.034375 0.043519
0 0.965885 0.706944 0.068229 0.091667
3 0.700260 0.287963 0.106771 0.129630
3 0.905208 0.411574 0.127083 0.104630
0 0.700521 0.605556 0.066667 0.085185
0 0.624219 0.616667 0.063021 0.079630
2 0.372917 0.426852 0.163542 0.212963
0 0.425000 0.357870 0.056250 0.078704
3 0.203646 0.281019 0.055208 0.087963
0 0.184375 0.203704 0.036458 0.048148
2 0.284635 0.264815 0.138021 0.157407
1 0.361719 0.516204 0.016146 0.036111
0 0.273958 0.870833 0.061458 0.113889
0 0.263281 0.056481 0.040104 0.037037
0 0.325260 0.257870 0.036979 0.037963
0 0.176563 0.803704 0.070833 0.111111
0 0.105729 0.190741 0.038542 0.050000
3 0.911198 0.492593 0.177604 0.205556
0 0.893490 0.559722 0.071354 0.080556
0 0.008594 0.092593 0.017188 0.051852
0 0.985417 0.141204 0.029167 0.030556

4 0.597917 0.699537 0.006250 0.021296
4 0.541927 0.923611 0.010937 0.013889