0 0.875000 0.637963 0.069792 0.079630
3 0.276302 0.159722 0.088021 0.108333
0 0.778125 0.556019 0.070833 0.078704
0 0.197917 0.116204 0.034375 0.043519
0 0.965885 0.720833 0.068229 0.091667
3 0.844792 0.405556 0.120833 0.151852
3 0.978906 0.522685 0.042188 0.117593
0 0.304948 0.267593 0.045312 0.057407
0 0.287500 0.302315 0.045833 0.058333
2 0.188802 0.258333 0.134896 0.164815
0 0.230729 0.193981 0.041667 0.062037
3 0.074219 0.162037 0.053646 0.074074
0 0.089844 0.130093 0.024479 0.045370
2 0.163542 0.168056 0.116667 0.134259
1 0.222135 0.364815 0.014063 0.033333
0 0.275000 0.881019 0.061458 0.112037
0 0.661719 0.380556 0.060937 0.061111
0 0.172917 0.139352 0.020833 0.019444
0 0.178646 0.811574 0.070833 0.110185
0 0.023177 0.121759 0.035937 0.045370

4 0.452604 0.679167 0.006250 0.019444
4 0.559375 0.608333 0.015625 0.016667