0 0.871875 0.621296 0.069792 0.081481
3 0.269010 0.149074 0.088021 0.107407
0 0.774219 0.543519 0.070312 0.074074
0 0.189062 0.106019 0.034375 0.043519
0 0.964323 0.703704 0.071354 0.090741
3 0.469792 0.129630 0.087500 0.105556
3 0.760156 0.319907 0.111979 0.139815
2 0.704948 0.795833 0.239063 0.341667
3 0.037240 0.868056 0.074479 0.182407
0 0.387240 0.391204 0.044271 0.060185
2 0.553646 0.514352 0.183333 0.225000
1 0.614062 0.822222 0.016667 0.042593
0 0.270313 0.870833 0.061458 0.113889
0 0.802604 0.702315 0.068750 0.091667
0 0.172917 0.801852 0.070833 0.111111
0 0.319271 0.393519 0.044792 0.061111
3 0.587500 0.255556 0.142708 0.161111
0 0.275781 0.101852 0.042188 0.038889
0 0.184115 0.272685 0.046354 0.060185
0 0.699740 0.115278 0.042188 0.032407
3 0.216146 0.972685 0.066667 0.054630
0 0.085677 0.125000 0.042188 0.051852
3 0.944792 0.482407 0.110417 0.155556
0 0.679427 0.393056 0.053646 0.060185

4 0.924219 0.542130 0.006771 0.013889
4 0.674479 0.869907 0.009375 0.034259