0 0.868750 0.620370 0.071875 0.079630
3 0.266406 0.150926 0.088021 0.105556
0 0.771875 0.542130 0.068750 0.075000
0 0.186458 0.108796 0.034375 0.043519
0 0.962500 0.702778 0.075000 0.090741
3 0.757812 0.168981 0.076042 0.112037
0 0.960938 0.943981 0.070833 0.099074
0 0.268750 0.872685 0.061458 0.113889
0 0.171354 0.804167 0.070833 0.112037
0 0.856250 0.939352 0.075000 0.104630
3 0.195833 0.025000 0.101042 0.050000
0 0.044010 0.860185 0.081771 0.140741
0 0.623958 0.129167 0.042708 0.034259
3 0.213542 0.974074 0.067708 0.051852
0 0.381771 0.381944 0.053125 0.071296
3 0.650781 0.262037 0.113021 0.120370
0 0.466667 0.217130 0.045833 0.047222
0 0.815365 0.106944 0.034896 0.034259
0 0.713802 0.418519 0.048438 0.053704
0 0.905469 0.465278 0.067187 0.063889
0 0.995573 0.611111 0.008854 0.072222

4 0.850260 0.708333 0.010937 0.029630
4 0.232813 0.706019 0.010417 0.039815