1 0.999479 0.114815 0.001042 0.027778
0 0.838281 0.444444 0.072396 0.072222
1 0.180990 0.296759 0.016146 0.039815
0 0.741927 0.822685 0.073438 0.110185
0 0.455729 0.273148 0.032292 0.068519
0 0.971875 0.555556 0.056250 0.074074
0 0.266667 0.193981 0.045833 0.060185
0 0.216406 0.152315 0.043229 0.050926
3 0.210156 0.187500 0.061979 0.091667
3 0.189583 0.216204 0.078125 0.117593
3 0.109896 0.150463 0.089583 0.113889
0 0.772656 0.529167 0.064062 0.075000
0 0.859375 0.601852 0.075000 0.083333
0 0.834375 0.500926 0.072917 0.077778
0 0.960417 0.696296 0.079167 0.088889
3 0.044010 0.093981 0.049479 0.065741
2 0.080729 0.067130 0.129167 0.134259
0 0.451302 0.166667 0.025521 0.048148

4 0.105469 0.617130 0.017188 0.019444