0 0.420052 0.358333 0.059896 0.044444
0 0.630990 0.431481 0.055729 0.061111
0 0.761979 0.526389 0.070833 0.075000
0 0.776823 0.465278 0.053646 0.062037
0 0.815885 0.397222 0.048438 0.053704
0 0.958073 0.692130 0.083854 0.100926
0 0.620573 0.132870 0.043229 0.037963
0 0.680469 0.128241 0.035937 0.036111
3 0.445573 0.272222 0.103646 0.109259
0 0.305208 0.201389 0.038542 0.045370
0 0.312240 0.771296 0.057813 0.100000
0 0.181250 0.775000 0.069792 0.109259
3 0.225000 0.939352 0.090625 0.121296
0 0.997656 0.657870 0.004687 0.075000

4 0.522917 0.891204 0.014583 0.049074