0 0.873177 0.611111 0.071354 0.079630
3 0.265885 0.144444 0.088021 0.105556
0 0.775000 0.534722 0.069792 0.075000
0 0.184896 0.103241 0.034375 0.043519
0 0.964844 0.692593 0.070312 0.090741
0 0.270313 0.867130 0.061458 0.113889
0 0.176563 0.789352 0.070833 0.112037
0 0.622396 0.123148 0.042708 0.035185
3 0.214844 0.971296 0.068229 0.057407
0 0.683594 0.118519 0.035937 0.037037
0 0.298958 0.039815 0.039583 0.033333
0 0.170052 0.020370 0.034896 0.035185
0 0.728906 0.255556 0.032813 0.055556
0 0.434115 0.167130 0.043229 0.047222
0 0.547396 0.246296 0.045833 0.048148
0 0.974479 0.505093 0.051042 0.062037
0 0.994531 0.647222 0.010937 0.074074

4 0.075000 0.681944 0.008333 0.013889
4 0.601302 0.532407 0.008854 0.027778