3 0.882812 0.422685 0.123958 0.149074
2 0.141406 0.133333 0.117188 0.135185
0 0.292448 0.026389 0.032813 0.036111
2 0.154167 0.206944 0.130208 0.162037
0 0.966667 0.711574 0.066667 0.093519
0 0.499740 0.431019 0.024479 0.078704
0 0.780990 0.546296 0.071354 0.075926
1 0.173698 0.301389 0.014063 0.036111
0 0.442969 0.260648 0.021354 0.056481
3 0.266667 0.135648 0.085417 0.102778
0 0.239844 0.241667 0.044271 0.055556
0 0.548177 0.633796 0.056771 0.063889
0 0.270313 0.219444 0.044792 0.055556
3 0.065365 0.135185 0.052604 0.075926
0 0.878646 0.626852 0.070833 0.081481
0 0.064062 0.085185 0.035417 0.042593
3 0.982031 0.508333 0.035937 0.105556
0 0.097917 0.020833 0.031250 0.037963
