0 0.850781 0.582870 0.069271 0.078704
3 0.291406 0.156481 0.088021 0.105556
0 0.713021 0.475463 0.067708 0.067593
0 0.182812 0.094907 0.034375 0.043519
0 0.964583 0.682407 0.070833 0.090741
0 0.265104 0.860648 0.061458 0.113889
0 0.174740 0.775463 0.070312 0.112037
0 0.622396 0.113889 0.042708 0.035185
3 0.207031 0.967130 0.072396 0.065741
0 0.682552 0.109259 0.035937 0.037037
0 0.781510 0.147685 0.044271 0.041667
0 0.219792 0.028241 0.036458 0.036111
0 0.840365 0.398148 0.050521 0.055556
0 0.832292 0.490741 0.056250 0.064815

4 0.895052 0.688426 0.010937 0.028704