0 0.197135 0.559722 0.059896 0.095370
0 0.365625 0.421759 0.067708 0.062037
0 0.528385 0.388889 0.065104 0.061111
0 0.778646 0.476852 0.054167 0.061111
0 0.860417 0.523148 0.052083 0.033333
0 0.817708 0.406481 0.048958 0.057407
3 0.748958 0.176852 0.086458 0.101852
0 0.628125 0.266204 0.041667 0.039815
0 0.680729 0.137963 0.038542 0.037037
0 0.621354 0.142593 0.042708 0.038889
0 0.760417 0.766667 0.069792 0.087037
3 0.598177 0.654167 0.085938 0.093519
0 0.177344 0.790278 0.070312 0.110185
0 0.402344 0.681481 0.064062 0.079630
0 0.091667 0.943056 0.073958 0.113889
3 0.910417 0.656019 0.179167 0.271296
0 0.248177 0.933796 0.071354 0.132407

4 0.773438 0.654167 0.005208 0.010185
4 0.549219 0.649537 0.020313 0.019444