0 0.869271 0.620370 0.070833 0.079630
3 0.267448 0.150926 0.088021 0.105556
0 0.772135 0.542130 0.069271 0.075000
0 0.186979 0.108796 0.034375 0.043519
0 0.962760 0.702778 0.074479 0.090741
3 0.744010 0.178241 0.071354 0.121296
0 0.868490 0.854630 0.065104 0.094444
0 0.268750 0.872685 0.061458 0.113889
0 0.171354 0.804167 0.070833 0.112037
0 0.770833 0.854630 0.068750 0.094444
3 0.235937 0.037963 0.101042 0.075926
0 0.093490 0.758796 0.071354 0.128704
0 0.624479 0.130093 0.042708 0.034259
3 0.214062 0.974074 0.067708 0.051852
0 0.341146 0.345833 0.052083 0.067593
3 0.686979 0.287037 0.117708 0.125926
0 0.540625 0.265278 0.051042 0.050926
0 0.842448 0.108796 0.035937 0.032407
0 0.800000 0.484722 0.051042 0.060185
0 0.955990 0.501852 0.066146 0.068519
