3 0.894792 0.424537 0.127083 0.152778
2 0.040365 0.049074 0.080729 0.098148
0 0.346094 0.512037 0.048438 0.072222
2 0.155729 0.200463 0.130208 0.160185
0 0.997135 0.729630 0.005729 0.040741
0 0.603125 0.191204 0.040625 0.049074
0 0.782552 0.539815 0.070312 0.075926
1 0.172656 0.293056 0.014063 0.036111
0 0.181510 0.788426 0.071354 0.112037
0 0.564583 0.354630 0.050000 0.059259
0 0.240365 0.237037 0.044271 0.055556
1 0.443490 0.010648 0.017188 0.021296
0 0.269271 0.212963 0.044792 0.055556
1 0.678125 0.903241 0.027083 0.050926
0 0.888542 0.627315 0.071875 0.082407

4 0.731510 0.948148 0.007812 0.018519