3 0.925260 0.941204 0.101562 0.117593
0 0.193490 0.782407 0.060937 0.096296
2 0.159896 0.211111 0.129167 0.161111
3 0.050781 0.787037 0.094271 0.157407
0 0.690625 0.162963 0.041667 0.038889
0 0.785156 0.551852 0.070312 0.075926
1 0.060417 0.190741 0.016667 0.035185
0 0.229427 0.829630 0.072396 0.131481
3 0.230469 0.522222 0.070312 0.111111
0 0.232552 0.236111 0.043229 0.055556
1 0.731510 0.092130 0.019271 0.025000
0 0.181510 0.143981 0.041146 0.049074
1 0.390104 0.746759 0.020833 0.039815

4 0.550260 0.667593 0.021354 0.053704