0 0.839844 0.449074 0.072396 0.072222
1 0.180990 0.296759 0.016146 0.039815
0 0.539844 0.673611 0.065104 0.069444
0 0.394010 0.429167 0.056771 0.082407
0 0.320052 0.067130 0.038021 0.041667
0 0.266667 0.197222 0.044792 0.061111
0 0.214844 0.154167 0.043229 0.050926
3 0.210156 0.190278 0.061979 0.089815
3 0.189062 0.218981 0.078125 0.117593
3 0.109896 0.151389 0.089583 0.113889
0 0.772656 0.531481 0.064062 0.074074
0 0.859375 0.603704 0.075000 0.083333
0 0.833333 0.503704 0.072917 0.077778
0 0.960417 0.696296 0.079167 0.088889
3 0.043490 0.097685 0.049479 0.065741
2 0.072135 0.062963 0.122396 0.125926
0 0.460156 0.284722 0.028646 0.060185

4 0.333854 0.936574 0.017708 0.021296
4 0.225260 0.710185 0.004687 0.020370