1 0.999479 0.114815 0.001042 0.027778
0 0.838281 0.444444 0.072396 0.072222
1 0.180990 0.296759 0.016146 0.039815
0 0.737760 0.818981 0.073438 0.110185
0 0.454948 0.275926 0.032813 0.068519
0 0.972656 0.555556 0.054688 0.074074
0 0.266667 0.193981 0.045833 0.060185
0 0.215885 0.152315 0.043229 0.050926
3 0.210156 0.187500 0.061979 0.091667
3 0.189583 0.216204 0.078125 0.117593
3 0.109896 0.150463 0.089583 0.113889
0 0.772656 0.529167 0.064062 0.075000
0 0.859375 0.601852 0.075000 0.083333
0 0.834375 0.500926 0.072917 0.077778
0 0.960417 0.696296 0.079167 0.088889
3 0.044010 0.093981 0.049479 0.065741
2 0.080729 0.067130 0.129167 0.134259
0 0.452865 0.168519 0.025521 0.048148

4 0.029167 0.861111 0.005208 0.016667
4 0.494010 0.599074 0.009896 0.012963