0 0.282813 0.044907 0.040625 0.043519
0 0.064583 0.125000 0.035417 0.050000
3 0.803125 0.431019 0.084375 0.095370
0 0.286198 0.870833 0.060937 0.110185
0 0.204948 0.981019 0.073438 0.037963
1 0.402083 0.555556 0.019792 0.042593
3 0.465885 0.128704 0.053646 0.064815
0 0.009635 0.018981 0.019271 0.037963
0 0.801302 0.142130 0.039062 0.041667
0 0.526302 0.226389 0.043229 0.047222
0 0.823958 0.725463 0.075000 0.102778
0 0.580208 0.490741 0.052083 0.074074
3 0.690104 0.753241 0.115625 0.197222
3 0.294531 0.333796 0.104688 0.134259
0 0.779427 0.551389 0.064062 0.075000
0 0.867708 0.624074 0.075000 0.083333
0 0.269792 0.080556 0.044792 0.046296
0 0.964583 0.717593 0.070833 0.085185
3 0.135417 0.185648 0.051042 0.067593
2 0.331250 0.296759 0.160417 0.200926
