1 0.999479 0.114815 0.001042 0.027778
0 0.839323 0.445370 0.072396 0.072222
1 0.180990 0.296759 0.016146 0.039815
0 0.711458 0.792130 0.071875 0.102778
0 0.450781 0.291667 0.036979 0.070370
0 0.217448 0.003241 0.038021 0.006481
0 0.974740 0.559259 0.050521 0.074074
0 0.266667 0.193981 0.045833 0.060185
0 0.215365 0.152315 0.043229 0.050926
3 0.210156 0.187963 0.061979 0.090741
3 0.189583 0.216204 0.078125 0.117593
3 0.109896 0.150463 0.089583 0.113889
0 0.772656 0.529167 0.064062 0.075000
0 0.859375 0.602778 0.075000 0.083333
0 0.834375 0.500926 0.072917 0.077778
0 0.960417 0.696296 0.079167 0.088889
3 0.044010 0.093981 0.049479 0.065741
2 0.079427 0.066204 0.126562 0.132407
0 0.456771 0.178704 0.022917 0.050000

4 0.416927 0.994444 0.007812 0.011111
4 0.060417 0.690278 0.016667 0.021296