1 0.616667 0.097685 0.018750 0.032407
0 0.838281 0.458333 0.070312 0.072222
0 0.002083 0.060648 0.004167 0.028704
1 0.187240 0.311574 0.016146 0.039815
3 0.961979 0.498611 0.076042 0.091667
0 0.942448 0.543056 0.064062 0.071296
0 0.272135 0.209722 0.045312 0.058333
0 0.220052 0.167130 0.042188 0.047222
3 0.219010 0.204167 0.061979 0.089815
3 0.195833 0.231944 0.076042 0.115741
3 0.117708 0.163889 0.088542 0.112963
0 0.776823 0.546759 0.064062 0.075000
0 0.864062 0.619444 0.075000 0.083333
0 0.838542 0.519444 0.072917 0.075926
0 0.962760 0.709259 0.074479 0.085185
3 0.051302 0.109722 0.049479 0.065741
2 0.111979 0.097685 0.129167 0.152778
