0 0.843490 0.446296 0.072396 0.074074
1 0.181510 0.295833 0.016146 0.039815
0 0.324479 0.758333 0.065625 0.103704
0 0.240365 0.666667 0.074479 0.112963
0 0.432292 0.194444 0.028125 0.051852
0 0.266667 0.194444 0.044792 0.061111
0 0.214062 0.151389 0.042708 0.050926
3 0.209635 0.187500 0.061979 0.089815
3 0.189323 0.217130 0.077604 0.115741
3 0.109896 0.149537 0.089583 0.113889
0 0.772656 0.527778 0.064062 0.074074
0 0.860417 0.600000 0.075000 0.083333
0 0.834375 0.499074 0.072917 0.077778
0 0.960938 0.691667 0.078125 0.088889
3 0.043490 0.095833 0.049479 0.065741
2 0.058594 0.057407 0.117188 0.114815
3 0.328646 0.046759 0.060417 0.080556
0 0.379948 0.465741 0.050521 0.074074
