0 0.874219 0.623611 0.070312 0.080556
3 0.271615 0.150000 0.088021 0.107407
0 0.776823 0.544444 0.070312 0.074074
0 0.191146 0.108796 0.034375 0.043519
0 0.965104 0.706481 0.069792 0.090741
3 0.597917 0.215741 0.100000 0.122222
3 0.835417 0.385185 0.118750 0.142593
0 0.967969 0.953241 0.064062 0.093519
2 0.512240 0.576852 0.185938 0.259259
0 0.650781 0.555556 0.067187 0.094444
3 0.230208 0.437500 0.035417 0.119444
0 0.259115 0.272222 0.039062 0.051852
2 0.376042 0.355556 0.154167 0.194444
1 0.464583 0.641204 0.022917 0.049074
0 0.271875 0.871759 0.061458 0.113889
0 0.485417 0.409259 0.050000 0.066667
0 0.175000 0.802778 0.070833 0.111111
0 0.179948 0.261574 0.041146 0.054630
3 0.779427 0.391667 0.173437 0.188889
0 0.563542 0.307407 0.052083 0.059259
0 0.077083 0.168981 0.042708 0.050926
0 0.834375 0.114815 0.044792 0.033333
3 0.214844 0.976852 0.065104 0.046296

4 0.243490 0.596759 0.011979 0.019444