0 0.871875 0.620833 0.069792 0.080556
3 0.269010 0.149074 0.088021 0.107407
0 0.773698 0.542130 0.070312 0.075000
0 0.189062 0.106019 0.034375 0.043519
0 0.964323 0.702778 0.071354 0.090741
3 0.456771 0.120370 0.087500 0.105556
3 0.753385 0.311574 0.108854 0.139815
2 0.725781 0.821296 0.245312 0.350000
3 0.017969 0.923611 0.035937 0.152778
0 0.405208 0.408333 0.044792 0.061111
2 0.574479 0.534259 0.188542 0.229630
1 0.632031 0.847222 0.017188 0.042593
0 0.270313 0.870833 0.061458 0.113889
0 0.850000 0.747222 0.071875 0.096296
0 0.172396 0.801852 0.070833 0.111111
0 0.335156 0.409722 0.047396 0.063889
3 0.567708 0.241204 0.139583 0.154630
0 0.250260 0.082407 0.041146 0.040741
0 0.193750 0.284722 0.043750 0.063889
0 0.687500 0.116667 0.043750 0.035185
3 0.216146 0.972685 0.066667 0.054630
0 0.097396 0.134259 0.042708 0.051852
3 0.938542 0.472685 0.122917 0.154630
0 0.639323 0.364352 0.051562 0.058333
