1 0.878125 0.094444 0.018750 0.031481
0 0.838281 0.445370 0.071354 0.072222
1 0.183073 0.297685 0.016146 0.039815
0 0.411198 0.104167 0.038021 0.052778
0 0.941927 0.528704 0.065104 0.074074
0 0.268490 0.193056 0.045312 0.060185
0 0.217448 0.150463 0.043229 0.050926
3 0.214323 0.190741 0.064062 0.090741
3 0.191146 0.215741 0.078125 0.118519
3 0.110937 0.150000 0.087500 0.112963
0 0.772656 0.530093 0.064062 0.075000
0 0.860938 0.602778 0.075000 0.083333
0 0.834375 0.500926 0.072917 0.075926
0 0.961458 0.697222 0.077083 0.088889
3 0.046094 0.093981 0.049479 0.065741
2 0.094531 0.071296 0.127604 0.142593
0 0.345052 0.044444 0.035937 0.038889

4 0.340625 0.704630 0.015625 0.012963
4 0.308854 0.767593 0.007292 0.011111