0 0.874219 0.623611 0.070312 0.080556
3 0.271615 0.150000 0.088021 0.107407
0 0.776042 0.544444 0.070833 0.072222
0 0.191146 0.108796 0.034375 0.043519
0 0.965104 0.706481 0.069792 0.090741
3 0.584896 0.206944 0.097917 0.121296
3 0.827604 0.379167 0.117708 0.143519
2 0.531250 0.597222 0.189583 0.262963
0 0.689583 0.590278 0.071875 0.099074
3 0.222656 0.467593 0.043229 0.124074
0 0.267969 0.282870 0.039062 0.052778
2 0.391667 0.369444 0.156250 0.198148
1 0.479167 0.655556 0.022917 0.050000
0 0.271875 0.871759 0.061458 0.113889
0 0.509375 0.431944 0.051042 0.067593
0 0.175000 0.802778 0.070833 0.111111
0 0.191927 0.272222 0.042188 0.055556
3 0.761719 0.379167 0.170313 0.186111
0 0.532031 0.284722 0.050521 0.056481
0 0.088021 0.178704 0.044792 0.053704
0 0.817708 0.112963 0.043750 0.033333
3 0.216406 0.974537 0.066146 0.050926
0 0.004167 0.044907 0.008333 0.047222

4 0.435937 0.775926 0.010417 0.016667