1 0.665104 0.094907 0.018750 0.032407
0 0.838542 0.454630 0.069792 0.072222
0 0.001302 0.056019 0.002604 0.013889
1 0.186719 0.307870 0.016146 0.039815
3 0.987760 0.518519 0.024479 0.057407
0 0.942448 0.538426 0.064062 0.071296
0 0.271615 0.205093 0.045312 0.060185
0 0.220052 0.161574 0.042188 0.049074
3 0.217188 0.200000 0.062500 0.090741
3 0.194792 0.227778 0.077083 0.116667
3 0.115625 0.159259 0.088542 0.112963
0 0.776302 0.542130 0.064062 0.075000
0 0.864583 0.615741 0.075000 0.083333
0 0.838021 0.512963 0.072917 0.075926
0 0.963281 0.708333 0.073438 0.088889
3 0.050260 0.105093 0.049479 0.065741
2 0.106771 0.087500 0.129167 0.147222
