0 0.878385 0.630093 0.069271 0.080556
3 0.277865 0.152778 0.088021 0.109259
0 0.780208 0.550000 0.069792 0.074074
0 0.196875 0.107870 0.034375 0.043519
0 0.967448 0.713426 0.065104 0.091667
3 0.883073 0.425000 0.123438 0.153704
3 0.983073 0.519907 0.033854 0.117593
0 0.268490 0.225926 0.045312 0.057407
0 0.241146 0.250926 0.045833 0.057407
2 0.152604 0.214815 0.129167 0.161111
0 0.155469 0.111111 0.034896 0.033333
3 0.064583 0.146759 0.043750 0.075000
0 0.083594 0.116667 0.019271 0.042593
2 0.156250 0.150926 0.115625 0.133333
0 0.889323 0.964815 0.080729 0.070370
0 0.218229 0.014352 0.035417 0.028704
0 0.249740 0.920370 0.063021 0.116667
0 0.977344 0.640741 0.045312 0.083333
0 0.001042 0.006019 0.002083 0.012037
