3 0.997656 0.537963 0.004687 0.035185
0 0.191927 0.779630 0.060937 0.096296
2 0.158333 0.207407 0.129167 0.161111
0 0.689583 0.158333 0.041667 0.038889
0 0.784115 0.546296 0.070312 0.075926
1 0.106771 0.229167 0.014583 0.032407
0 0.236198 0.808333 0.072396 0.131481
3 0.027604 0.852315 0.055208 0.167593
0 0.239844 0.240741 0.044271 0.055556
1 0.641927 0.098611 0.019271 0.025000
0 0.234635 0.186111 0.042188 0.051852
1 0.478385 0.697685 0.030729 0.032407

4 0.403125 0.793981 0.008333 0.021296
4 0.202604 0.766204 0.016667 0.023148