1 0.532031 0.063889 0.019271 0.035185
0 0.816927 0.451389 0.068229 0.071296
0 0.003906 0.068056 0.007812 0.028704
1 0.201563 0.327315 0.013542 0.036111
3 0.890625 0.446759 0.085417 0.087963
0 0.939844 0.548148 0.064062 0.072222
0 0.274740 0.218056 0.045312 0.058333
0 0.223698 0.174074 0.042188 0.046296
3 0.241146 0.231019 0.061458 0.089815
3 0.207031 0.248611 0.076563 0.117593
3 0.119792 0.172222 0.088542 0.112963
0 0.774740 0.553241 0.064062 0.075000
0 0.863021 0.625926 0.075000 0.083333
0 0.821875 0.512963 0.072917 0.075926
0 0.962240 0.717593 0.075521 0.085185
3 0.053906 0.117130 0.049479 0.065741
2 0.117708 0.108796 0.128125 0.154630

4 0.757812 0.537037 0.007292 0.009259
4 0.372656 0.644907 0.011979 0.010185