3 0.885938 0.415278 0.123958 0.149074
2 0.058333 0.062963 0.110417 0.125926
0 0.412240 0.401389 0.040104 0.063889
2 0.155208 0.199537 0.130208 0.162037
0 0.976042 0.707870 0.047917 0.073148
0 0.572396 0.216667 0.039583 0.051852
0 0.782031 0.538889 0.071354 0.075926
1 0.173177 0.293056 0.014063 0.036111
0 0.225000 0.712500 0.067708 0.104630
0 0.655729 0.269907 0.046875 0.050926
0 0.240365 0.235185 0.044271 0.055556
1 0.397917 0.006944 0.018750 0.013889
0 0.269271 0.212037 0.044792 0.055556
1 0.727865 0.978241 0.027604 0.043519
0 0.880729 0.620370 0.070833 0.081481

4 0.232292 0.755093 0.008333 0.019444
4 0.104948 0.913426 0.013021 0.015741