1 0.359896 0.007407 0.016667 0.014815
0 0.586198 0.274537 0.055729 0.056481
0 0.010417 0.065278 0.020833 0.052778
3 0.980729 0.585185 0.038542 0.068519
1 0.286719 0.414352 0.019271 0.039815
3 0.707292 0.303704 0.069792 0.075926
0 0.854688 0.054167 0.023958 0.047222
0 0.801302 0.435185 0.054688 0.061111
0 0.415625 0.337037 0.050000 0.064815
0 0.309896 0.248148 0.042708 0.055556
3 0.479427 0.456481 0.073438 0.111111
3 0.351042 0.385648 0.085417 0.139815
3 0.178646 0.226852 0.096875 0.114815
0 0.776302 0.552315 0.064062 0.075000
0 0.864583 0.626852 0.075000 0.083333
0 0.578906 0.317593 0.060937 0.064815
0 0.962500 0.721296 0.075000 0.085185
3 0.064844 0.123611 0.049479 0.065741
2 0.183594 0.165741 0.135937 0.166667

4 0.799740 0.952315 0.016146 0.019444