0 0.678906 0.448611 0.063021 0.067593
0 0.830729 0.567130 0.068750 0.076852
0 0.814323 0.475926 0.055729 0.064815
0 0.828646 0.387037 0.050000 0.055556
0 0.961719 0.680093 0.076563 0.091667
0 0.809115 0.136111 0.046354 0.037037
0 0.622135 0.113426 0.044271 0.039815
0 0.683073 0.107870 0.034896 0.037963
0 0.164062 0.006019 0.030208 0.012037
3 0.306510 0.166204 0.089063 0.112037
0 0.186979 0.099537 0.035417 0.039815
0 0.175260 0.771759 0.070312 0.113889
0 0.264844 0.856019 0.063021 0.112037
3 0.199219 0.966667 0.086979 0.066667
