1 0.388542 0.009259 0.017708 0.018519
0 0.633854 0.309722 0.058333 0.058333
0 0.008333 0.063426 0.016667 0.052778
3 0.987760 0.594444 0.024479 0.053704
1 0.270313 0.397222 0.017708 0.037037
3 0.742448 0.331481 0.072396 0.077778
0 0.846354 0.034722 0.027083 0.045370
0 0.841406 0.467130 0.057813 0.065741
0 0.382031 0.307407 0.048438 0.064815
0 0.282552 0.224074 0.042188 0.055556
3 0.421875 0.399074 0.069792 0.107407
3 0.317448 0.351389 0.082812 0.132407
3 0.164323 0.212037 0.093229 0.114815
0 0.776302 0.552315 0.064062 0.075000
0 0.864062 0.626852 0.075000 0.083333
0 0.629687 0.356944 0.063542 0.069444
0 0.962500 0.721296 0.075000 0.085185
3 0.059635 0.118981 0.049479 0.065741
2 0.165104 0.149074 0.132292 0.161111

4 0.351302 0.566204 0.019271 0.017593
4 0.143750 0.854167 0.014583 0.013889