0 0.872396 0.612963 0.070833 0.079630
3 0.265885 0.144444 0.088021 0.105556
0 0.773698 0.536111 0.070312 0.075926
0 0.185417 0.102315 0.034375 0.043519
0 0.964583 0.691667 0.070833 0.090741
3 0.952865 0.137037 0.094271 0.079630
0 0.269271 0.867130 0.061458 0.113889
0 0.174479 0.793056 0.070833 0.112037
0 0.622917 0.125926 0.042708 0.035185
3 0.214323 0.971296 0.068229 0.057407
0 0.929948 0.896759 0.092188 0.123148
3 0.361719 0.059722 0.083854 0.095370
0 0.699740 0.115741 0.035937 0.037037
0 0.187760 0.034259 0.031771 0.033333
0 0.533333 0.192593 0.047917 0.044444
0 0.369271 0.131019 0.037500 0.037963
0 0.500000 0.256481 0.047917 0.048148
0 0.899740 0.446759 0.066146 0.063889
0 0.886458 0.491204 0.064583 0.069444

4 0.173437 0.616667 0.008333 0.014815