0 0.484896 0.194444 0.048958 0.051852
0 0.017448 0.079167 0.034896 0.045370
3 0.956510 0.557870 0.086979 0.112037
0 0.238542 0.951852 0.065625 0.096296
1 0.318750 0.449537 0.016667 0.041667
3 0.632031 0.245370 0.065104 0.074074
0 0.858073 0.088889 0.019271 0.050000
0 0.711198 0.360648 0.052604 0.060185
0 0.507031 0.418056 0.053646 0.071296
0 0.376302 0.301852 0.047396 0.064815
3 0.624479 0.601389 0.088542 0.137963
3 0.438281 0.472685 0.089063 0.150926
3 0.211198 0.253704 0.099479 0.114815
0 0.778906 0.549537 0.064062 0.075000
0 0.866667 0.624074 0.075000 0.083333
0 0.477604 0.236574 0.055208 0.056481
0 0.964323 0.718519 0.071354 0.085185
3 0.083333 0.136574 0.050000 0.065741
2 0.223698 0.198611 0.142187 0.175000

4 0.954688 0.661574 0.010417 0.019444