1 0.492969 0.044444 0.019271 0.035185
0 0.783333 0.425000 0.065625 0.068519
0 0.004427 0.068519 0.008854 0.027778
3 0.996354 0.611574 0.007292 0.041667
1 0.216146 0.342130 0.017708 0.034259
3 0.851562 0.418519 0.082292 0.085185
0 0.939323 0.550000 0.064062 0.072222
0 0.286198 0.227778 0.045312 0.057407
0 0.227865 0.180093 0.040104 0.054630
3 0.276562 0.262037 0.064583 0.088889
3 0.227344 0.268981 0.077604 0.119444
3 0.122396 0.175000 0.088542 0.112963
0 0.775260 0.554167 0.064062 0.075000
0 0.863021 0.626852 0.075000 0.083333
0 0.787240 0.487500 0.069271 0.073148
0 0.962240 0.718519 0.075521 0.085185
3 0.054948 0.118056 0.049479 0.065741
2 0.124740 0.117130 0.127604 0.154630

4 0.469792 0.925926 0.009375 0.029630
4 0.515104 0.621759 0.015625 0.017593