0 0.188542 0.572685 0.061458 0.097222
0 0.356771 0.425463 0.067708 0.062037
0 0.520573 0.387037 0.064062 0.061111
0 0.778646 0.476852 0.054167 0.061111
0 0.860417 0.520370 0.052083 0.027778
0 0.817708 0.406481 0.048958 0.057407
3 0.753646 0.175463 0.086458 0.100926
0 0.633594 0.263889 0.041146 0.040741
0 0.680729 0.138889 0.038542 0.037037
0 0.621354 0.142593 0.042708 0.038889
0 0.772656 0.776852 0.070312 0.088889
3 0.609115 0.658333 0.085938 0.094444
0 0.177344 0.790278 0.070312 0.110185
0 0.410938 0.676389 0.064583 0.076852
0 0.091667 0.943056 0.073958 0.113889
3 0.908333 0.653241 0.183333 0.271296
0 0.254427 0.919907 0.070312 0.130556

4 0.693229 0.652778 0.009375 0.031481