0 0.180469 0.564815 0.064062 0.098148
0 0.422135 0.376852 0.053646 0.053704
0 0.576823 0.413426 0.065104 0.052778
0 0.777865 0.474537 0.053646 0.062037
0 0.816927 0.405556 0.049479 0.055556
0 0.738542 0.517593 0.072917 0.079630
0 0.621094 0.141204 0.043229 0.037963
0 0.680990 0.137037 0.035937 0.037037
3 0.619271 0.256019 0.098958 0.106481
0 0.458594 0.291667 0.043229 0.044444
0 0.507552 0.644907 0.061979 0.058333
0 0.179688 0.787037 0.069792 0.109259
3 0.363021 0.714352 0.084375 0.123148
0 0.861458 0.537500 0.056250 0.065741
0 0.227865 0.959259 0.067187 0.081481
0 0.066927 0.975000 0.063021 0.050000
3 0.996875 0.731019 0.006250 0.075000

4 0.888542 0.715278 0.009375 0.023148
4 0.658854 0.931019 0.014583 0.019444