0 0.875521 0.626852 0.069792 0.081481
3 0.273698 0.151389 0.088021 0.108333
0 0.777344 0.547685 0.070312 0.075000
0 0.193229 0.111574 0.034375 0.043519
0 0.965885 0.708796 0.068229 0.091667
3 0.727344 0.309259 0.107813 0.133333
3 0.919531 0.428241 0.136979 0.112037
0 0.605469 0.521759 0.060937 0.076852
0 0.547917 0.543519 0.059375 0.072222
2 0.337500 0.393519 0.159375 0.201852
0 0.383594 0.325000 0.054688 0.074074
3 0.181771 0.257407 0.058333 0.085185
0 0.162500 0.185648 0.035417 0.047222
2 0.265625 0.250000 0.133333 0.153704
1 0.334115 0.488889 0.015104 0.033333
0 0.273958 0.873611 0.061458 0.113889
0 0.317188 0.096296 0.041667 0.038889
0 0.290885 0.228704 0.028646 0.025926
0 0.176563 0.803704 0.070833 0.111111
0 0.086719 0.174074 0.036979 0.048148
3 0.930469 0.524074 0.139063 0.207407
0 0.984635 0.653241 0.030729 0.084259

4 0.578906 0.904630 0.008854 0.029630
4 0.119271 0.724537 0.007292 0.010185