0 0.260937 0.028241 0.040625 0.043519
0 0.070052 0.129630 0.034896 0.051852
3 0.782813 0.414815 0.084375 0.096296
0 0.287240 0.868056 0.060937 0.110185
0 0.209635 0.976389 0.073438 0.047222
1 0.411458 0.567593 0.019792 0.040741
3 0.448698 0.115741 0.052604 0.064815
0 0.016667 0.026852 0.033333 0.044444
0 0.791667 0.144907 0.038542 0.041667
0 0.509635 0.212963 0.042188 0.046296
0 0.871354 0.770370 0.079167 0.105556
0 0.612240 0.519444 0.056771 0.075926
3 0.729427 0.795370 0.119271 0.203704
3 0.307031 0.346759 0.106771 0.136111
0 0.780469 0.551389 0.064062 0.075000
0 0.867708 0.624074 0.075000 0.083333
0 0.248958 0.062963 0.044792 0.046296
0 0.964583 0.717593 0.070833 0.085185
3 0.144010 0.192130 0.052604 0.069444
2 0.346354 0.311111 0.162500 0.205556
