0 0.869010 0.617593 0.070312 0.081481
3 0.265885 0.148148 0.088021 0.105556
0 0.771094 0.539352 0.069271 0.075000
0 0.185938 0.106019 0.034375 0.043519
0 0.962500 0.699074 0.075000 0.090741
3 0.806250 0.140741 0.088542 0.094444
0 0.267708 0.869907 0.061458 0.113889
0 0.170313 0.802315 0.070833 0.112037
0 0.623958 0.129167 0.042708 0.034259
3 0.212760 0.972222 0.068229 0.055556
0 0.505469 0.493519 0.058854 0.079630
3 0.562500 0.199074 0.103125 0.114815
0 0.289583 0.096759 0.041667 0.041667
0 0.758594 0.106481 0.035937 0.035185
0 0.516667 0.273611 0.041667 0.045370
0 0.776823 0.366667 0.058854 0.055556
0 0.774219 0.422222 0.049479 0.059259
0 0.927344 0.578704 0.070312 0.074074

4 0.744792 0.767130 0.007292 0.023148
4 0.396615 0.992593 0.010937 0.014815