1 0.642188 0.097685 0.018750 0.032407
0 0.838802 0.456481 0.070312 0.072222
0 0.001823 0.057870 0.003646 0.015741
1 0.186719 0.308796 0.016146 0.039815
3 0.974740 0.508796 0.050521 0.076852
0 0.942448 0.540278 0.064062 0.071296
0 0.272135 0.207870 0.045312 0.058333
0 0.220052 0.164352 0.042188 0.047222
3 0.217708 0.201852 0.062500 0.090741
3 0.195312 0.229630 0.077083 0.116667
3 0.116146 0.161111 0.088542 0.112963
0 0.776823 0.543056 0.064062 0.075000
0 0.865104 0.617593 0.075000 0.083333
0 0.838021 0.512963 0.072917 0.075926
0 0.962500 0.708333 0.075000 0.085185
3 0.050781 0.106944 0.049479 0.065741
2 0.110156 0.094444 0.129688 0.151852

4 0.535677 0.594444 0.005729 0.022222