2 0.012760 0.053241 0.025521 0.086111
0 0.585938 0.285185 0.050000 0.053704
0 0.360677 0.431481 0.044271 0.068519
3 0.237760 0.023611 0.048438 0.047222
0 0.289844 0.876852 0.060937 0.107407
0 0.227604 0.965741 0.072917 0.068519
0 0.140104 0.210185 0.038542 0.051852
0 0.804427 0.726852 0.069271 0.092593
0 0.695833 0.176389 0.041667 0.039815
3 0.886979 0.939352 0.190625 0.121296
0 0.778906 0.562500 0.064062 0.075000
0 0.866667 0.635185 0.075000 0.083333
0 0.964844 0.727778 0.070312 0.085185
3 0.540365 0.606944 0.072396 0.112037

4 0.316406 0.858796 0.011979 0.019444
4 0.705990 0.644907 0.009896 0.015741