0 0.875000 0.637963 0.069792 0.079630
3 0.276302 0.159722 0.088021 0.108333
0 0.778385 0.555093 0.070312 0.076852
0 0.197917 0.115278 0.034375 0.043519
0 0.966146 0.720833 0.067708 0.091667
3 0.850781 0.409722 0.122396 0.152778
3 0.979688 0.523611 0.040625 0.117593
0 0.297656 0.261111 0.045312 0.057407
0 0.279948 0.295370 0.045312 0.057407
2 0.183854 0.253704 0.134375 0.164815
0 0.227344 0.191667 0.041146 0.061111
3 0.071875 0.159722 0.053125 0.075000
0 0.088802 0.129630 0.022396 0.046296
2 0.160156 0.165741 0.116146 0.133333
1 0.217969 0.359259 0.014063 0.033333
0 0.274479 0.880093 0.062500 0.112037
0 0.676823 0.393056 0.061979 0.062037
0 0.170313 0.136574 0.020833 0.019444
0 0.178646 0.810648 0.070833 0.110185
0 0.021615 0.119907 0.035937 0.045370

4 0.523958 0.529167 0.006250 0.008333
4 0.215104 0.901389 0.051042 0.075000