0 0.255990 0.456944 0.063021 0.080556
0 0.501302 0.376852 0.052604 0.053704
0 0.640625 0.442593 0.064583 0.062963
0 0.777604 0.472685 0.053125 0.062037
0 0.816146 0.402778 0.048958 0.055556
0 0.808594 0.575463 0.077604 0.080556
0 0.620573 0.140278 0.043229 0.037963
0 0.680469 0.135648 0.035937 0.036111
3 0.560677 0.276852 0.106771 0.094444
0 0.396094 0.269444 0.042188 0.046296
0 0.433854 0.660185 0.061458 0.070370
0 0.180729 0.782870 0.069792 0.108333
3 0.303125 0.797685 0.080208 0.141667
0 0.882031 0.551389 0.057813 0.067593

4 0.122656 0.796759 0.014063 0.013889