0 0.876563 0.626852 0.069792 0.081481
3 0.276823 0.148148 0.088021 0.109259
0 0.779948 0.546759 0.070312 0.073148
0 0.160156 0.076389 0.033854 0.043519
0 0.966406 0.709259 0.067187 0.090741
3 0.882031 0.422222 0.123438 0.153704
3 0.981771 0.517130 0.036458 0.117593
0 0.267969 0.222222 0.045312 0.057407
0 0.240104 0.247222 0.045833 0.057407
2 0.152344 0.211111 0.129688 0.161111
0 0.073958 0.051852 0.041667 0.055556
3 0.064062 0.143056 0.043750 0.075000
0 0.077344 0.105556 0.023438 0.044444
2 0.151042 0.143981 0.115625 0.134259
0 0.799479 0.877778 0.068750 0.103704
0 0.580469 0.635185 0.053646 0.090741
0 0.376823 0.121296 0.039062 0.042593

4 0.426302 0.959722 0.004687 0.012037