0 0.937500 0.552778 0.069792 0.075926
0 0.219531 0.283796 0.040104 0.058333
3 0.423958 0.147685 0.059375 0.071296
0 0.288802 0.873611 0.060937 0.110185
0 0.225521 0.963426 0.072917 0.073148
1 0.617188 0.844907 0.027083 0.056481
0 0.038021 0.107870 0.035417 0.045370
0 0.387240 0.360185 0.047396 0.062963
0 0.697917 0.172222 0.040625 0.040741
3 0.595052 0.682407 0.146354 0.203704
0 0.778906 0.556944 0.064062 0.075000
0 0.867188 0.631481 0.075000 0.083333
0 0.965104 0.723148 0.069792 0.085185
3 0.348698 0.398148 0.061979 0.088889
2 0.761458 0.728241 0.257292 0.332407

4 0.169010 0.799537 0.009896 0.017593