0 0.868750 0.616204 0.070833 0.080556
3 0.265885 0.147222 0.088021 0.105556
0 0.771354 0.539352 0.068750 0.075000
0 0.184896 0.106019 0.034375 0.043519
0 0.962500 0.697222 0.075000 0.090741
3 0.860677 0.132407 0.093229 0.075926
0 0.267708 0.869907 0.061458 0.113889
0 0.170833 0.800463 0.070833 0.112037
0 0.623437 0.126852 0.042708 0.035185
3 0.212760 0.972222 0.068229 0.055556
0 0.639062 0.618981 0.068750 0.091667
3 0.486198 0.147222 0.094271 0.105556
0 0.150781 0.013426 0.036979 0.026852
0 0.726302 0.111574 0.035937 0.036111
0 0.373177 0.170833 0.036979 0.039815
0 0.674219 0.293981 0.052604 0.049074
0 0.597917 0.296296 0.043750 0.046296
0 0.743750 0.437500 0.059375 0.062037

4 0.507812 0.941204 0.025000 0.025000
4 0.804167 0.871296 0.007292 0.012963