0 0.968750 0.550926 0.062500 0.083333
1 0.180990 0.294907 0.016146 0.039815
0 0.047135 0.994907 0.036979 0.010185
0 0.378906 0.444907 0.050521 0.073148
0 0.266146 0.192130 0.044792 0.060185
0 0.213021 0.149537 0.041667 0.049074
3 0.208594 0.182407 0.061979 0.088889
3 0.188281 0.213426 0.077604 0.115741
3 0.109375 0.147685 0.089583 0.112037
0 0.772656 0.525000 0.064062 0.074074
0 0.860417 0.595370 0.075000 0.081481
0 0.845573 0.505556 0.075521 0.077778
0 0.961719 0.689352 0.076563 0.091667
3 0.041927 0.090278 0.049479 0.062037
2 0.038281 0.039352 0.076563 0.078704
3 0.448177 0.206019 0.036979 0.100926
0 0.177604 0.776389 0.066667 0.108333

4 0.764844 0.515278 0.017188 0.017593
4 0.562240 0.520370 0.016146 0.035185