0 0.871615 0.620370 0.070312 0.081481
3 0.268490 0.149074 0.088021 0.107407
0 0.773698 0.542130 0.070312 0.075000
0 0.188021 0.106019 0.034375 0.043519
0 0.964063 0.701852 0.071875 0.090741
3 0.395833 0.081944 0.080208 0.100926
3 0.732552 0.276389 0.091146 0.141667
2 0.812500 0.867593 0.268750 0.264815
0 0.482552 0.481481 0.047396 0.064815
2 0.663281 0.620833 0.209896 0.260185
1 0.703385 0.952315 0.021354 0.045370
0 0.268750 0.870833 0.061458 0.113889
0 0.171354 0.801852 0.070833 0.111111
0 0.408073 0.485185 0.050521 0.068519
3 0.491406 0.192130 0.130729 0.143519
0 0.149219 0.015741 0.039062 0.031481
0 0.217969 0.348611 0.034896 0.075000
0 0.654687 0.123611 0.043750 0.034259
3 0.214583 0.972685 0.066667 0.054630
0 0.144271 0.173148 0.043750 0.053704
3 0.903385 0.434259 0.149479 0.150000
0 0.492448 0.259722 0.045312 0.049074
