0 0.825521 0.466204 0.061458 0.067593
0 0.254167 0.318056 0.040625 0.060185
3 0.370052 0.110648 0.055729 0.067593
0 0.289323 0.875000 0.060937 0.107407
0 0.226042 0.963889 0.072917 0.072222
1 0.648698 0.891667 0.026562 0.055556
0 0.065885 0.134259 0.034896 0.048148
0 0.480208 0.440741 0.052083 0.066667
0 0.696354 0.174537 0.042708 0.039815
3 0.667448 0.765741 0.159896 0.218519
0 0.778906 0.557870 0.064062 0.075000
0 0.867188 0.632407 0.075000 0.083333
0 0.964844 0.724074 0.070312 0.085185
3 0.394531 0.447685 0.064062 0.097222
2 0.863021 0.830556 0.273958 0.338889
