3 0.263021 0.936574 0.082292 0.126852
0 0.385156 0.744444 0.056771 0.085185
0 0.197917 0.811574 0.060417 0.097222
2 0.170052 0.235648 0.127604 0.163889
3 0.767448 0.554630 0.080729 0.092593
0 0.695833 0.186574 0.040625 0.039815
0 0.274219 0.506481 0.059896 0.079630
0 0.455990 0.385648 0.057813 0.043519
0 0.602344 0.429630 0.059896 0.059259
0 0.205469 0.916204 0.077604 0.139815
3 0.921875 0.685648 0.093750 0.099074
0 0.015625 0.050463 0.031250 0.047222

4 0.458073 0.933796 0.007812 0.013889
4 0.397656 0.902778 0.011979 0.044444