0 0.871615 0.620370 0.070312 0.081481
3 0.268490 0.149074 0.088021 0.107407
0 0.773698 0.542130 0.070312 0.075000
0 0.188542 0.106019 0.034375 0.043519
0 0.964063 0.701852 0.071875 0.090741
3 0.402083 0.085648 0.080208 0.100926
3 0.734635 0.283796 0.094271 0.139815
2 0.804167 0.862500 0.268750 0.275000
0 0.473698 0.473148 0.047396 0.064815
2 0.653385 0.612037 0.207813 0.257407
1 0.696615 0.941204 0.021354 0.045370
0 0.268750 0.870833 0.061458 0.113889
0 0.171875 0.801852 0.070833 0.111111
0 0.399740 0.477315 0.050521 0.067593
3 0.499219 0.196759 0.130729 0.143519
0 0.159896 0.020370 0.038542 0.037037
0 0.216667 0.339352 0.034375 0.076852
0 0.659115 0.120833 0.044271 0.036111
3 0.214583 0.972685 0.066667 0.054630
0 0.139583 0.169907 0.043750 0.054630
3 0.908594 0.438889 0.150521 0.150000
0 0.507031 0.269907 0.045312 0.050926
