0 0.347656 0.091667 0.044271 0.046296
0 0.049479 0.111111 0.035417 0.050000
3 0.861198 0.475926 0.090104 0.103704
0 0.279427 0.882870 0.060937 0.110185
1 0.372917 0.521296 0.018750 0.042593
3 0.519010 0.166667 0.056771 0.068519
0 0.827344 0.130556 0.034896 0.042593
0 0.583073 0.267593 0.046354 0.050000
0 0.702083 0.607407 0.066667 0.087037
0 0.497135 0.412963 0.049479 0.066667
3 0.916927 0.908796 0.119271 0.176852
3 0.590885 0.642593 0.103646 0.177778
3 0.262240 0.306481 0.101562 0.122222
0 0.779427 0.549537 0.064062 0.075000
0 0.867188 0.623148 0.075000 0.083333
0 0.334115 0.127315 0.045312 0.049074
0 0.964583 0.717593 0.070833 0.085185
3 0.116146 0.168519 0.048958 0.064815
2 0.289323 0.258333 0.151562 0.188889
