1 0.999479 0.114815 0.001042 0.027778
0 0.839323 0.447222 0.072396 0.072222
1 0.180990 0.296759 0.016146 0.039815
0 0.626563 0.720370 0.068750 0.085185
0 0.431510 0.354167 0.046354 0.073148
0 0.268490 0.028241 0.038021 0.041667
0 0.986719 0.580556 0.026562 0.074074
0 0.266667 0.194444 0.044792 0.059259
0 0.214844 0.154167 0.043229 0.050926
3 0.210156 0.188426 0.061979 0.091667
3 0.189062 0.218056 0.078125 0.117593
3 0.109896 0.151389 0.089583 0.113889
0 0.772656 0.531019 0.064062 0.075000
0 0.859375 0.602778 0.075000 0.083333
0 0.833854 0.501852 0.072917 0.077778
0 0.960417 0.696296 0.079167 0.088889
3 0.044010 0.095833 0.049479 0.065741
2 0.075260 0.064815 0.128646 0.129630
0 0.464323 0.229167 0.022396 0.058333
