0 0.871875 0.621296 0.069792 0.081481
3 0.269531 0.150000 0.088021 0.107407
0 0.774219 0.543519 0.070312 0.074074
0 0.189062 0.106944 0.034375 0.043519
0 0.964323 0.703704 0.071354 0.090741
3 0.475000 0.133333 0.087500 0.105556
3 0.761979 0.321759 0.112500 0.139815
2 0.698958 0.788426 0.237500 0.337963
3 0.042188 0.849074 0.084375 0.181481
0 0.382552 0.386574 0.044271 0.060185
2 0.548698 0.509722 0.182812 0.225000
1 0.608854 0.815741 0.016667 0.042593
0 0.270313 0.870833 0.061458 0.113889
0 0.789583 0.690278 0.068750 0.089815
0 0.172917 0.801852 0.070833 0.111111
0 0.314063 0.388889 0.044792 0.061111
3 0.593229 0.260185 0.143750 0.161111
0 0.285156 0.106944 0.042188 0.037963
0 0.181510 0.268981 0.047396 0.062037
0 0.701562 0.115278 0.044792 0.032407
3 0.216146 0.973148 0.066667 0.053704
0 0.082552 0.121759 0.042188 0.050926
3 0.947135 0.484722 0.105729 0.154630
0 0.691406 0.401852 0.054688 0.061111
