3 0.884896 0.412500 0.123958 0.149074
2 0.107031 0.094444 0.114062 0.131481
0 0.454688 0.205556 0.023958 0.048148
2 0.153646 0.196759 0.130208 0.162037
0 0.967708 0.701389 0.064583 0.093519
0 0.522135 0.284722 0.035937 0.062037
0 0.782031 0.536111 0.071354 0.075926
1 0.172656 0.290278 0.014063 0.036111
0 0.347656 0.509259 0.055729 0.081481
0 0.849740 0.160185 0.049479 0.038889
3 0.160417 0.047222 0.079167 0.094444
0 0.238802 0.231481 0.044271 0.055556
0 0.305208 0.792130 0.057292 0.099074
0 0.269792 0.210185 0.044792 0.055556
3 0.017188 0.076389 0.034375 0.069444
0 0.880729 0.617593 0.070833 0.081481
