3 0.575521 0.663889 0.079167 0.079630
0 0.831510 0.831944 0.066146 0.093519
0 0.197396 0.788889 0.060417 0.096296
2 0.164323 0.221759 0.127604 0.162037
3 0.352604 0.412500 0.071875 0.084259
0 0.691406 0.170833 0.041146 0.039815
0 0.857031 0.621296 0.074479 0.083333
0 0.035417 0.875463 0.070833 0.141667
0 0.192708 0.625926 0.063542 0.098148
0 0.233594 0.839815 0.072396 0.127778
3 0.482812 0.384259 0.063542 0.059259
0 0.195573 0.202778 0.042188 0.044444
1 0.902865 0.119444 0.023438 0.029630
0 0.060156 0.043981 0.038021 0.045370
1 0.284115 0.970833 0.023438 0.052778
