3 0.882812 0.419907 0.123958 0.149074
2 0.130469 0.121296 0.115104 0.133333
0 0.379688 0.089352 0.032292 0.039815
2 0.153646 0.204167 0.130208 0.162037
0 0.966667 0.707870 0.066667 0.093519
0 0.501563 0.356481 0.029167 0.072222
0 0.780990 0.543519 0.071354 0.075926
1 0.173698 0.299537 0.014063 0.036111
0 0.426302 0.360648 0.038021 0.067593
3 0.233333 0.109722 0.083333 0.099074
0 0.239323 0.238889 0.044271 0.055556
0 0.439323 0.638426 0.057813 0.069444
0 0.269792 0.217593 0.044792 0.055556
3 0.050260 0.118519 0.052604 0.074074
0 0.878125 0.625000 0.070833 0.081481
0 0.038021 0.059722 0.034375 0.041667
3 0.987500 0.513889 0.025000 0.105556

4 0.287760 0.840741 0.009896 0.020370
4 0.638281 0.904630 0.020313 0.018519