0 0.878385 0.633796 0.071354 0.082407
3 0.276823 0.154167 0.088021 0.108333
0 0.780990 0.552778 0.070312 0.074074
0 0.198437 0.112500 0.034375 0.043519
0 0.967708 0.718056 0.064583 0.091667
3 0.880990 0.425926 0.123438 0.153704
3 0.982292 0.522685 0.035417 0.117593
0 0.268490 0.230556 0.045312 0.057407
0 0.245312 0.260185 0.045833 0.057407
2 0.155729 0.223148 0.130208 0.161111
0 0.208594 0.170370 0.041146 0.059259
3 0.064844 0.150463 0.047396 0.075000
0 0.086198 0.125926 0.019271 0.044444
2 0.156510 0.155093 0.116146 0.134259
1 0.187500 0.327778 0.014583 0.033333
0 0.275000 0.876389 0.062500 0.112037
0 0.791667 0.481019 0.067708 0.071296
0 0.147135 0.112037 0.023438 0.020370
0 0.178646 0.806019 0.070833 0.110185
0 0.012760 0.102315 0.025521 0.045370

4 0.938021 0.604167 0.010417 0.012037
4 0.663021 0.656019 0.018750 0.023148