0 0.868490 0.618519 0.071354 0.081481
3 0.266406 0.149074 0.088021 0.105556
0 0.771094 0.540278 0.069271 0.073148
0 0.185938 0.106944 0.034375 0.043519
0 0.962500 0.700000 0.075000 0.090741
3 0.790365 0.148611 0.082812 0.097222
0 0.267708 0.870833 0.061458 0.113889
0 0.169792 0.803241 0.070833 0.112037
0 0.623958 0.129167 0.042708 0.034259
3 0.212760 0.972685 0.068229 0.054630
0 0.463802 0.456019 0.055729 0.076852
3 0.590104 0.218519 0.106250 0.114815
0 0.341927 0.131944 0.042188 0.045370
0 0.775000 0.106019 0.034375 0.034259
0 0.572396 0.315741 0.043750 0.048148
0 0.815625 0.395370 0.061458 0.059259
0 0.845313 0.475926 0.056250 0.062963
0 0.981771 0.637037 0.036458 0.077778

4 0.880208 0.850926 0.015625 0.014815