0 0.877083 0.635648 0.070833 0.080556
3 0.276823 0.156019 0.088021 0.108333
0 0.780208 0.553704 0.070833 0.075926
0 0.197917 0.113426 0.034375 0.043519
0 0.967187 0.718981 0.065625 0.091667
3 0.874740 0.424074 0.123438 0.153704
3 0.981510 0.523611 0.036979 0.117593
0 0.272135 0.236111 0.045312 0.057407
0 0.251563 0.268519 0.045833 0.057407
2 0.161979 0.230556 0.131250 0.161111
0 0.212760 0.176389 0.041146 0.060185
3 0.066667 0.153241 0.051042 0.075000
0 0.086198 0.126852 0.019271 0.044444
2 0.156510 0.156019 0.116146 0.134259
1 0.197135 0.336111 0.015104 0.033333
0 0.274479 0.877315 0.062500 0.112037
0 0.759896 0.456019 0.065625 0.071296
0 0.156771 0.120833 0.020833 0.019444
0 0.178646 0.807870 0.070833 0.110185
0 0.016146 0.110648 0.032292 0.045370
