0 0.325260 0.076389 0.042188 0.045370
0 0.054167 0.115741 0.035417 0.050000
3 0.841667 0.461574 0.086458 0.099074
0 0.282031 0.877315 0.060937 0.110185
0 0.192448 0.993519 0.073438 0.012963
1 0.382812 0.532407 0.018750 0.042593
3 0.500521 0.154167 0.056250 0.067593
0 0.818490 0.135185 0.035937 0.042593
0 0.562760 0.251852 0.043229 0.050000
0 0.739583 0.643056 0.068750 0.091667
0 0.523177 0.437500 0.050521 0.069444
3 0.956771 0.940278 0.086458 0.119444
3 0.620833 0.676852 0.108333 0.185185
3 0.273438 0.315278 0.102083 0.121296
0 0.779427 0.549537 0.064062 0.075000
0 0.867708 0.624074 0.075000 0.083333
0 0.312760 0.112037 0.045312 0.046296
0 0.964583 0.717593 0.070833 0.085185
3 0.122396 0.174074 0.051042 0.066667
2 0.301563 0.270370 0.154167 0.192593

4 0.954948 0.549074 0.006771 0.020370
4 0.186458 0.752778 0.011458 0.029630