1 0.436198 0.015741 0.019271 0.031481
0 0.712240 0.368981 0.061979 0.063889
0 0.004687 0.065741 0.009375 0.029630
3 0.996354 0.611574 0.007292 0.041667
1 0.241667 0.363889 0.017708 0.031481
3 0.798698 0.374074 0.076563 0.081481
0 0.829167 0.010185 0.023958 0.020370
0 0.901563 0.517593 0.062500 0.072222
0 0.329948 0.260648 0.045312 0.056481
0 0.246875 0.194907 0.042708 0.054630
3 0.345052 0.324074 0.066146 0.098148
3 0.271875 0.308796 0.080208 0.126852
3 0.140104 0.188426 0.088542 0.113889
0 0.775781 0.554167 0.064062 0.075000
0 0.864062 0.627778 0.075000 0.083333
0 0.710938 0.420833 0.065625 0.071296
0 0.962500 0.721296 0.075000 0.085185
3 0.055990 0.117130 0.049479 0.065741
2 0.142708 0.129167 0.129167 0.158333

4 0.120313 0.683333 0.012500 0.024074