0 0.868750 0.618056 0.070833 0.080556
3 0.265885 0.148148 0.088021 0.105556
0 0.771094 0.540278 0.069271 0.073148
0 0.185938 0.106019 0.034375 0.043519
0 0.962500 0.699074 0.075000 0.090741
3 0.803385 0.140741 0.086979 0.094444
0 0.267708 0.869907 0.061458 0.113889
0 0.170313 0.802315 0.070833 0.112037
0 0.623958 0.129167 0.042708 0.034259
3 0.212760 0.972685 0.068229 0.054630
0 0.498177 0.487037 0.057813 0.079630
3 0.566927 0.202778 0.102604 0.114815
0 0.298438 0.102778 0.041667 0.042593
0 0.761719 0.106481 0.035937 0.035185
0 0.525000 0.280556 0.041667 0.046296
0 0.783073 0.371296 0.058854 0.055556
0 0.786198 0.431944 0.050521 0.056481
0 0.939583 0.588426 0.071875 0.075000

4 0.801562 0.940741 0.004167 0.012963
4 0.591667 0.533333 0.007292 0.007407