0 0.476302 0.187963 0.049479 0.051852
0 0.018229 0.080556 0.036458 0.046296
3 0.953385 0.551852 0.093229 0.109259
0 0.242708 0.947222 0.063542 0.105556
1 0.325000 0.457870 0.016667 0.041667
3 0.625000 0.240741 0.064583 0.074074
0 0.857812 0.091204 0.020833 0.050926
0 0.702344 0.354167 0.052604 0.060185
0 0.517969 0.428704 0.053646 0.074074
0 0.383073 0.306944 0.047396 0.063889
3 0.640365 0.615741 0.089063 0.137037
3 0.447135 0.482407 0.090104 0.153704
3 0.213021 0.256481 0.098958 0.114815
0 0.778906 0.549537 0.064062 0.075000
0 0.867188 0.623148 0.075000 0.083333
0 0.466927 0.227778 0.054688 0.059259
0 0.964323 0.718519 0.071354 0.085185
3 0.085417 0.139352 0.050000 0.065741
2 0.228646 0.202315 0.143750 0.175000
