1 0.999479 0.114815 0.001042 0.027778
0 0.839844 0.448148 0.072396 0.072222
1 0.181510 0.296759 0.016146 0.039815
0 0.572396 0.687500 0.066667 0.078704
0 0.410417 0.399537 0.054167 0.082407
0 0.299219 0.053241 0.036979 0.041667
0 0.996615 0.594444 0.006771 0.074074
0 0.266667 0.195370 0.044792 0.059259
0 0.214844 0.154167 0.043229 0.050926
3 0.210156 0.190278 0.061979 0.089815
3 0.189062 0.218519 0.078125 0.118519
3 0.109896 0.151389 0.089583 0.113889
0 0.772656 0.531481 0.064062 0.074074
0 0.859375 0.603704 0.075000 0.083333
0 0.832812 0.502778 0.072917 0.077778
0 0.960417 0.696296 0.079167 0.088889
3 0.044010 0.096759 0.049479 0.065741
2 0.073438 0.063889 0.127083 0.127778
0 0.463542 0.264352 0.027083 0.058333

4 0.117188 0.809722 0.022917 0.021296
4 0.577083 0.594444 0.020833 0.022222