1 0.821354 0.081481 0.018750 0.033333
0 0.838802 0.449074 0.071354 0.072222
1 0.183594 0.298611 0.016146 0.039815
0 0.362500 0.063889 0.042708 0.042593
0 0.940885 0.528704 0.064062 0.072222
0 0.269010 0.195833 0.045312 0.060185
0 0.217448 0.152315 0.043229 0.050926
3 0.214844 0.191667 0.064062 0.090741
3 0.192708 0.219444 0.078125 0.118519
3 0.114583 0.150926 0.088542 0.112963
0 0.774219 0.531944 0.064062 0.075000
0 0.862500 0.605556 0.075000 0.083333
0 0.835938 0.505556 0.072917 0.075926
0 0.961719 0.699074 0.076563 0.088889
3 0.047656 0.096759 0.049479 0.065741
2 0.097917 0.074074 0.129167 0.148148
0 0.283333 0.011574 0.035417 0.023148
