3 0.905208 0.931019 0.100000 0.137963
0 0.193490 0.782407 0.060937 0.096296
2 0.159896 0.211111 0.129167 0.161111
3 0.066927 0.760185 0.094271 0.157407
0 0.690625 0.162963 0.041667 0.038889
0 0.785417 0.552315 0.070833 0.076852
1 0.057292 0.187037 0.016667 0.035185
0 0.229427 0.829630 0.072396 0.131481
3 0.240885 0.510185 0.070312 0.109259
0 0.232031 0.235185 0.043229 0.055556
1 0.738802 0.092130 0.019271 0.025000
0 0.177865 0.140741 0.040104 0.048148
1 0.385937 0.751389 0.020833 0.039815

4 0.747396 0.679167 0.012500 0.017593