0 0.844010 0.577315 0.069271 0.078704
3 0.297135 0.160185 0.088021 0.105556
0 0.700521 0.463889 0.066667 0.068519
0 0.183333 0.094907 0.034375 0.043519
0 0.964323 0.681481 0.071354 0.090741
0 0.264583 0.859722 0.061458 0.113889
0 0.175260 0.773611 0.070312 0.112037
0 0.622396 0.112963 0.042708 0.035185
3 0.207031 0.967130 0.072396 0.065741
0 0.682552 0.109259 0.035937 0.037037
0 0.790625 0.143519 0.044792 0.040741
0 0.198958 0.017130 0.035417 0.034259
0 0.834896 0.392593 0.050000 0.055556
0 0.825260 0.484722 0.056771 0.063889

4 0.772396 0.890741 0.012500 0.014815
4 0.439583 0.662500 0.010417 0.010185