0 0.330729 0.390278 0.063542 0.060185
0 0.566667 0.397685 0.054167 0.056481
0 0.696094 0.477778 0.067187 0.068519
0 0.776823 0.469907 0.053646 0.062037
0 0.815885 0.399074 0.048438 0.057407
0 0.878646 0.628241 0.085417 0.093519
0 0.620573 0.138426 0.043229 0.037963
0 0.680469 0.131944 0.035937 0.036111
3 0.504167 0.282407 0.104167 0.090741
0 0.347917 0.237037 0.039583 0.044444
0 0.367969 0.701389 0.060937 0.086111
0 0.180729 0.778704 0.069792 0.109259
3 0.261979 0.883333 0.083333 0.159259
0 0.935417 0.591204 0.059375 0.069444

4 0.320312 0.685185 0.016667 0.044444
4 0.638542 0.710185 0.017708 0.031481