1 0.530469 0.062963 0.019271 0.035185
0 0.813802 0.448611 0.068229 0.071296
0 0.003906 0.068056 0.007812 0.028704
1 0.201563 0.328241 0.015625 0.036111
3 0.886458 0.443519 0.084375 0.087037
0 0.939844 0.548148 0.064062 0.072222
0 0.275260 0.218056 0.045312 0.058333
0 0.223438 0.173611 0.040625 0.045370
3 0.244792 0.232870 0.062500 0.089815
3 0.209115 0.251389 0.076563 0.117593
3 0.119792 0.172222 0.088542 0.112963
0 0.774740 0.553241 0.064062 0.075000
0 0.863021 0.625926 0.075000 0.083333
0 0.818750 0.511111 0.072917 0.075926
0 0.962240 0.717593 0.075521 0.085185
3 0.053906 0.117130 0.049479 0.065741
2 0.118229 0.111111 0.128125 0.155556

4 0.815104 0.790278 0.021875 0.037963
4 0.606510 0.924537 0.007812 0.012037