1 0.825000 0.081481 0.018750 0.033333
0 0.839323 0.448148 0.071354 0.072222
1 0.183594 0.298611 0.016146 0.039815
0 0.366146 0.066667 0.042708 0.042593
0 0.941406 0.527778 0.064062 0.072222
0 0.269010 0.195833 0.045312 0.060185
0 0.217448 0.151852 0.043229 0.050000
3 0.214844 0.190741 0.064062 0.090741
3 0.192708 0.219444 0.078125 0.118519
3 0.114062 0.150926 0.088542 0.112963
0 0.774219 0.531944 0.064062 0.075000
0 0.862500 0.605556 0.075000 0.083333
0 0.835938 0.504630 0.072917 0.075926
0 0.961719 0.699074 0.076563 0.088889
3 0.047656 0.095833 0.049479 0.065741
2 0.097917 0.074074 0.129167 0.148148
0 0.288542 0.012963 0.035417 0.025926
