3 0.615885 0.675926 0.079687 0.090741
0 0.904167 0.901852 0.071875 0.101852
0 0.196615 0.787963 0.060937 0.096296
2 0.163281 0.218519 0.127604 0.161111
3 0.312240 0.439352 0.073438 0.097222
0 0.691667 0.168519 0.041667 0.038889
0 0.833073 0.598611 0.074479 0.082407
0 0.145573 0.708796 0.068229 0.113889
0 0.232552 0.836111 0.072396 0.131481
3 0.442969 0.387037 0.064062 0.066667
0 0.204948 0.208796 0.042188 0.043519
1 0.872656 0.109722 0.023438 0.026852
0 0.083073 0.062963 0.038021 0.044444
1 0.302344 0.924537 0.023438 0.052778
