0 0.868490 0.619444 0.071354 0.081481
3 0.266406 0.149074 0.088021 0.105556
0 0.771094 0.541204 0.068229 0.073148
0 0.185938 0.106944 0.034375 0.043519
0 0.962500 0.700926 0.075000 0.090741
3 0.778646 0.153241 0.081250 0.104630
0 0.267708 0.871759 0.061458 0.113889
0 0.170313 0.804167 0.070833 0.112037
3 0.146875 0.005093 0.101042 0.010185
0 0.005208 0.968981 0.010417 0.062037
0 0.623958 0.129167 0.042708 0.034259
3 0.213021 0.973148 0.067708 0.053704
0 0.438281 0.432870 0.054688 0.075000
3 0.608333 0.231944 0.109375 0.117593
0 0.378385 0.156019 0.042188 0.045370
0 0.784896 0.104630 0.034375 0.029630
0 0.612500 0.344444 0.043750 0.050000
0 0.841927 0.415278 0.063021 0.060185
0 0.894531 0.513889 0.054688 0.064815
