0 0.875521 0.625926 0.069792 0.081481
3 0.273698 0.151389 0.088021 0.108333
0 0.777344 0.546296 0.070312 0.074074
0 0.192708 0.110648 0.034375 0.043519
0 0.965885 0.707870 0.068229 0.091667
3 0.716406 0.299537 0.107813 0.132407
3 0.912760 0.421296 0.136979 0.105556
0 0.641406 0.552778 0.064062 0.081481
0 0.578125 0.572222 0.060417 0.074074
2 0.350781 0.406481 0.160938 0.205556
0 0.400000 0.337500 0.055208 0.075000
3 0.191146 0.266667 0.058333 0.087037
0 0.171875 0.193056 0.036458 0.047222
2 0.273177 0.256019 0.136979 0.156481
1 0.345052 0.500463 0.015104 0.034259
0 0.273958 0.873611 0.061458 0.113889
0 0.295052 0.079630 0.041146 0.038889
0 0.305990 0.242130 0.035937 0.034259
0 0.176563 0.803704 0.070833 0.111111
0 0.094010 0.181481 0.036979 0.048148
3 0.922396 0.513889 0.155208 0.212963
0 0.957552 0.612963 0.071354 0.083333
0 0.002344 0.081481 0.004687 0.051852

4 0.249219 0.758333 0.010937 0.018519
4 0.898958 0.668056 0.018750 0.049074