0 0.744792 0.854630 0.073958 0.101852
0 0.556510 0.645833 0.070312 0.062037
0 0.176042 0.787037 0.069792 0.111111
0 0.088802 0.942593 0.073438 0.114815
0 0.023698 0.852778 0.047396 0.140741
0 0.211979 0.521759 0.070833 0.102778
3 0.874479 0.605556 0.251042 0.279630
0 0.777083 0.467130 0.053125 0.039815
0 0.816927 0.409722 0.049479 0.054630
0 0.618750 0.148148 0.046875 0.037037
0 0.679688 0.141204 0.035417 0.037963
0 0.797396 0.179167 0.037500 0.036111
3 0.963021 0.165278 0.073958 0.087963
3 0.222917 0.944444 0.090625 0.111111
