0 0.874479 0.623611 0.070833 0.080556
3 0.271615 0.150000 0.088021 0.107407
0 0.776823 0.544444 0.070312 0.074074
0 0.191146 0.108796 0.034375 0.043519
0 0.965104 0.706944 0.069792 0.091667
3 0.604167 0.220370 0.100000 0.122222
3 0.840104 0.388889 0.118750 0.140741
0 0.947135 0.933796 0.081771 0.115741
2 0.501823 0.565278 0.183854 0.254630
0 0.629167 0.536574 0.066667 0.091667
3 0.230990 0.421759 0.030729 0.119444
0 0.253385 0.267593 0.039062 0.051852
2 0.367708 0.348611 0.153125 0.193519
1 0.456771 0.632870 0.022917 0.049074
0 0.272396 0.871759 0.061458 0.113889
0 0.470313 0.395833 0.048958 0.065741
0 0.175000 0.802778 0.070833 0.111111
0 0.173698 0.255556 0.040104 0.053704
3 0.789583 0.400000 0.178125 0.192593
0 0.582552 0.324074 0.052604 0.057407
0 0.070312 0.163426 0.042708 0.050926
0 0.844010 0.117130 0.045312 0.034259
3 0.213281 0.978704 0.065104 0.042593
