3 0.953385 0.478704 0.093229 0.144444
0 0.198177 0.760648 0.060937 0.097222
2 0.156250 0.203704 0.129167 0.161111
0 0.683333 0.157407 0.040625 0.038889
0 0.784115 0.544444 0.070312 0.075926
1 0.138021 0.264352 0.014583 0.032407
0 0.297396 0.693981 0.068750 0.110185
0 0.241406 0.241667 0.044271 0.055556
1 0.573177 0.078241 0.017188 0.026852
0 0.257552 0.203704 0.044271 0.053704
1 0.546354 0.735185 0.031250 0.046296
0 0.970313 0.710648 0.059375 0.089815

4 0.922917 0.919444 0.026042 0.037037
4 0.374479 0.852778 0.008333 0.012963