3 0.882812 0.421759 0.123958 0.149074
2 0.138281 0.128704 0.117188 0.135185
0 0.325781 0.047685 0.032813 0.036111
2 0.153646 0.205093 0.130208 0.162037
0 0.966667 0.709722 0.066667 0.093519
0 0.497917 0.400463 0.025000 0.076852
0 0.780990 0.544444 0.071354 0.075926
1 0.173698 0.299537 0.014063 0.036111
0 0.441406 0.293519 0.026562 0.059259
3 0.256771 0.126389 0.084375 0.102778
0 0.239844 0.240741 0.044271 0.055556
0 0.509115 0.623148 0.056771 0.057407
0 0.270313 0.219444 0.044792 0.055556
3 0.061198 0.129630 0.052604 0.075926
0 0.878125 0.625926 0.070833 0.081481
0 0.056771 0.076852 0.035417 0.042593
3 0.983333 0.509259 0.033333 0.105556
0 0.083854 0.013426 0.031250 0.026852

4 0.889323 0.612037 0.008854 0.022222