0 0.878385 0.630093 0.069271 0.080556
3 0.277865 0.152778 0.088021 0.109259
0 0.780208 0.550000 0.069792 0.074074
0 0.196354 0.107870 0.034375 0.043519
0 0.967448 0.713426 0.065104 0.091667
3 0.883073 0.425000 0.123438 0.153704
3 0.983073 0.519907 0.033854 0.117593
0 0.268490 0.225926 0.045312 0.057407
0 0.241146 0.250926 0.045833 0.057407
2 0.152604 0.214815 0.129167 0.161111
0 0.153385 0.109722 0.034896 0.034259
3 0.064583 0.146759 0.043750 0.075000
0 0.083594 0.116667 0.019271 0.042593
2 0.156250 0.150926 0.115625 0.133333
0 0.877865 0.958796 0.080729 0.082407
0 0.223438 0.016667 0.035417 0.033333
0 0.249219 0.923148 0.064062 0.116667
0 0.980990 0.646296 0.038021 0.083333

4 0.772656 0.967593 0.028646 0.053704
4 0.140625 0.936574 0.012500 0.049074