0 0.844010 0.448148 0.072396 0.075926
1 0.181510 0.295833 0.016146 0.039815
0 0.313802 0.774074 0.065104 0.109259
0 0.231250 0.682407 0.073958 0.112963
0 0.435937 0.203241 0.029167 0.050926
0 0.266667 0.194444 0.044792 0.061111
0 0.214062 0.151389 0.042708 0.050926
3 0.209635 0.187500 0.061979 0.089815
3 0.189323 0.217130 0.077604 0.115741
3 0.109896 0.149537 0.089583 0.113889
0 0.772656 0.527778 0.064062 0.074074
0 0.860417 0.600000 0.075000 0.083333
0 0.834375 0.500000 0.072917 0.077778
0 0.960677 0.691667 0.078646 0.088889
3 0.043490 0.095833 0.049479 0.065741
2 0.058073 0.057407 0.116146 0.114815
3 0.335677 0.054630 0.060937 0.083333
0 0.371615 0.476852 0.050521 0.074074

4 0.371615 0.909722 0.014063 0.023148