0 0.877865 0.629630 0.069271 0.079630
3 0.277865 0.151852 0.088021 0.109259
0 0.779687 0.550000 0.068750 0.074074
0 0.195312 0.106019 0.034375 0.043519
0 0.966927 0.713426 0.066146 0.091667
3 0.882552 0.425000 0.123438 0.153704
3 0.982812 0.519907 0.034375 0.117593
0 0.268490 0.225926 0.045312 0.057407
0 0.241146 0.250926 0.045833 0.057407
2 0.152604 0.214815 0.129167 0.161111
0 0.146354 0.103241 0.035417 0.034259
3 0.065104 0.146759 0.043750 0.075000
0 0.083073 0.115741 0.019271 0.042593
2 0.156250 0.150926 0.115625 0.133333
0 0.830208 0.926389 0.077083 0.112037
0 0.241667 0.027315 0.037500 0.037963
0 0.242969 0.936111 0.065104 0.118519
0 0.995573 0.669444 0.008854 0.083333

4 0.748437 0.632407 0.018750 0.037037
4 0.946615 0.900926 0.016146 0.025926