0 0.085677 0.143056 0.034896 0.050926
3 0.718750 0.362500 0.081250 0.093519
0 0.288802 0.867130 0.060937 0.110185
0 0.219010 0.966667 0.073438 0.066667
1 0.442708 0.606944 0.021875 0.045370
3 0.397396 0.078704 0.051042 0.061111
0 0.058854 0.064352 0.036458 0.045370
0 0.763281 0.151389 0.040104 0.041667
0 0.455990 0.170370 0.040104 0.044444
0 0.997656 0.934259 0.004687 0.114815
0 0.728646 0.633796 0.064583 0.086111
3 0.868229 0.916667 0.138542 0.166667
3 0.346094 0.389352 0.111979 0.143519
0 0.780990 0.550463 0.064062 0.075000
0 0.869271 0.625000 0.075000 0.083333
0 0.186979 0.019444 0.041667 0.038889
0 0.965104 0.717593 0.069792 0.085185
3 0.168229 0.215278 0.052083 0.069444
2 0.396615 0.359259 0.170313 0.218519

4 0.610417 0.554167 0.008333 0.019444