0 0.999219 0.632870 0.001563 0.076852
0 0.187760 0.250926 0.036979 0.057407
3 0.481250 0.189815 0.062500 0.074074
0 0.288281 0.870833 0.060937 0.110185
0 0.225000 0.962037 0.072917 0.075926
1 0.582031 0.788426 0.024479 0.052778
0 0.012760 0.078241 0.025521 0.045370
0 0.298698 0.282407 0.044271 0.055556
0 0.699740 0.169444 0.042188 0.038889
0 0.236979 0.018056 0.034375 0.036111
3 0.526302 0.602315 0.133854 0.186111
0 0.779948 0.555093 0.064062 0.075000
0 0.867188 0.629630 0.075000 0.083333
0 0.965625 0.719444 0.068750 0.085185
3 0.302604 0.351852 0.058333 0.083333
2 0.658333 0.621296 0.231250 0.290741
