2 0.003646 0.038889 0.007292 0.077778
0 0.636198 0.320370 0.052604 0.059259
0 0.332813 0.402778 0.042708 0.064815
3 0.266927 0.038426 0.051562 0.063889
0 0.289844 0.876852 0.060937 0.107407
0 0.226562 0.965278 0.072917 0.069444
1 0.714844 0.985185 0.028646 0.029630
0 0.123177 0.191667 0.038021 0.048148
0 0.717969 0.647685 0.065104 0.082407
0 0.695833 0.176389 0.041667 0.039815
3 0.838021 0.912500 0.191667 0.175000
0 0.778906 0.561574 0.064062 0.075000
0 0.867188 0.634259 0.075000 0.083333
0 0.964844 0.727778 0.070312 0.085185
3 0.502604 0.563889 0.068750 0.105556
2 0.991406 0.967130 0.017188 0.065741

4 0.984375 0.923148 0.008333 0.009259