0 0.875000 0.637963 0.069792 0.079630
3 0.275781 0.160648 0.088021 0.108333
0 0.777865 0.556481 0.071354 0.077778
0 0.196875 0.117130 0.034375 0.043519
0 0.965625 0.721759 0.068750 0.091667
3 0.830208 0.396296 0.119792 0.150000
3 0.974740 0.517130 0.050521 0.117593
0 0.326042 0.286574 0.047917 0.060185
0 0.309896 0.322222 0.046875 0.061111
2 0.200781 0.270833 0.136979 0.167593
0 0.241667 0.205093 0.042708 0.062037
3 0.082292 0.170833 0.054167 0.075000
0 0.093750 0.131481 0.031250 0.044444
2 0.171094 0.175000 0.117188 0.137037
1 0.232552 0.378704 0.014063 0.033333
0 0.275000 0.881944 0.061458 0.112037
0 0.622135 0.351389 0.057813 0.058333
0 0.179688 0.144907 0.020833 0.019444
0 0.179688 0.812500 0.070833 0.110185
0 0.026302 0.124537 0.035937 0.045370
3 0.998958 0.641204 0.002083 0.208333

4 0.723177 0.792130 0.006771 0.023148
4 0.585417 0.762037 0.013542 0.018519