0 0.516406 0.218519 0.051562 0.053704
0 0.014583 0.074074 0.029167 0.044444
3 0.965625 0.570370 0.068750 0.101852
0 0.222656 0.968981 0.065104 0.062037
1 0.309375 0.441204 0.017708 0.039815
3 0.657031 0.263889 0.066146 0.074074
0 0.859635 0.077778 0.019271 0.050000
0 0.739844 0.383796 0.053646 0.062037
0 0.474740 0.389815 0.052604 0.070370
0 0.355729 0.283333 0.044792 0.059259
3 0.575260 0.553241 0.082812 0.126852
3 0.408073 0.441667 0.086979 0.148148
3 0.201302 0.247222 0.099479 0.114815
0 0.777865 0.550463 0.064062 0.075000
0 0.865625 0.625926 0.075000 0.083333
0 0.509375 0.262963 0.057292 0.061111
0 0.963802 0.720370 0.072396 0.085185
3 0.076042 0.131019 0.050000 0.065741
2 0.212240 0.187963 0.140104 0.172222
