2 0.010677 0.049537 0.021354 0.086111
0 0.595313 0.291667 0.050000 0.053704
0 0.354427 0.426389 0.044271 0.067593
3 0.242708 0.025926 0.047917 0.051852
0 0.289844 0.876852 0.060937 0.107407
0 0.227604 0.965741 0.072917 0.068519
0 0.137500 0.206019 0.038542 0.050926
0 0.787500 0.712037 0.069792 0.092593
0 0.695833 0.176389 0.041667 0.039815
3 0.877604 0.934259 0.191667 0.131481
0 0.778906 0.562500 0.064062 0.075000
0 0.866667 0.635185 0.075000 0.083333
0 0.964844 0.727778 0.070312 0.085185
3 0.532813 0.599537 0.072917 0.110185

4 0.777083 0.930556 0.008333 0.018519
4 0.855469 0.546296 0.010937 0.009259