1 0.538281 0.065741 0.019271 0.035185
0 0.819792 0.453241 0.068750 0.071296
0 0.003906 0.068056 0.007812 0.028704
1 0.200521 0.326389 0.013542 0.036111
3 0.893750 0.448611 0.085417 0.087963
0 0.939844 0.548148 0.064062 0.072222
0 0.274219 0.217130 0.045312 0.058333
0 0.223438 0.173611 0.040625 0.045370
3 0.239323 0.228704 0.061979 0.088889
3 0.205469 0.247222 0.076563 0.116667
3 0.119792 0.172222 0.088542 0.112963
0 0.775260 0.552315 0.064062 0.075000
0 0.863021 0.625926 0.075000 0.083333
0 0.824479 0.515741 0.072917 0.075926
0 0.962240 0.717593 0.075521 0.085185
3 0.053906 0.117130 0.049479 0.065741
2 0.117708 0.108796 0.128125 0.154630
