0 0.956510 0.534259 0.079687 0.083333
1 0.180990 0.294907 0.016146 0.039815
0 0.056771 0.978704 0.056250 0.042593
0 0.393490 0.421296 0.048438 0.070370
0 0.265885 0.192593 0.045312 0.061111
0 0.213021 0.149537 0.041667 0.049074
3 0.208594 0.182407 0.061979 0.088889
3 0.188542 0.214352 0.077083 0.113889
3 0.109375 0.147685 0.089583 0.112037
0 0.772656 0.525000 0.064062 0.074074
0 0.860417 0.595370 0.075000 0.081481
0 0.843750 0.504167 0.075000 0.078704
0 0.961719 0.689352 0.076563 0.091667
3 0.041927 0.090278 0.049479 0.062037
2 0.041146 0.041667 0.082292 0.083333
3 0.446354 0.189815 0.040625 0.100000
0 0.193229 0.749537 0.064583 0.102778

4 0.430990 0.825000 0.007812 0.009259