3 0.884896 0.414352 0.123958 0.149074
2 0.064583 0.065278 0.111458 0.130556
0 0.424219 0.378241 0.039062 0.062037
2 0.155208 0.199537 0.130208 0.162037
0 0.972396 0.705556 0.055208 0.081481
0 0.564844 0.223148 0.039062 0.053704
0 0.782031 0.538889 0.071354 0.075926
1 0.173177 0.293056 0.014063 0.036111
0 0.236979 0.693056 0.066667 0.102778
0 0.677083 0.250926 0.045833 0.048148
3 0.064323 0.005093 0.033854 0.010185
0 0.240365 0.234259 0.044271 0.055556
1 0.383594 0.005556 0.019271 0.011111
0 0.269271 0.212037 0.044792 0.055556
1 0.740885 0.989815 0.027604 0.020370
0 0.880729 0.619444 0.070833 0.081481

4 0.379167 0.627315 0.016667 0.056481