3 0.882812 0.420833 0.123958 0.149074
2 0.135677 0.125463 0.116146 0.134259
0 0.342448 0.059722 0.032813 0.036111
2 0.153646 0.204167 0.130208 0.162037
0 0.966667 0.708796 0.066667 0.093519
0 0.498177 0.385185 0.027604 0.074074
0 0.780990 0.544444 0.071354 0.075926
1 0.173698 0.299537 0.014063 0.036111
0 0.439583 0.312037 0.032292 0.061111
3 0.250521 0.121759 0.084375 0.102778
0 0.239844 0.239815 0.044271 0.055556
0 0.488021 0.624074 0.056250 0.061111
0 0.269792 0.217593 0.044792 0.055556
3 0.059115 0.126389 0.052604 0.075000
0 0.878125 0.625926 0.070833 0.081481
0 0.051562 0.071296 0.035417 0.042593
3 0.984115 0.510185 0.031771 0.105556
0 0.075521 0.010185 0.031250 0.020370

4 0.322917 0.943519 0.012500 0.012963