3 0.884896 0.414352 0.123958 0.149074
2 0.074479 0.067593 0.111458 0.125926
0 0.439063 0.345370 0.035417 0.061111
2 0.155208 0.199537 0.130208 0.162037
0 0.969531 0.705093 0.060937 0.091667
0 0.555990 0.233796 0.039062 0.054630
0 0.782031 0.537963 0.071354 0.075926
1 0.173177 0.291204 0.014063 0.036111
0 0.255208 0.660185 0.064583 0.100000
0 0.708594 0.225463 0.045312 0.047222
3 0.079948 0.012963 0.053646 0.025926
0 0.240365 0.234259 0.044271 0.055556
0 0.269271 0.211111 0.044792 0.055556
0 0.880729 0.619444 0.070833 0.081481

4 0.453125 0.708333 0.009375 0.016667