3 0.896354 0.898611 0.105208 0.152778
0 0.602865 0.721296 0.067187 0.087037
0 0.405729 0.675000 0.066667 0.085185
0 0.175000 0.788889 0.069792 0.111111
0 0.089323 0.942593 0.073438 0.114815
0 0.165365 0.599074 0.072396 0.101852
0 0.334896 0.410185 0.067708 0.074074
3 0.878385 0.611574 0.243229 0.284259
0 0.777344 0.468981 0.053646 0.043519
0 0.816927 0.409722 0.049479 0.054630
0 0.619531 0.143981 0.045312 0.036111
0 0.679688 0.138426 0.035417 0.037963
0 0.726042 0.207870 0.037500 0.039815
3 0.874219 0.150000 0.093229 0.077778

4 0.833854 0.743519 0.008333 0.011111
4 0.048958 0.882407 0.011458 0.025926