1 0.510156 0.050926 0.019271 0.035185
0 0.799740 0.437500 0.067187 0.071296
0 0.004167 0.068981 0.008333 0.028704
3 0.996354 0.611574 0.007292 0.041667
1 0.209375 0.335648 0.017708 0.034259
3 0.867188 0.430093 0.083333 0.086111
0 0.939844 0.548148 0.064062 0.072222
0 0.278906 0.221759 0.045312 0.058333
0 0.225000 0.177315 0.041667 0.050926
3 0.259896 0.246759 0.062500 0.087963
3 0.217448 0.258796 0.076563 0.119444
3 0.120833 0.174074 0.088542 0.112963
0 0.774740 0.553241 0.064062 0.075000
0 0.863021 0.626852 0.075000 0.083333
0 0.805729 0.500000 0.072917 0.075926
0 0.962240 0.718519 0.075521 0.085185
3 0.054948 0.118056 0.049479 0.065741
2 0.121094 0.113426 0.127604 0.154630

4 0.478125 0.590741 0.006250 0.016667
4 0.484635 0.904167 0.022396 0.021296