0 0.833854 0.569444 0.068750 0.077778
3 0.304948 0.166667 0.088021 0.105556
0 0.684115 0.451389 0.064062 0.067593
0 0.185938 0.095833 0.034375 0.043519
0 0.963021 0.678704 0.073958 0.090741
0 0.264583 0.858796 0.061458 0.113889
0 0.175781 0.771759 0.070312 0.112037
0 0.622396 0.112963 0.042708 0.035185
3 0.207031 0.966667 0.072396 0.066667
0 0.682031 0.109259 0.035937 0.037037
0 0.805729 0.137963 0.046875 0.037037
0 0.168229 0.007870 0.034375 0.015741
0 0.828646 0.387963 0.050000 0.055556
0 0.816146 0.476852 0.055208 0.062963
