0 0.872917 0.611111 0.070833 0.079630
3 0.266406 0.144444 0.088021 0.105556
0 0.775000 0.534722 0.069792 0.075000
0 0.185417 0.102315 0.034375 0.043519
0 0.964844 0.692593 0.070312 0.090741
0 0.270313 0.867130 0.061458 0.113889
0 0.176563 0.790278 0.070833 0.112037
0 0.622917 0.123148 0.042708 0.035185
3 0.214844 0.970833 0.068229 0.058333
0 0.686198 0.118519 0.035937 0.037037
0 0.364323 0.081944 0.042188 0.036111
0 0.253125 0.080093 0.037500 0.036111
0 0.749479 0.305556 0.050000 0.059259
0 0.541927 0.242130 0.048438 0.050926
0 0.686458 0.342130 0.052083 0.054630

4 0.873177 0.693519 0.008854 0.025926