0 0.144271 0.202778 0.036458 0.053704
3 0.566667 0.250463 0.068750 0.078704
0 0.288802 0.867130 0.060937 0.110185
0 0.225781 0.960185 0.073438 0.079630
1 0.531771 0.719907 0.023958 0.047222
3 0.265885 0.008796 0.046354 0.017593
0 0.197396 0.188889 0.041667 0.051852
0 0.708854 0.165278 0.041667 0.039815
0 0.313281 0.068981 0.035937 0.039815
3 0.452083 0.512500 0.121875 0.169444
0 0.780990 0.552315 0.064062 0.075000
0 0.868750 0.625000 0.075000 0.083333
0 0.965104 0.717593 0.069792 0.085185
3 0.245833 0.291204 0.056250 0.078704
2 0.546875 0.506019 0.202083 0.254630
