0 0.901563 0.523611 0.067708 0.075000
0 0.230990 0.295833 0.039062 0.058333
3 0.406250 0.139352 0.056250 0.071296
0 0.288802 0.875463 0.060937 0.110185
0 0.225521 0.963426 0.072917 0.073148
1 0.626302 0.859259 0.026562 0.055556
0 0.045573 0.115278 0.034896 0.047222
0 0.413281 0.385185 0.050521 0.062963
0 0.696354 0.174074 0.042708 0.040741
3 0.617708 0.706944 0.151042 0.210185
0 0.778906 0.557870 0.064062 0.075000
0 0.867188 0.631481 0.075000 0.083333
0 0.965104 0.723148 0.069792 0.085185
3 0.363021 0.412963 0.063542 0.092593
2 0.791927 0.760648 0.266146 0.337963

4 0.809115 0.732407 0.014063 0.016667