0 0.872656 0.611574 0.071354 0.078704
3 0.266406 0.144444 0.088021 0.105556
0 0.775000 0.534722 0.069792 0.075000
0 0.185417 0.102315 0.034375 0.043519
0 0.964844 0.692593 0.070312 0.090741
0 0.270313 0.867130 0.061458 0.113889
0 0.176042 0.791204 0.070833 0.112037
0 0.622917 0.123148 0.042708 0.035185
3 0.214844 0.970833 0.068229 0.058333
3 0.218229 0.006481 0.077083 0.012963
0 0.686719 0.118519 0.035937 0.037037
0 0.387240 0.095370 0.042188 0.037037
0 0.161458 0.003241 0.032292 0.006481
0 0.283333 0.100926 0.038542 0.037037
0 0.760156 0.321759 0.052604 0.058333
0 0.582031 0.269444 0.049479 0.051852
0 0.739844 0.381019 0.053646 0.056481
