3 0.444271 0.687500 0.078125 0.091667
0 0.627344 0.675926 0.058854 0.070370
0 0.198958 0.796296 0.060417 0.096296
2 0.166406 0.226389 0.127604 0.162037
3 0.495833 0.379167 0.066667 0.062037
0 0.693229 0.175463 0.039583 0.039815
0 0.977083 0.743056 0.045833 0.075000
0 0.199740 0.577315 0.063021 0.095370
0 0.339844 0.432407 0.060937 0.064815
0 0.234635 0.845370 0.072396 0.127778
3 0.628646 0.432870 0.067708 0.075000
0 0.149219 0.162037 0.040104 0.044444

4 0.815104 0.549074 0.008333 0.024074
4 0.452344 0.783796 0.020313 0.021296