3 0.666146 0.706019 0.083333 0.106481
0 0.980990 0.969907 0.038021 0.060185
0 0.196094 0.787963 0.060937 0.096296
2 0.162240 0.216667 0.127604 0.161111
3 0.266667 0.483333 0.073958 0.105556
0 0.691146 0.166667 0.041667 0.038889
0 0.814063 0.578241 0.072917 0.080556
1 0.010937 0.149537 0.014583 0.034259
0 0.077344 0.833333 0.079687 0.135185
0 0.231510 0.832407 0.072396 0.131481
3 0.396354 0.396759 0.066667 0.075000
0 0.213802 0.219907 0.042188 0.052778
1 0.838281 0.101389 0.021354 0.026852
0 0.108594 0.082870 0.038021 0.045370
1 0.320833 0.876389 0.020833 0.050926

4 0.279167 0.613889 0.006250 0.009259
4 0.098437 0.830556 0.007292 0.016667