0 0.872656 0.611574 0.071354 0.078704
3 0.266406 0.144444 0.088021 0.105556
0 0.775000 0.534722 0.069792 0.075000
0 0.185417 0.102315 0.034375 0.043519
0 0.964844 0.692593 0.070312 0.090741
0 0.270313 0.867130 0.061458 0.113889
0 0.176563 0.790278 0.070833 0.112037
0 0.622917 0.123148 0.042708 0.035185
3 0.214844 0.970833 0.068229 0.058333
3 0.207813 0.003241 0.077083 0.006481
0 0.686719 0.118519 0.035937 0.037037
0 0.376563 0.089352 0.042708 0.036111
0 0.269531 0.092130 0.038021 0.037963
0 0.754687 0.314815 0.051042 0.057407
0 0.563021 0.257407 0.047917 0.051852
0 0.716406 0.361574 0.051562 0.056481
