0 0.868750 0.616204 0.070833 0.080556
3 0.265885 0.147222 0.088021 0.105556
0 0.771354 0.539352 0.068750 0.075000
0 0.184896 0.106019 0.034375 0.043519
0 0.962500 0.697222 0.075000 0.090741
3 0.866667 0.132407 0.094792 0.075926
0 0.267708 0.869907 0.061458 0.113889
0 0.170833 0.799537 0.070833 0.112037
0 0.623437 0.126852 0.042708 0.035185
3 0.212760 0.972222 0.068229 0.055556
0 0.656510 0.636111 0.071354 0.094444
3 0.476302 0.140278 0.094271 0.104630
0 0.135677 0.008796 0.036979 0.017593
0 0.723437 0.112500 0.035417 0.036111
0 0.357812 0.159722 0.036458 0.037963
0 0.663802 0.286574 0.053646 0.050926
0 0.578906 0.281481 0.043229 0.048148
0 0.722656 0.422222 0.057813 0.059259

4 0.363802 0.699074 0.008854 0.024074
4 0.174740 0.793519 0.011979 0.012963