0 0.841667 0.445833 0.071875 0.071296
1 0.181510 0.295833 0.016146 0.039815
0 0.351302 0.730093 0.067187 0.097222
0 0.261719 0.632407 0.072396 0.111111
0 0.425000 0.174074 0.032292 0.048148
0 0.266667 0.194444 0.044792 0.061111
0 0.214062 0.151389 0.042708 0.050926
3 0.209635 0.187500 0.061979 0.089815
3 0.189323 0.216667 0.077604 0.116667
3 0.109896 0.149537 0.089583 0.113889
0 0.772656 0.527778 0.064062 0.074074
0 0.860417 0.600000 0.075000 0.083333
0 0.834896 0.500000 0.072917 0.077778
0 0.960938 0.691667 0.078125 0.088889
3 0.043490 0.095833 0.049479 0.065741
2 0.059896 0.059722 0.119792 0.119444
3 0.311198 0.037500 0.060937 0.075000
0 0.396094 0.438426 0.048438 0.073148

4 0.071615 0.847222 0.016146 0.020370
4 0.576302 0.605556 0.008854 0.009259