0 0.840365 0.448148 0.072396 0.072222
1 0.180990 0.295833 0.016146 0.039815
0 0.435937 0.677778 0.066667 0.074074
0 0.326562 0.532870 0.063542 0.093519
0 0.382552 0.120833 0.036979 0.045370
0 0.266667 0.195370 0.044792 0.061111
0 0.214583 0.153241 0.042708 0.050926
3 0.209635 0.189352 0.061979 0.089815
3 0.188802 0.217593 0.077604 0.116667
3 0.109896 0.149537 0.089583 0.113889
0 0.772656 0.530556 0.064062 0.074074
0 0.859375 0.601852 0.075000 0.083333
0 0.833854 0.500926 0.072917 0.077778
0 0.960677 0.692593 0.078646 0.088889
3 0.044010 0.096759 0.049479 0.065741
2 0.063542 0.062500 0.127083 0.125000
3 0.257552 0.019444 0.056771 0.038889
0 0.435677 0.362963 0.040104 0.066667

4 0.479687 0.843056 0.014583 0.019444