3 0.997396 0.536574 0.005208 0.037963
0 0.191927 0.779630 0.060937 0.096296
2 0.158333 0.207407 0.129167 0.161111
0 0.689583 0.158333 0.041667 0.038889
0 0.784115 0.546296 0.070312 0.075926
1 0.107813 0.229167 0.014583 0.032407
0 0.236719 0.807407 0.072396 0.131481
3 0.025000 0.861574 0.050000 0.167593
0 0.239844 0.240741 0.044271 0.055556
1 0.639844 0.098611 0.019271 0.025000
0 0.235677 0.187037 0.042188 0.051852
1 0.479948 0.697685 0.030729 0.032407

4 0.177344 0.641204 0.009896 0.017593
4 0.015365 0.695833 0.019271 0.052778