3 0.895833 0.425463 0.127083 0.152778
2 0.038281 0.047685 0.076563 0.095370
0 0.339062 0.523148 0.048958 0.072222
2 0.155729 0.200463 0.130208 0.160185
0 0.605469 0.190741 0.040104 0.046296
0 0.782552 0.539815 0.070312 0.075926
1 0.172656 0.293056 0.014063 0.036111
0 0.177344 0.794907 0.072396 0.115741
0 0.555729 0.362963 0.050000 0.059259
0 0.240365 0.237963 0.044271 0.055556
1 0.449740 0.011574 0.017188 0.023148
0 0.269271 0.212963 0.044792 0.055556
1 0.672917 0.895833 0.027083 0.050926
0 0.889583 0.628241 0.071875 0.082407

4 0.385156 0.628241 0.011979 0.012037
4 0.361719 0.895833 0.017188 0.019444