0 0.870313 0.615741 0.068750 0.079630
3 0.265885 0.146296 0.088021 0.105556
0 0.772917 0.537037 0.070833 0.074074
0 0.185417 0.104167 0.034375 0.043519
0 0.963281 0.696296 0.073438 0.090741
3 0.914844 0.132870 0.099479 0.075000
0 0.268750 0.868981 0.061458 0.113889
0 0.172917 0.796759 0.070833 0.112037
0 0.622917 0.125926 0.042708 0.035185
3 0.213802 0.971759 0.068229 0.056481
0 0.797656 0.768981 0.079687 0.108333
3 0.412500 0.095833 0.088542 0.099074
0 0.707552 0.116204 0.034896 0.036111
0 0.259115 0.086111 0.032813 0.037037
0 0.588542 0.233333 0.050000 0.048148
0 0.456250 0.193981 0.038542 0.041667
0 0.592448 0.325000 0.052604 0.051852
0 0.968750 0.503241 0.062500 0.069444
0 0.993490 0.595833 0.013021 0.076852

4 0.069010 0.957870 0.013021 0.017593