3 0.884896 0.414352 0.123958 0.149074
2 0.085677 0.077315 0.113021 0.126852
0 0.454427 0.301389 0.029687 0.052778
2 0.154688 0.198611 0.130208 0.162037
0 0.967708 0.702315 0.064583 0.093519
0 0.543490 0.249074 0.038021 0.057407
0 0.782031 0.537037 0.071354 0.075926
1 0.173177 0.291204 0.014063 0.036111
0 0.283333 0.612037 0.062500 0.094444
0 0.751823 0.194907 0.045312 0.043519
3 0.103385 0.024074 0.069271 0.048148
0 0.239844 0.233333 0.044271 0.055556
0 0.218229 0.970833 0.056250 0.058333
0 0.269271 0.210185 0.044792 0.055556
0 0.880729 0.618519 0.070833 0.081481
