0 0.846615 0.451852 0.072396 0.075926
1 0.181510 0.295833 0.016146 0.039815
0 0.291667 0.806481 0.066667 0.112963
0 0.211979 0.713889 0.077083 0.114815
0 0.440625 0.221759 0.025000 0.056481
0 0.266667 0.194444 0.044792 0.061111
0 0.214062 0.151389 0.042708 0.050926
3 0.209635 0.187500 0.061979 0.089815
3 0.189323 0.217130 0.077604 0.115741
3 0.109896 0.149537 0.089583 0.113889
0 0.772656 0.527778 0.064062 0.074074
0 0.859896 0.599074 0.075000 0.083333
0 0.834375 0.500000 0.072917 0.077778
0 0.960417 0.690741 0.079167 0.088889
3 0.043490 0.095833 0.049479 0.065741
2 0.056510 0.056481 0.113021 0.112963
3 0.352083 0.064815 0.062500 0.081481
0 0.355729 0.501389 0.052083 0.076852

4 0.555729 0.768981 0.009375 0.023148