1 0.557552 0.075000 0.019271 0.035185
0 0.827344 0.457870 0.069271 0.073148
0 0.003125 0.066204 0.006250 0.028704
1 0.193750 0.323611 0.013542 0.036111
3 0.910417 0.460648 0.087500 0.087963
0 0.940365 0.547222 0.064062 0.072222
0 0.272656 0.215278 0.045312 0.058333
0 0.222396 0.171759 0.040625 0.047222
3 0.229167 0.220370 0.061458 0.088889
3 0.200521 0.242130 0.077083 0.117593
3 0.118750 0.171296 0.088542 0.112963
0 0.775781 0.551389 0.064062 0.075000
0 0.863021 0.625926 0.075000 0.083333
0 0.831250 0.519444 0.072917 0.075926
0 0.962500 0.713889 0.075000 0.085185
3 0.052865 0.115278 0.049479 0.065741
2 0.116146 0.106019 0.128125 0.154630

4 0.861198 0.573148 0.016146 0.022222
4 0.493750 0.594444 0.011458 0.024074