0 0.649740 0.330093 0.052604 0.060185
0 0.325000 0.394444 0.042708 0.064815
3 0.275260 0.044907 0.051562 0.063889
0 0.289844 0.876852 0.060937 0.107407
0 0.226562 0.965278 0.072917 0.069444
1 0.709115 0.981481 0.028646 0.037037
0 0.118750 0.187963 0.038542 0.048148
0 0.694531 0.627315 0.065104 0.082407
0 0.695833 0.176389 0.041667 0.039815
3 0.823438 0.905093 0.188542 0.189815
0 0.778906 0.561574 0.064062 0.075000
0 0.867188 0.634259 0.075000 0.083333
0 0.964844 0.727778 0.070312 0.085185
3 0.493229 0.553704 0.068750 0.105556
2 0.982031 0.952778 0.035937 0.094444
