3 0.891146 0.420370 0.125000 0.150000
2 0.045312 0.052778 0.090625 0.105556
0 0.367448 0.477315 0.045312 0.067593
2 0.155729 0.199537 0.130208 0.160185
0 0.990104 0.723148 0.019792 0.055556
0 0.593490 0.199074 0.040104 0.051852
0 0.782031 0.539815 0.071354 0.075926
1 0.172656 0.293056 0.014063 0.036111
0 0.193490 0.767130 0.071354 0.113889
0 0.591146 0.328241 0.050000 0.058333
0 0.240365 0.237037 0.044271 0.055556
1 0.432812 0.008333 0.018750 0.016667
0 0.269271 0.212963 0.044792 0.055556
1 0.692187 0.922685 0.027083 0.050926
0 0.884375 0.623611 0.070833 0.082407

4 0.167187 0.786111 0.009375 0.035185