0 0.877083 0.635648 0.070833 0.080556
3 0.276823 0.156019 0.088021 0.108333
0 0.779687 0.554167 0.070833 0.076852
0 0.197917 0.113426 0.034375 0.043519
0 0.967187 0.719907 0.065625 0.091667
3 0.873177 0.423148 0.123438 0.153704
3 0.981510 0.523611 0.036979 0.117593
0 0.274219 0.238889 0.045312 0.057407
0 0.253646 0.272222 0.045833 0.057407
2 0.163802 0.233333 0.131771 0.161111
0 0.213281 0.177315 0.041146 0.060185
3 0.067708 0.153241 0.053125 0.075000
0 0.086198 0.127778 0.019271 0.044444
2 0.156510 0.157407 0.116146 0.133333
1 0.199740 0.337963 0.015104 0.033333
0 0.274479 0.877315 0.062500 0.112037
0 0.750260 0.449074 0.065104 0.070370
0 0.158854 0.124537 0.020833 0.019444
0 0.178646 0.808796 0.070833 0.110185
0 0.016667 0.111574 0.033333 0.045370

4 0.376823 0.937037 0.009896 0.022222
4 0.894271 0.668519 0.014583 0.014815