0 0.103385 0.161111 0.036979 0.051852
3 0.661458 0.318981 0.077083 0.087963
0 0.288802 0.867130 0.060937 0.110185
0 0.224219 0.961111 0.073438 0.077778
1 0.473698 0.646296 0.023438 0.046296
3 0.349740 0.045833 0.046354 0.058333
0 0.105469 0.107407 0.038021 0.046296
0 0.735417 0.156944 0.041667 0.039815
0 0.403646 0.131944 0.038542 0.043519
0 0.861719 0.768056 0.075521 0.099074
3 0.383854 0.432407 0.114583 0.150000
0 0.780990 0.550463 0.064062 0.075000
0 0.869271 0.625000 0.075000 0.083333
0 0.965104 0.717593 0.069792 0.085185
3 0.193750 0.238889 0.053125 0.072222
2 0.448437 0.408333 0.180208 0.231481
