0 0.915625 0.503704 0.078125 0.079630
1 0.180990 0.294907 0.016146 0.039815
0 0.072917 0.943519 0.101042 0.112963
0 0.420312 0.369444 0.042708 0.066667
0 0.266406 0.193056 0.044271 0.060185
0 0.214323 0.150463 0.040104 0.050926
3 0.209375 0.186574 0.062500 0.089815
3 0.189583 0.215741 0.077083 0.116667
3 0.109375 0.147685 0.089583 0.112037
0 0.772656 0.525000 0.064062 0.074074
0 0.860417 0.596296 0.075000 0.083333
0 0.839063 0.500000 0.072917 0.077778
0 0.961719 0.690278 0.076563 0.091667
3 0.042969 0.094907 0.049479 0.065741
2 0.046094 0.045833 0.092188 0.091667
3 0.434635 0.158796 0.046354 0.099074
0 0.232552 0.685648 0.061979 0.095370

4 0.119531 0.574537 0.011979 0.012037
4 0.130990 0.751389 0.013021 0.015741