0 0.803646 0.450000 0.059375 0.066667
0 0.260937 0.325926 0.040625 0.061111
3 0.359635 0.105093 0.055729 0.067593
0 0.289323 0.875000 0.060937 0.107407
0 0.226042 0.963889 0.072917 0.072222
1 0.655469 0.902778 0.026562 0.053704
0 0.071094 0.140741 0.034896 0.048148
0 0.501042 0.459259 0.054167 0.068519
0 0.695833 0.174537 0.041667 0.039815
3 0.684375 0.783333 0.163542 0.222222
0 0.778906 0.557870 0.064062 0.075000
0 0.867188 0.632407 0.075000 0.083333
0 0.964844 0.726852 0.070312 0.085185
3 0.404948 0.458333 0.064062 0.098148
2 0.874740 0.841667 0.250521 0.316667

4 0.186979 0.898611 0.004167 0.013889