3 0.935937 0.460648 0.128125 0.158333
0 0.213281 0.733333 0.058854 0.092593
2 0.156250 0.203704 0.129167 0.161111
0 0.667448 0.161574 0.041146 0.039815
0 0.783594 0.543519 0.070312 0.075926
1 0.153125 0.278241 0.015625 0.036111
0 0.085938 0.952778 0.079167 0.094444
0 0.367448 0.589815 0.064062 0.092593
0 0.241406 0.240741 0.044271 0.055556
1 0.536198 0.056944 0.017188 0.026852
0 0.264323 0.210185 0.044271 0.055556
1 0.583854 0.776389 0.029167 0.050926
0 0.941406 0.677778 0.076563 0.087037

4 0.152865 0.518981 0.013021 0.015741
4 0.413281 0.528241 0.007812 0.017593