3 0.884896 0.413426 0.123958 0.149074
2 0.091927 0.081944 0.113021 0.126852
0 0.456510 0.277315 0.024479 0.054630
2 0.154688 0.198611 0.130208 0.162037
0 0.967708 0.702315 0.064583 0.093519
0 0.537240 0.257870 0.038021 0.058333
0 0.782031 0.536111 0.071354 0.075926
1 0.172656 0.290278 0.014063 0.036111
0 0.299219 0.586111 0.061979 0.092593
0 0.775781 0.181944 0.045312 0.039815
3 0.118750 0.030556 0.070833 0.061111
0 0.239323 0.232407 0.044271 0.055556
0 0.239323 0.940278 0.065104 0.117593
0 0.269792 0.211111 0.044792 0.055556
3 0.004687 0.068056 0.009375 0.036111
0 0.880729 0.618519 0.070833 0.081481

4 0.549479 0.649074 0.007292 0.009259