0 0.404948 0.361111 0.059896 0.046296
0 0.621615 0.425926 0.056771 0.061111
0 0.750781 0.519444 0.070312 0.074074
0 0.776823 0.467130 0.053646 0.062037
0 0.815885 0.398148 0.048438 0.053704
0 0.947135 0.681019 0.089063 0.100926
0 0.620573 0.133796 0.043229 0.037963
0 0.680469 0.129167 0.035937 0.036111
3 0.454688 0.273611 0.108333 0.106481
0 0.311458 0.206944 0.037500 0.043519
0 0.319531 0.760185 0.058854 0.098148
0 0.181250 0.775926 0.069792 0.109259
3 0.229948 0.934259 0.090104 0.131481
0 0.988542 0.644907 0.022917 0.075000

4 0.797396 0.868981 0.023958 0.034259
4 0.424740 0.694444 0.016146 0.016667