0 0.869010 0.617130 0.070312 0.080556
3 0.265885 0.147222 0.088021 0.105556
0 0.771094 0.539352 0.069271 0.075000
0 0.185938 0.106019 0.034375 0.043519
0 0.962760 0.699074 0.074479 0.090741
3 0.828906 0.136111 0.090104 0.083333
0 0.267708 0.869907 0.061458 0.113889
0 0.170833 0.801389 0.070833 0.112037
0 0.623958 0.128704 0.042708 0.035185
3 0.212760 0.972222 0.068229 0.055556
0 0.559375 0.543519 0.061458 0.083333
3 0.530208 0.176389 0.097917 0.110185
0 0.229427 0.057870 0.039062 0.039815
0 0.743750 0.109722 0.034375 0.034259
0 0.452865 0.229167 0.039062 0.043519
0 0.732552 0.335185 0.055729 0.051852
0 0.697135 0.365741 0.047396 0.051852
0 0.846094 0.516204 0.065104 0.069444

4 0.101823 0.506481 0.008854 0.007407