0 0.871875 0.620833 0.069792 0.080556
3 0.268490 0.149074 0.088021 0.107407
0 0.773698 0.542130 0.070312 0.075000
0 0.188542 0.106019 0.034375 0.043519
0 0.964063 0.701852 0.071875 0.090741
3 0.440625 0.112037 0.084375 0.105556
3 0.747656 0.304167 0.104688 0.139815
2 0.747917 0.833796 0.251042 0.332407
0 0.424219 0.425463 0.046354 0.062037
2 0.595573 0.556019 0.193229 0.239815
1 0.650781 0.871296 0.019271 0.044444
0 0.269792 0.870833 0.061458 0.113889
0 0.900260 0.796296 0.074479 0.100000
0 0.172396 0.801852 0.070833 0.111111
0 0.352865 0.427778 0.048438 0.066667
3 0.547917 0.229630 0.137500 0.148148
0 0.223177 0.064815 0.040104 0.040741
0 0.201563 0.299074 0.043750 0.064815
0 0.678385 0.118056 0.043229 0.036111
3 0.215625 0.972685 0.066667 0.054630
0 0.108333 0.144444 0.043750 0.051852
3 0.932292 0.462037 0.135417 0.153704
0 0.600260 0.336574 0.050521 0.054630

4 0.172917 0.670370 0.006250 0.022222
4 0.204427 0.798611 0.004687 0.010185