3 0.888021 0.418056 0.123958 0.149074
2 0.050521 0.057870 0.101042 0.115741
0 0.388802 0.443056 0.043229 0.065741
2 0.155729 0.199537 0.130208 0.160185
0 0.983333 0.716204 0.033333 0.062037
0 0.584115 0.206019 0.040104 0.050926
0 0.782031 0.538889 0.071354 0.075926
1 0.173177 0.293056 0.014063 0.036111
0 0.206250 0.743981 0.069792 0.112037
0 0.619792 0.301389 0.047917 0.054630
0 0.240365 0.236111 0.044271 0.055556
1 0.416667 0.007407 0.018750 0.014815
0 0.269271 0.212963 0.044792 0.055556
1 0.707292 0.946759 0.029167 0.050926
0 0.882292 0.621759 0.070833 0.082407

4 0.944271 0.552315 0.017708 0.025000
4 0.067448 0.741667 0.014063 0.020370