0 0.917708 0.504630 0.078125 0.079630
1 0.180990 0.294907 0.016146 0.039815
0 0.072396 0.945370 0.096875 0.109259
0 0.417969 0.372222 0.043229 0.068519
0 0.266406 0.193056 0.044271 0.060185
0 0.214323 0.150463 0.040104 0.050926
3 0.209375 0.186574 0.062500 0.089815
3 0.189583 0.215741 0.077083 0.116667
3 0.109375 0.147685 0.089583 0.112037
0 0.772656 0.525000 0.064062 0.074074
0 0.860417 0.596296 0.075000 0.083333
0 0.839063 0.500000 0.072917 0.077778
0 0.961719 0.690278 0.076563 0.091667
3 0.042969 0.094907 0.049479 0.065741
2 0.045312 0.045833 0.090625 0.091667
3 0.435417 0.159722 0.046875 0.097222
0 0.229427 0.691204 0.061979 0.095370

4 0.301563 0.722685 0.013542 0.017593
4 0.528125 0.737963 0.086458 0.094444