0 0.892188 0.484259 0.075000 0.077778
1 0.181510 0.295833 0.016146 0.039815
0 0.177865 0.990741 0.067187 0.018519
0 0.105990 0.900463 0.092188 0.145370
0 0.433073 0.332870 0.035937 0.063889
0 0.266927 0.193056 0.044271 0.060185
0 0.214062 0.150463 0.042708 0.050926
3 0.209375 0.184722 0.062500 0.089815
3 0.189062 0.215278 0.078125 0.117593
3 0.109375 0.147685 0.089583 0.112037
0 0.772656 0.525000 0.064062 0.074074
0 0.860417 0.596296 0.075000 0.083333
0 0.838021 0.499074 0.072917 0.077778
0 0.961198 0.690278 0.076563 0.091667
3 0.042969 0.094907 0.049479 0.065741
2 0.048698 0.049074 0.097396 0.098148
3 0.420312 0.132407 0.053125 0.092593
0 0.260417 0.640278 0.060417 0.089815

4 0.736719 0.970370 0.031771 0.035185