3 0.432031 0.694444 0.077604 0.094444
0 0.609375 0.668519 0.057292 0.064815
0 0.198958 0.798148 0.060417 0.096296
2 0.166406 0.227315 0.127604 0.162037
3 0.509635 0.381019 0.067187 0.063889
0 0.693229 0.176389 0.039583 0.039815
0 0.986979 0.752778 0.026042 0.059259
0 0.211979 0.557870 0.061458 0.089815
0 0.354167 0.421759 0.061458 0.060185
0 0.234635 0.846296 0.072396 0.127778
3 0.644010 0.442130 0.070312 0.076852
0 0.142969 0.157407 0.040104 0.042593

4 0.088021 0.561111 0.007292 0.009259
4 0.323698 0.611111 0.015104 0.031481