0 0.872396 0.622222 0.069792 0.081481
3 0.269531 0.150000 0.088021 0.107407
0 0.774479 0.543519 0.069792 0.074074
0 0.190104 0.107870 0.034375 0.043519
0 0.964583 0.704630 0.070833 0.090741
3 0.501823 0.151852 0.090104 0.112963
3 0.775000 0.338889 0.116667 0.138889
2 0.657813 0.738889 0.223958 0.316667
0 0.977344 0.873148 0.045312 0.122222
3 0.102865 0.727778 0.082812 0.164815
0 0.350521 0.356481 0.043750 0.057407
2 0.508594 0.475000 0.173437 0.220370
1 0.577865 0.772222 0.022396 0.046296
0 0.271354 0.870833 0.061458 0.113889
0 0.708073 0.613889 0.063021 0.081481
0 0.173437 0.802778 0.070833 0.111111
0 0.280208 0.356019 0.044792 0.060185
3 0.635417 0.287037 0.150000 0.162963
0 0.339844 0.145833 0.044271 0.045370
0 0.159896 0.247685 0.046875 0.056481
0 0.725260 0.113426 0.041146 0.032407
3 0.217188 0.973148 0.066667 0.053704
0 0.059115 0.102778 0.042188 0.050000
3 0.960677 0.505556 0.078646 0.155556
0 0.777344 0.468981 0.059896 0.067593

4 0.459375 0.666667 0.010417 0.014815
4 0.928646 0.973148 0.011458 0.024074