0 0.879167 0.630093 0.067708 0.080556
3 0.278385 0.152778 0.088021 0.109259
0 0.780729 0.550000 0.069792 0.074074
0 0.199479 0.110648 0.034375 0.043519
0 0.967708 0.714352 0.064583 0.091667
3 0.883594 0.425000 0.123438 0.153704
3 0.983333 0.520833 0.033333 0.117593
0 0.268490 0.225926 0.045312 0.057407
0 0.241667 0.250926 0.045833 0.057407
2 0.152604 0.213889 0.129167 0.161111
0 0.172135 0.124074 0.034896 0.033333
3 0.064583 0.146759 0.043750 0.075000
0 0.084115 0.116667 0.018229 0.040741
2 0.156771 0.150926 0.115625 0.133333
0 0.261979 0.894907 0.062500 0.115741
0 0.933333 0.588426 0.076042 0.078704
0 0.016406 0.018981 0.032813 0.037963
0 0.063542 0.976852 0.081250 0.046296

4 0.776823 0.625926 0.026562 0.025926
4 0.535156 0.638889 0.018229 0.029630