3 0.884896 0.413426 0.123958 0.149074
2 0.088802 0.079167 0.113021 0.126852
0 0.455729 0.290278 0.029167 0.054630
2 0.154688 0.198611 0.130208 0.162037
0 0.967708 0.702315 0.064583 0.093519
0 0.540365 0.252778 0.038021 0.057407
0 0.782031 0.537037 0.071354 0.075926
1 0.173177 0.291204 0.014063 0.036111
0 0.290885 0.600000 0.061979 0.092593
0 0.762240 0.189815 0.045312 0.042593
3 0.110417 0.028241 0.070833 0.056481
0 0.239844 0.233333 0.044271 0.055556
0 0.225000 0.956944 0.065625 0.086111
0 0.269792 0.211111 0.044792 0.055556
3 0.002604 0.066204 0.005208 0.025000
0 0.880729 0.618519 0.070833 0.081481

4 0.736458 0.901389 0.007292 0.008333
4 0.685677 0.948611 0.020313 0.036111