3 0.884896 0.414352 0.123958 0.149074
2 0.070833 0.065741 0.110417 0.129630
0 0.433594 0.359259 0.038021 0.061111
2 0.155208 0.199537 0.130208 0.162037
0 0.970313 0.706944 0.059375 0.093519
0 0.559635 0.229630 0.039062 0.053704
0 0.782031 0.538889 0.071354 0.075926
1 0.173177 0.293056 0.014063 0.036111
0 0.247917 0.672222 0.065625 0.101852
0 0.695052 0.236111 0.045312 0.048148
3 0.072917 0.009259 0.043750 0.018519
0 0.240365 0.234259 0.044271 0.055556
1 0.370573 0.002315 0.019271 0.004630
0 0.269271 0.211111 0.044792 0.055556
0 0.880729 0.619444 0.070833 0.081481

4 0.489323 0.709259 0.006771 0.027778