1 0.637500 0.097685 0.018750 0.032407
0 0.838281 0.457407 0.070312 0.072222
0 0.001823 0.057870 0.003646 0.015741
1 0.186719 0.308796 0.016146 0.039815
3 0.972917 0.506944 0.054167 0.078704
0 0.942448 0.540278 0.064062 0.071296
0 0.272135 0.206481 0.045312 0.059259
0 0.220052 0.164352 0.042188 0.047222
3 0.218229 0.202778 0.062500 0.090741
3 0.195312 0.229630 0.077083 0.116667
3 0.116146 0.161111 0.088542 0.112963
0 0.776823 0.543056 0.064062 0.075000
0 0.865104 0.617593 0.075000 0.083333
0 0.838021 0.514815 0.072917 0.075926
0 0.962500 0.708333 0.075000 0.085185
3 0.050781 0.106944 0.049479 0.065741
2 0.110156 0.094444 0.129688 0.151852

4 0.710677 0.705093 0.015104 0.015741