0 0.999219 0.632870 0.001563 0.076852
0 0.160156 0.218981 0.036979 0.054630
3 0.534635 0.227778 0.067187 0.077778
0 0.288802 0.868981 0.060937 0.110185
0 0.225000 0.961111 0.072917 0.077778
1 0.550781 0.742130 0.024479 0.047222
0 0.232813 0.222222 0.042708 0.053704
0 0.704167 0.167130 0.041667 0.039815
0 0.285156 0.050926 0.036979 0.040741
3 0.476302 0.542130 0.125521 0.173148
0 0.780990 0.553241 0.064062 0.075000
0 0.868229 0.626852 0.075000 0.083333
0 0.965104 0.717593 0.069792 0.085185
3 0.265104 0.312500 0.058333 0.082407
2 0.584115 0.545370 0.209896 0.266667

4 0.696354 0.623148 0.004167 0.011111
4 0.792448 0.512963 0.013021 0.016667