0 0.873177 0.610648 0.071354 0.080556
3 0.265885 0.144444 0.088021 0.105556
0 0.775000 0.534722 0.069792 0.075000
0 0.184375 0.103241 0.034375 0.043519
0 0.964844 0.691667 0.070312 0.090741
0 0.269271 0.867130 0.061458 0.113889
0 0.176563 0.788426 0.070833 0.112037
0 0.622396 0.123148 0.042708 0.035185
3 0.214844 0.971296 0.068229 0.057407
0 0.683594 0.117593 0.035937 0.037037
0 0.279427 0.025926 0.038021 0.033333
0 0.145833 0.010648 0.035417 0.021296
0 0.727344 0.241204 0.028646 0.054630
0 0.403906 0.144907 0.043229 0.047222
0 0.510156 0.217593 0.044271 0.048148
0 0.959115 0.490278 0.055729 0.060185
0 0.979688 0.624074 0.040625 0.074074
