0 0.864844 0.596759 0.070312 0.078704
3 0.279427 0.149074 0.088021 0.105556
0 0.742448 0.499537 0.068229 0.071296
0 0.182292 0.096759 0.034375 0.043519
0 0.964844 0.685185 0.070312 0.090741
0 0.265885 0.862500 0.061979 0.113889
0 0.175260 0.779167 0.070312 0.112037
0 0.622396 0.117593 0.042708 0.035185
3 0.208594 0.968519 0.072396 0.062963
0 0.683073 0.111111 0.035937 0.037037
0 0.758333 0.162963 0.039583 0.044444
0 0.214323 0.016204 0.035937 0.032407
0 0.284896 0.068056 0.037500 0.039815
0 0.861719 0.414815 0.050521 0.055556
0 0.858854 0.512500 0.058333 0.067593

4 0.379427 0.888426 0.005729 0.010185
4 0.313802 0.725000 0.007812 0.012963