0 0.876563 0.636111 0.070833 0.081481
3 0.276302 0.156944 0.088021 0.108333
0 0.779167 0.555093 0.069792 0.076852
0 0.197917 0.115278 0.034375 0.043519
0 0.966667 0.719907 0.066667 0.091667
3 0.866927 0.420370 0.123438 0.153704
3 0.981250 0.524537 0.037500 0.117593
0 0.279427 0.244444 0.045312 0.057407
0 0.259896 0.276852 0.044792 0.057407
2 0.169010 0.238889 0.132812 0.162963
0 0.216667 0.180556 0.041667 0.061111
3 0.067708 0.154167 0.053125 0.075000
0 0.086198 0.128704 0.019271 0.044444
2 0.156510 0.158333 0.116146 0.133333
1 0.204427 0.342593 0.015104 0.033333
0 0.275000 0.878241 0.062500 0.112037
0 0.727865 0.432407 0.064062 0.066667
0 0.161458 0.127315 0.020833 0.019444
0 0.178646 0.809722 0.070833 0.110185
0 0.017708 0.115278 0.035417 0.045370

4 0.895052 0.739815 0.010937 0.018519
4 0.645052 0.674074 0.008854 0.029630