1 0.999479 0.114815 0.001042 0.027778
0 0.839323 0.446296 0.072396 0.072222
1 0.180990 0.296759 0.016146 0.039815
0 0.665365 0.750000 0.068229 0.096296
0 0.442448 0.324537 0.040104 0.071296
0 0.244010 0.014352 0.038021 0.028704
0 0.980729 0.569444 0.038542 0.074074
0 0.267188 0.193981 0.044792 0.060185
0 0.215365 0.152315 0.043229 0.050926
3 0.210156 0.187963 0.061979 0.090741
3 0.189583 0.216204 0.078125 0.117593
3 0.109896 0.150463 0.089583 0.113889
0 0.772656 0.530093 0.064062 0.075000
0 0.859375 0.602778 0.075000 0.083333
0 0.834375 0.500926 0.072917 0.077778
0 0.960417 0.696296 0.079167 0.088889
3 0.044010 0.094907 0.049479 0.065741
2 0.076823 0.065278 0.129688 0.130556
0 0.462500 0.203241 0.021875 0.056481

4 0.651042 0.952315 0.012500 0.015741
4 0.201823 0.874074 0.011979 0.014815