3 0.882292 0.422685 0.123958 0.149074
2 0.142448 0.135185 0.117188 0.135185
0 0.271615 0.015741 0.032813 0.031481
2 0.154688 0.207870 0.130208 0.162037
0 0.966667 0.711574 0.066667 0.093519
0 0.502344 0.453241 0.027604 0.080556
0 0.780469 0.545370 0.071354 0.075926
1 0.173698 0.301389 0.014063 0.036111
0 0.442969 0.240278 0.022396 0.054630
3 0.270833 0.138426 0.085417 0.104630
0 0.239844 0.242593 0.044271 0.055556
0 0.572917 0.647222 0.057292 0.072222
0 0.270313 0.220370 0.044792 0.055556
3 0.065885 0.137037 0.050521 0.075926
0 0.878646 0.627778 0.070833 0.081481
0 0.067187 0.088426 0.034375 0.043519
3 0.981510 0.507407 0.036979 0.105556
0 0.106510 0.028704 0.030729 0.038889

4 0.707031 0.831019 0.015104 0.019444