0 0.841406 0.444907 0.072396 0.073148
1 0.181510 0.295833 0.016146 0.039815
0 0.359896 0.721759 0.066667 0.095370
0 0.267969 0.621759 0.070312 0.108333
0 0.421094 0.168981 0.032813 0.049074
0 0.266667 0.194444 0.044792 0.061111
0 0.214062 0.151389 0.042708 0.050926
3 0.209635 0.187500 0.061979 0.089815
3 0.189323 0.216667 0.077604 0.116667
3 0.109896 0.149537 0.089583 0.113889
0 0.772656 0.527778 0.064062 0.074074
0 0.860417 0.600000 0.075000 0.083333
0 0.834896 0.500926 0.072917 0.077778
0 0.960938 0.691667 0.078125 0.088889
3 0.043490 0.095833 0.049479 0.065741
2 0.060677 0.060185 0.121354 0.120370
3 0.305208 0.035648 0.059375 0.071296
0 0.401823 0.430093 0.047396 0.071296
