0 0.873437 0.606944 0.070833 0.080556
3 0.267969 0.141667 0.088021 0.105556
0 0.770312 0.524074 0.070833 0.075926
0 0.183854 0.097685 0.034375 0.043519
0 0.965104 0.687963 0.069792 0.090741
0 0.267708 0.863426 0.061458 0.113889
0 0.176042 0.782870 0.070833 0.112037
0 0.622396 0.119444 0.042708 0.035185
3 0.211198 0.969444 0.070312 0.061111
0 0.683594 0.112963 0.035937 0.037037
0 0.733854 0.193519 0.026042 0.050000
0 0.298177 0.071296 0.038021 0.040741
0 0.385677 0.131481 0.039062 0.042593
0 0.902604 0.444907 0.052083 0.058333
0 0.910937 0.554630 0.060417 0.070370

4 0.403906 0.880093 0.004687 0.015741