0 0.874740 0.623611 0.070312 0.080556
3 0.272135 0.150000 0.088021 0.107407
0 0.777083 0.544444 0.070833 0.074074
0 0.191667 0.108796 0.034375 0.043519
0 0.965625 0.706944 0.068750 0.091667
3 0.652865 0.253241 0.102604 0.125000
3 0.873177 0.389815 0.120313 0.100000
0 0.890104 0.781481 0.080208 0.103704
0 0.759635 0.749537 0.070312 0.091667
2 0.431250 0.488426 0.171875 0.232407
0 0.507812 0.430556 0.058333 0.081481
3 0.229687 0.333333 0.044792 0.103704
0 0.217188 0.234722 0.037500 0.050926
2 0.320052 0.298611 0.144271 0.169444
1 0.404948 0.569444 0.018229 0.040741
0 0.272917 0.871759 0.061458 0.113889
0 0.181510 0.006944 0.038021 0.013889
0 0.387240 0.318519 0.039062 0.059259
0 0.175521 0.802778 0.070833 0.111111
0 0.135937 0.218519 0.039583 0.051852
3 0.859115 0.447685 0.189062 0.199074
0 0.732031 0.434259 0.060937 0.068519
0 0.029687 0.124074 0.042708 0.051852
0 0.917708 0.127778 0.045833 0.035185
