0 0.870313 0.615278 0.068750 0.078704
3 0.265885 0.145370 0.088021 0.105556
0 0.772917 0.537037 0.070833 0.074074
0 0.185417 0.104167 0.034375 0.043519
0 0.963281 0.696296 0.073438 0.090741
3 0.916406 0.132407 0.099479 0.075926
0 0.268750 0.868981 0.061458 0.113889
0 0.173437 0.795833 0.070833 0.112037
0 0.622917 0.125926 0.042708 0.035185
3 0.213802 0.971759 0.068229 0.056481
0 0.803385 0.774537 0.079687 0.108333
3 0.410938 0.093519 0.088542 0.098148
0 0.707031 0.116204 0.034896 0.036111
0 0.254948 0.084259 0.032813 0.037037
0 0.585938 0.231481 0.050000 0.048148
0 0.452083 0.190741 0.038542 0.040741
0 0.587760 0.322222 0.052604 0.051852
0 0.966927 0.500463 0.066146 0.069444
0 0.990625 0.593056 0.018750 0.076852

4 0.666667 0.964815 0.009375 0.014815