0 0.562240 0.383333 0.060937 0.055556
0 0.737240 0.501389 0.060937 0.069444
0 0.779167 0.459259 0.053125 0.062963
0 0.817187 0.387500 0.048958 0.056481
0 0.882552 0.618981 0.079687 0.087963
0 0.928385 0.144907 0.051562 0.037963
0 0.621615 0.121759 0.044271 0.036111
0 0.680469 0.118519 0.035937 0.037037
3 0.365625 0.221759 0.093750 0.115741
0 0.232031 0.140278 0.035937 0.039815
0 0.178646 0.770833 0.069792 0.110185
0 0.266667 0.854630 0.062500 0.112963
3 0.199740 0.968056 0.086979 0.063889

4 0.257292 0.889815 0.013542 0.027778
4 0.353125 0.705093 0.010417 0.012037