0 0.872396 0.622222 0.069792 0.081481
3 0.270052 0.150000 0.088021 0.107407
0 0.775000 0.543981 0.069792 0.073148
0 0.190625 0.108796 0.034375 0.043519
0 0.964583 0.704630 0.070833 0.090741
3 0.519271 0.163889 0.094792 0.114815
3 0.787240 0.346296 0.110937 0.138889
2 0.634375 0.713889 0.217708 0.307407
0 0.936458 0.814815 0.081250 0.118519
3 0.133854 0.668981 0.077083 0.154630
0 0.332552 0.340278 0.043229 0.056481
2 0.486719 0.455556 0.170313 0.216667
1 0.559635 0.748148 0.022396 0.048148
0 0.271354 0.871759 0.061458 0.113889
0 0.666146 0.574537 0.061458 0.078704
0 0.173958 0.803704 0.070833 0.111111
0 0.261979 0.338426 0.044792 0.060185
3 0.659375 0.306019 0.152083 0.171296
0 0.372917 0.168519 0.045833 0.046296
0 0.147135 0.234259 0.046354 0.055556
0 0.740104 0.111574 0.042708 0.034259
3 0.217188 0.973611 0.066667 0.052778
0 0.046615 0.093981 0.041146 0.049074
3 0.968750 0.517130 0.062500 0.156481
0 0.829427 0.509722 0.060937 0.069444
