0 0.132812 0.190278 0.036458 0.052778
3 0.590104 0.267130 0.071875 0.084259
0 0.288802 0.867130 0.060937 0.110185
0 0.225781 0.960185 0.073438 0.079630
1 0.516406 0.699074 0.022396 0.046296
3 0.288281 0.016204 0.046354 0.032407
0 0.171354 0.166204 0.040625 0.050926
0 0.713802 0.162963 0.040104 0.040741
0 0.338021 0.086111 0.037500 0.040741
3 0.432552 0.487500 0.119271 0.162037
0 0.780990 0.550463 0.064062 0.075000
0 0.869271 0.625000 0.075000 0.083333
0 0.965104 0.717593 0.069792 0.085185
3 0.229948 0.275000 0.054688 0.075926
2 0.518229 0.478241 0.195833 0.247222

4 0.360677 0.643056 0.007812 0.025000