1 0.719271 0.084722 0.018750 0.032407
0 0.837760 0.451852 0.071354 0.072222
0 0.001302 0.052315 0.002604 0.013889
1 0.185677 0.304167 0.016146 0.039815
0 0.249479 0.003241 0.043750 0.006481
0 0.941927 0.534722 0.064062 0.071296
0 0.271094 0.201389 0.045312 0.060185
0 0.218750 0.158796 0.041667 0.050926
3 0.215885 0.197222 0.064062 0.090741
3 0.193750 0.225000 0.077083 0.116667
3 0.114583 0.156481 0.088542 0.112963
0 0.776302 0.540278 0.064062 0.075000
0 0.863542 0.612037 0.075000 0.083333
0 0.836458 0.508333 0.072917 0.075926
0 0.962500 0.705556 0.075000 0.088889
3 0.049219 0.102315 0.049479 0.065741
2 0.104427 0.082870 0.127604 0.147222

4 0.303125 0.913426 0.016667 0.017593