0 0.716927 0.829167 0.072396 0.099074
0 0.524740 0.641204 0.069271 0.060185
0 0.174479 0.789815 0.069792 0.111111
0 0.089323 0.942593 0.073438 0.114815
0 0.040365 0.795370 0.080729 0.135185
0 0.234375 0.495370 0.068750 0.094444
3 0.874479 0.605556 0.251042 0.279630
0 0.777083 0.467130 0.053125 0.039815
0 0.816927 0.409722 0.049479 0.054630
0 0.619531 0.147685 0.045312 0.036111
0 0.679688 0.141204 0.035417 0.037963
0 0.782813 0.185648 0.037500 0.037963
3 0.953125 0.161574 0.093750 0.086111
3 0.214844 0.964352 0.072396 0.071296
