0 0.840365 0.447222 0.072396 0.072222
1 0.181510 0.295833 0.016146 0.039815
0 0.418490 0.683796 0.067187 0.078704
0 0.311719 0.556481 0.065104 0.098148
0 0.393229 0.131019 0.036458 0.043519
0 0.266667 0.195370 0.044792 0.061111
0 0.214583 0.153241 0.042708 0.050926
3 0.209635 0.188426 0.061979 0.089815
3 0.189323 0.216667 0.077604 0.116667
3 0.109896 0.149537 0.089583 0.113889
0 0.772656 0.530556 0.064062 0.074074
0 0.860417 0.600000 0.075000 0.083333
0 0.833854 0.500926 0.072917 0.077778
0 0.960938 0.692593 0.078125 0.088889
3 0.044010 0.096759 0.049479 0.065741
2 0.062500 0.060648 0.125000 0.121296
3 0.267969 0.022685 0.059896 0.045370
0 0.430208 0.377778 0.043750 0.068519

4 0.776823 0.722685 0.006771 0.008333