0 0.722135 0.384722 0.058854 0.063889
0 0.291927 0.359259 0.042188 0.062963
3 0.316406 0.072685 0.052604 0.065741
0 0.289844 0.875926 0.060937 0.107407
0 0.226562 0.964815 0.072917 0.070370
1 0.683594 0.948611 0.028646 0.054630
0 0.094531 0.164815 0.036979 0.046296
0 0.594010 0.538426 0.058854 0.075000
0 0.695833 0.175463 0.041667 0.039815
3 0.753646 0.860648 0.175000 0.241667
0 0.778906 0.559722 0.064062 0.075000
0 0.867188 0.634259 0.075000 0.083333
0 0.964844 0.727778 0.070312 0.085185
3 0.448177 0.503704 0.066146 0.101852
2 0.925260 0.895833 0.149479 0.208333

4 0.056510 0.646296 0.013021 0.029630