0 0.095573 0.153704 0.035937 0.050000
3 0.683333 0.335648 0.080208 0.093519
0 0.288802 0.867130 0.060937 0.110185
0 0.222135 0.962963 0.073438 0.074074
1 0.460677 0.630556 0.023438 0.046296
3 0.368750 0.058333 0.047917 0.059259
0 0.086198 0.089352 0.038021 0.047222
0 0.746354 0.155093 0.039583 0.039815
0 0.423958 0.146759 0.039583 0.043519
0 0.807552 0.710648 0.071354 0.095370
3 0.946094 0.965741 0.107813 0.068519
3 0.368750 0.416204 0.112500 0.145370
0 0.780990 0.550463 0.064062 0.075000
0 0.869271 0.625000 0.075000 0.083333
0 0.151562 0.005556 0.041667 0.011111
0 0.965104 0.717593 0.069792 0.085185
3 0.182812 0.228704 0.053125 0.072222
2 0.427083 0.387963 0.177083 0.227778

4 0.516406 0.646759 0.006771 0.019444