3 0.885417 0.414352 0.123958 0.149074
2 0.060677 0.063426 0.110937 0.126852
0 0.416927 0.392593 0.040104 0.062963
2 0.155208 0.199537 0.130208 0.162037
0 0.974479 0.707407 0.051042 0.075926
0 0.569792 0.219444 0.039583 0.051852
0 0.782031 0.538889 0.071354 0.075926
1 0.173177 0.293056 0.014063 0.036111
0 0.229167 0.705093 0.067708 0.104630
0 0.663281 0.262037 0.046354 0.050000
0 0.240365 0.235185 0.044271 0.055556
1 0.392188 0.006944 0.018750 0.013889
0 0.269271 0.212037 0.044792 0.055556
1 0.732031 0.981481 0.027604 0.037037
0 0.880729 0.619444 0.070833 0.081481

4 0.837760 0.692130 0.005729 0.008333
4 0.626563 0.646759 0.019792 0.019444