0 0.875521 0.627778 0.069792 0.081481
3 0.273698 0.151389 0.088021 0.108333
0 0.777604 0.548148 0.070833 0.075926
0 0.193750 0.112500 0.034375 0.043519
0 0.965885 0.709722 0.068229 0.091667
3 0.735417 0.314352 0.111458 0.137963
3 0.926042 0.434259 0.139583 0.112963
0 0.582292 0.501852 0.060417 0.075926
0 0.528125 0.524537 0.057292 0.071296
2 0.327344 0.384259 0.158854 0.200000
0 0.372656 0.314815 0.054688 0.074074
3 0.175000 0.251389 0.058333 0.084259
0 0.157292 0.180556 0.035417 0.046296
2 0.259375 0.244444 0.132292 0.153704
1 0.327083 0.483333 0.015625 0.033333
0 0.273958 0.873611 0.061458 0.113889
0 0.333594 0.109259 0.043229 0.040741
0 0.282031 0.222222 0.028646 0.025926
0 0.176563 0.804630 0.070833 0.111111
0 0.081510 0.170370 0.036979 0.048148
3 0.935677 0.532407 0.128646 0.207407

4 0.553906 0.778241 0.010937 0.019444