1 0.419010 0.015741 0.018229 0.025926
0 0.689063 0.352315 0.060417 0.063889
0 0.005469 0.065278 0.010937 0.034259
3 0.993750 0.604167 0.012500 0.047222
1 0.248438 0.371296 0.017708 0.031481
3 0.781771 0.360648 0.076042 0.080556
0 0.833594 0.015278 0.028646 0.030556
0 0.885677 0.503241 0.059896 0.071296
0 0.345833 0.274074 0.046875 0.059259
0 0.256771 0.203241 0.041667 0.054630
3 0.366667 0.344444 0.067708 0.103704
3 0.283594 0.318981 0.080729 0.126852
3 0.147135 0.193056 0.090104 0.112037
0 0.776302 0.554167 0.064062 0.075000
0 0.864062 0.627778 0.075000 0.083333
0 0.687240 0.402778 0.065104 0.070370
0 0.962500 0.721296 0.075000 0.085185
3 0.055990 0.117130 0.049479 0.065741
2 0.148438 0.134722 0.131250 0.160185

4 0.471094 0.584259 0.007812 0.007407
4 0.434896 0.604630 0.015625 0.016667