0 0.873177 0.605556 0.071354 0.079630
3 0.269531 0.141667 0.088021 0.105556
0 0.766667 0.519907 0.069792 0.073148
0 0.183333 0.097685 0.034375 0.043519
0 0.965104 0.687037 0.069792 0.090741
0 0.267708 0.862500 0.061458 0.113889
0 0.176302 0.781944 0.070312 0.112037
0 0.622396 0.118519 0.042708 0.035185
3 0.210938 0.969444 0.069792 0.061111
0 0.683594 0.112037 0.035937 0.037037
0 0.738021 0.185648 0.031250 0.049074
0 0.282031 0.059722 0.039062 0.041667
0 0.366146 0.118981 0.040625 0.041667
0 0.894010 0.439352 0.051562 0.056481
0 0.899479 0.545370 0.059375 0.068519

4 0.132031 0.641667 0.009896 0.018519
4 0.813281 0.555093 0.005729 0.008333