0 0.854688 0.586574 0.069792 0.078704
3 0.288281 0.153704 0.088021 0.105556
0 0.720052 0.479630 0.067187 0.070370
0 0.182292 0.094907 0.034375 0.043519
0 0.964844 0.682407 0.070312 0.090741
0 0.265625 0.859722 0.061458 0.113889
0 0.175260 0.775463 0.070312 0.112037
0 0.622396 0.113889 0.042708 0.035185
3 0.207552 0.967593 0.072396 0.064815
0 0.682552 0.110185 0.035937 0.037037
0 0.776042 0.151389 0.043750 0.039815
0 0.172917 0.002315 0.036458 0.004630
0 0.235677 0.037037 0.036979 0.037037
0 0.844531 0.400000 0.050521 0.055556
0 0.838281 0.495370 0.056771 0.064815

4 0.776302 0.681481 0.009896 0.024074
4 0.204427 0.742130 0.010937 0.019444