0 0.999219 0.632870 0.001563 0.076852
0 0.186198 0.248148 0.036979 0.057407
3 0.484115 0.191667 0.063021 0.074074
0 0.287760 0.870833 0.060937 0.110185
0 0.225000 0.962037 0.072917 0.075926
1 0.579948 0.784722 0.024479 0.052778
0 0.012240 0.076389 0.024479 0.045370
0 0.294531 0.278704 0.044271 0.055556
0 0.700000 0.168981 0.042708 0.039815
0 0.238542 0.018519 0.034375 0.037037
3 0.524219 0.599537 0.133854 0.186111
0 0.780469 0.555093 0.064062 0.075000
0 0.867708 0.629630 0.075000 0.083333
0 0.965625 0.719444 0.068750 0.085185
3 0.300000 0.349074 0.058333 0.083333
2 0.654167 0.617593 0.231250 0.290741

4 0.454688 0.542130 0.010417 0.039815