0 0.875000 0.624074 0.069792 0.081481
3 0.273177 0.150463 0.088021 0.108333
0 0.777344 0.544907 0.070312 0.073148
0 0.192188 0.109722 0.034375 0.043519
0 0.965885 0.706944 0.068229 0.091667
3 0.678125 0.270370 0.106250 0.129630
3 0.889062 0.400463 0.126042 0.104630
0 0.786458 0.685648 0.072917 0.093519
0 0.689323 0.677778 0.067187 0.090741
2 0.401042 0.455093 0.167708 0.221296
0 0.463281 0.391667 0.057813 0.077778
3 0.218490 0.304630 0.052604 0.096296
0 0.201302 0.218981 0.036979 0.049074
2 0.301042 0.278241 0.140625 0.160185
1 0.383333 0.543519 0.017708 0.037037
0 0.272917 0.870833 0.061458 0.113889
0 0.222656 0.025463 0.038021 0.036111
0 0.354427 0.281481 0.038021 0.040741
0 0.176042 0.802778 0.070833 0.111111
0 0.120313 0.203704 0.038542 0.050000
3 0.889844 0.469444 0.198437 0.203704
0 0.810677 0.494444 0.064062 0.074074
0 0.016927 0.107407 0.033854 0.051852
0 0.955729 0.133796 0.046875 0.030556

4 0.264583 0.814352 0.006250 0.008333