0 0.863281 0.593981 0.070312 0.078704
3 0.281510 0.149074 0.088021 0.105556
0 0.738021 0.495370 0.068750 0.072222
0 0.182292 0.095833 0.034375 0.043519
0 0.964844 0.683333 0.070312 0.090741
0 0.265365 0.860648 0.061979 0.113889
0 0.175260 0.777315 0.070312 0.112037
0 0.622396 0.116667 0.042708 0.035185
3 0.208073 0.968056 0.072396 0.063889
0 0.683073 0.111111 0.035937 0.037037
0 0.761979 0.160185 0.040625 0.042593
0 0.205208 0.012963 0.036458 0.025926
0 0.273438 0.061111 0.037500 0.037037
0 0.857552 0.410185 0.050521 0.055556
0 0.853906 0.507407 0.057813 0.066667

4 0.978385 0.640741 0.013021 0.035185
4 0.238802 0.698148 0.010937 0.025926