3 0.884896 0.414352 0.123958 0.149074
2 0.066146 0.064815 0.111458 0.129630
0 0.426823 0.371296 0.038021 0.061111
2 0.155208 0.199537 0.130208 0.162037
0 0.971615 0.704167 0.056771 0.082407
0 0.563802 0.225926 0.039062 0.053704
0 0.782031 0.538889 0.071354 0.075926
1 0.173177 0.293056 0.014063 0.036111
0 0.240104 0.686574 0.066667 0.102778
0 0.682292 0.246296 0.044792 0.048148
3 0.066927 0.004630 0.033854 0.009259
0 0.240365 0.234259 0.044271 0.055556
1 0.379948 0.005093 0.019271 0.010185
0 0.269271 0.211111 0.044792 0.055556
1 0.744531 0.991667 0.027604 0.016667
0 0.880729 0.619444 0.070833 0.081481
