3 0.721354 0.750000 0.085417 0.120370
0 0.194531 0.787037 0.060937 0.096296
2 0.161719 0.214815 0.127604 0.161111
3 0.218490 0.538426 0.075521 0.115741
0 0.691146 0.164815 0.041667 0.038889
0 0.801042 0.566667 0.071875 0.079630
1 0.022917 0.156944 0.014583 0.034259
0 0.020573 0.950463 0.041146 0.099074
0 0.230990 0.830556 0.072396 0.131481
3 0.352083 0.415278 0.068750 0.084259
0 0.220052 0.225463 0.043229 0.052778
1 0.808073 0.093056 0.021354 0.026852
0 0.130208 0.100000 0.039583 0.048148
1 0.337240 0.833333 0.019271 0.046296

4 0.542448 0.843981 0.014063 0.036111