1 0.749479 0.081019 0.018750 0.032407
0 0.838281 0.451852 0.071354 0.072222
1 0.183594 0.298611 0.016146 0.039815
0 0.284375 0.016204 0.043750 0.032407
0 0.940885 0.532407 0.064062 0.070370
0 0.270573 0.200463 0.045312 0.060185
0 0.218229 0.157870 0.041667 0.050926
3 0.215885 0.196296 0.064062 0.090741
3 0.193229 0.223148 0.078125 0.118519
3 0.114583 0.156481 0.088542 0.112963
0 0.775260 0.537500 0.064062 0.075000
0 0.863542 0.611111 0.075000 0.083333
0 0.836458 0.508333 0.072917 0.075926
0 0.962500 0.703704 0.075000 0.088889
3 0.048698 0.101389 0.049479 0.065741
2 0.102865 0.081019 0.128646 0.149074

4 0.858333 0.600463 0.005208 0.015741
4 0.421615 0.944907 0.008854 0.015741