0 0.939323 0.520833 0.078646 0.080556
1 0.180990 0.294907 0.016146 0.039815
0 0.061719 0.964352 0.071354 0.071296
0 0.404687 0.400926 0.044792 0.068519
0 0.266146 0.192130 0.044792 0.060185
0 0.213021 0.149537 0.041667 0.049074
3 0.208594 0.182407 0.061979 0.088889
3 0.188542 0.213889 0.077083 0.114815
3 0.109375 0.147685 0.089583 0.112037
0 0.772656 0.525000 0.064062 0.074074
0 0.860417 0.595370 0.075000 0.081481
0 0.840885 0.502315 0.073438 0.078704
0 0.961719 0.689352 0.076563 0.091667
3 0.041927 0.090278 0.049479 0.062037
2 0.042708 0.043519 0.085417 0.087037
3 0.442969 0.177315 0.043229 0.097222
0 0.208073 0.720833 0.063021 0.099074

4 0.242188 0.858333 0.011458 0.014815
4 0.780729 0.875463 0.016667 0.023148