3 0.898958 0.427315 0.127083 0.152778
2 0.033854 0.043981 0.067708 0.087963
0 0.319010 0.555093 0.050521 0.076852
2 0.155729 0.201389 0.130208 0.160185
0 0.614062 0.184259 0.040625 0.046296
0 0.782552 0.540741 0.070312 0.075926
1 0.172656 0.293056 0.014063 0.036111
0 0.167187 0.813889 0.073958 0.118519
0 0.531510 0.389815 0.052604 0.064815
0 0.240365 0.237963 0.044271 0.055556
1 0.461719 0.016204 0.017188 0.026852
0 0.269271 0.212963 0.044792 0.055556
1 0.661458 0.879167 0.026042 0.050926
0 0.893750 0.632870 0.071875 0.082407

4 0.888281 0.867130 0.011979 0.013889
4 0.400260 0.906481 0.008854 0.009259