0 0.872656 0.612037 0.071354 0.079630
3 0.266406 0.143519 0.088021 0.105556
0 0.774740 0.534259 0.070312 0.075926
0 0.184896 0.102315 0.034375 0.043519
0 0.964844 0.692593 0.070312 0.090741
3 0.988542 0.149074 0.022917 0.077778
0 0.269792 0.866204 0.061458 0.113889
0 0.175000 0.792130 0.070833 0.112037
0 0.622917 0.124074 0.042708 0.035185
3 0.214844 0.970833 0.068229 0.058333
3 0.284896 0.027315 0.077083 0.054630
0 0.692448 0.116667 0.035937 0.037037
0 0.453125 0.138426 0.043750 0.039815
0 0.252083 0.050000 0.032292 0.035185
0 0.376302 0.166667 0.043229 0.042593
0 0.811458 0.377778 0.060417 0.059259
0 0.709896 0.358796 0.055208 0.058333
0 0.914583 0.511574 0.062500 0.065741

4 0.515365 0.677778 0.015104 0.025926