0 0.874479 0.623611 0.070833 0.080556
3 0.271615 0.150000 0.088021 0.107407
0 0.776823 0.544444 0.070312 0.074074
0 0.191146 0.108796 0.034375 0.043519
0 0.965365 0.706944 0.069271 0.091667
3 0.617969 0.230093 0.101562 0.123148
3 0.849219 0.387963 0.118229 0.124074
0 0.887760 0.874537 0.077604 0.108333
2 0.480990 0.542130 0.179688 0.249074
0 0.590365 0.503704 0.064062 0.088889
3 0.234635 0.393056 0.031771 0.115741
0 0.243229 0.258333 0.038542 0.051852
2 0.353385 0.333796 0.148438 0.187963
1 0.441146 0.614352 0.022917 0.049074
0 0.272396 0.871759 0.061458 0.113889
0 0.445312 0.372222 0.042708 0.062963
0 0.175000 0.802778 0.070833 0.111111
0 0.162240 0.244444 0.040104 0.053704
3 0.810677 0.412963 0.180729 0.192593
0 0.622917 0.353704 0.054167 0.062963
0 0.058333 0.151389 0.042708 0.050926
0 0.864062 0.118519 0.044792 0.035185
3 0.209375 0.984259 0.064583 0.031481

4 0.321094 0.864815 0.017188 0.025926