0 0.872656 0.612037 0.071354 0.079630
3 0.266406 0.143519 0.088021 0.105556
0 0.774740 0.534259 0.070312 0.075926
0 0.184896 0.102315 0.034375 0.043519
0 0.964844 0.692593 0.070312 0.090741
3 0.980990 0.146296 0.038021 0.077778
0 0.269792 0.866204 0.061458 0.113889
0 0.175000 0.792130 0.070833 0.112037
0 0.622917 0.124074 0.042708 0.035185
3 0.214844 0.970833 0.068229 0.058333
3 0.299740 0.032870 0.078646 0.065741
0 0.693490 0.116667 0.035937 0.037037
0 0.468490 0.148148 0.045312 0.040741
0 0.274479 0.063426 0.034375 0.037963
0 0.399479 0.184259 0.043750 0.044444
0 0.825781 0.389815 0.060937 0.059259
0 0.741667 0.381944 0.057292 0.060185
0 0.959896 0.544444 0.064583 0.068519
