3 0.884896 0.414352 0.123958 0.149074
2 0.067187 0.065278 0.111458 0.130556
0 0.427865 0.369444 0.038021 0.061111
2 0.155208 0.199537 0.130208 0.162037
0 0.971615 0.704167 0.056771 0.082407
0 0.563281 0.225926 0.039062 0.053704
0 0.782031 0.538889 0.071354 0.075926
1 0.173177 0.293056 0.014063 0.036111
0 0.241927 0.684259 0.067187 0.101852
0 0.684375 0.244444 0.044792 0.048148
3 0.068750 0.006019 0.036458 0.012037
0 0.240365 0.234259 0.044271 0.055556
1 0.378385 0.004630 0.019271 0.009259
0 0.269271 0.211111 0.044792 0.055556
1 0.746615 0.993981 0.027604 0.012037
0 0.880729 0.619444 0.070833 0.081481
