0 0.999219 0.632870 0.001563 0.076852
0 0.168750 0.228704 0.037500 0.055556
3 0.518490 0.217130 0.065104 0.076852
0 0.288281 0.869907 0.060937 0.110185
0 0.225000 0.961574 0.072917 0.076852
1 0.559115 0.752778 0.022396 0.038889
0 0.004948 0.059722 0.009896 0.045370
0 0.252604 0.240741 0.042708 0.053704
0 0.702083 0.168981 0.041667 0.039815
0 0.270052 0.039815 0.036979 0.038889
3 0.491146 0.562500 0.128125 0.182407
0 0.780990 0.554167 0.064062 0.075000
0 0.868229 0.628704 0.075000 0.083333
0 0.965625 0.719444 0.068750 0.085185
3 0.276562 0.323611 0.058333 0.082407
2 0.607031 0.567593 0.216146 0.275926

4 0.490885 0.602315 0.013021 0.019444