0 0.010417 0.920833 0.020833 0.145370
0 0.244010 0.498611 0.058854 0.086111
0 0.411458 0.404630 0.063542 0.055556
0 0.573438 0.406481 0.065625 0.066667
0 0.778646 0.476852 0.054167 0.061111
0 0.863021 0.530556 0.057292 0.050000
0 0.817708 0.406481 0.048958 0.057407
3 0.722656 0.191667 0.085938 0.105556
0 0.599740 0.279630 0.042188 0.040741
0 0.680729 0.137963 0.038542 0.037037
0 0.621354 0.141667 0.042708 0.038889
0 0.697917 0.720833 0.066667 0.080556
3 0.542448 0.638889 0.082812 0.074074
0 0.177344 0.790278 0.070312 0.110185
0 0.360156 0.717593 0.061979 0.092593
0 0.092188 0.943056 0.073958 0.113889
3 0.922135 0.675000 0.155729 0.272222
0 0.214844 0.971296 0.073438 0.057407

4 0.280208 0.808333 0.011458 0.020370
4 0.431510 0.723148 0.021354 0.025926