0 0.845052 0.448148 0.072396 0.074074
1 0.181510 0.295833 0.016146 0.039815
0 0.303385 0.788426 0.065104 0.112037
0 0.221354 0.699074 0.077083 0.114815
0 0.437760 0.212037 0.026562 0.053704
0 0.266667 0.194444 0.044792 0.061111
0 0.214062 0.151389 0.042708 0.050926
3 0.209635 0.187500 0.061979 0.089815
3 0.189323 0.217130 0.077604 0.115741
3 0.109896 0.149537 0.089583 0.113889
0 0.772656 0.527778 0.064062 0.074074
0 0.860417 0.600000 0.075000 0.083333
0 0.834375 0.500000 0.072917 0.077778
0 0.960417 0.690741 0.079167 0.088889
3 0.043490 0.095833 0.049479 0.065741
2 0.057292 0.056481 0.114583 0.112963
3 0.343750 0.058796 0.061458 0.080556
0 0.363281 0.489352 0.051562 0.076852

4 0.079167 0.679630 0.012500 0.014815
4 0.686979 0.729630 0.015625 0.027778