0 0.869531 0.620370 0.070312 0.079630
3 0.267448 0.150000 0.088021 0.105556
0 0.772396 0.542130 0.069792 0.075000
0 0.186979 0.108796 0.034375 0.043519
0 0.963021 0.702778 0.073958 0.090741
3 0.227083 0.004630 0.056250 0.009259
3 0.730990 0.194907 0.059896 0.126852
0 0.770052 0.757870 0.060937 0.086111
2 0.954688 0.911574 0.090625 0.176852
0 0.268750 0.872685 0.061458 0.113889
0 0.171354 0.804167 0.070833 0.112037
0 0.679167 0.763426 0.063542 0.087963
3 0.285156 0.054167 0.105729 0.108333
0 0.143750 0.652315 0.060417 0.112037
0 0.625000 0.129167 0.042708 0.034259
3 0.214062 0.974074 0.067708 0.051852
0 0.295573 0.306019 0.050521 0.062037
3 0.734635 0.319907 0.124479 0.130556
0 0.168490 0.030556 0.033854 0.037037
0 0.636198 0.328704 0.053646 0.055556
0 0.881250 0.114815 0.036458 0.033333
0 0.920833 0.578241 0.059375 0.065741
0 0.993750 0.548611 0.012500 0.069444

4 0.271615 0.673611 0.008854 0.015741