1 0.765625 0.081019 0.018750 0.032407
0 0.839323 0.451852 0.071354 0.072222
1 0.183594 0.298611 0.016146 0.039815
0 0.302604 0.022222 0.043750 0.042593
0 0.940885 0.532407 0.064062 0.070370
0 0.270573 0.199537 0.045312 0.060185
0 0.218229 0.156019 0.041667 0.050926
3 0.215885 0.195370 0.064062 0.090741
3 0.193229 0.222222 0.078125 0.118519
3 0.114583 0.155556 0.088542 0.112963
0 0.775260 0.536574 0.064062 0.075000
0 0.863542 0.611111 0.075000 0.083333
0 0.836458 0.508333 0.072917 0.075926
0 0.962500 0.702778 0.075000 0.088889
3 0.048177 0.100463 0.049479 0.065741
2 0.102344 0.079167 0.129688 0.149074
