0 0.427604 0.151389 0.046875 0.049074
0 0.028646 0.091667 0.036458 0.048148
3 0.924740 0.525926 0.098437 0.111111
0 0.259896 0.918056 0.063542 0.115741
1 0.339583 0.480556 0.019792 0.038889
3 0.586719 0.214352 0.060937 0.071296
0 0.850781 0.109259 0.026562 0.048148
0 0.657552 0.321759 0.050521 0.056481
0 0.575781 0.484259 0.056771 0.077778
0 0.418750 0.340741 0.047917 0.062963
3 0.725521 0.705093 0.096875 0.143519
3 0.496875 0.536111 0.093750 0.161111
3 0.229167 0.272222 0.100000 0.114815
0 0.779427 0.549537 0.064062 0.075000
0 0.867188 0.623148 0.075000 0.083333
0 0.417969 0.193056 0.048438 0.054630
0 0.964583 0.717593 0.070833 0.085185
3 0.096354 0.149537 0.050000 0.065741
2 0.248438 0.222685 0.144792 0.178704
