0 0.870833 0.615278 0.069792 0.078704
3 0.265885 0.145370 0.088021 0.105556
0 0.772917 0.537037 0.070833 0.074074
0 0.185417 0.104167 0.034375 0.043519
0 0.963542 0.696296 0.072917 0.090741
3 0.920573 0.132407 0.099479 0.075926
0 0.268750 0.868981 0.061458 0.113889
0 0.173437 0.795833 0.070833 0.112037
0 0.622917 0.125926 0.042708 0.035185
3 0.213802 0.971759 0.068229 0.056481
0 0.815104 0.786111 0.080208 0.109259
3 0.405990 0.090741 0.088021 0.098148
0 0.705990 0.116204 0.034896 0.036111
0 0.247917 0.078704 0.032292 0.037037
0 0.580469 0.228241 0.049479 0.047222
0 0.443490 0.184722 0.038021 0.041667
0 0.579167 0.314815 0.051042 0.051852
0 0.962240 0.493981 0.070312 0.069444
0 0.983594 0.581944 0.032813 0.076852

4 0.339062 0.697685 0.008333 0.017593
4 0.204948 0.622685 0.008854 0.017593