0 0.581771 0.390741 0.061458 0.057407
0 0.753646 0.513426 0.062500 0.071296
0 0.781250 0.459259 0.053125 0.062963
0 0.817448 0.386111 0.048438 0.057407
0 0.901823 0.633333 0.082812 0.087037
0 0.905729 0.138889 0.050000 0.035185
0 0.621615 0.119907 0.044271 0.036111
0 0.680990 0.115741 0.035937 0.037037
3 0.355469 0.210185 0.092188 0.116667
0 0.221094 0.130093 0.035937 0.039815
0 0.177083 0.770833 0.069792 0.110185
0 0.264583 0.857407 0.063542 0.112963
3 0.198698 0.968519 0.086979 0.062963

4 0.986458 0.686574 0.005208 0.010185