3 0.884896 0.413426 0.123958 0.149074
2 0.096615 0.085185 0.113021 0.129630
0 0.458854 0.256019 0.020833 0.050926
2 0.154688 0.198611 0.130208 0.162037
0 0.967708 0.701389 0.064583 0.093519
0 0.532813 0.263889 0.037500 0.059259
0 0.782031 0.536111 0.071354 0.075926
1 0.172656 0.290278 0.014063 0.036111
0 0.312760 0.563889 0.059896 0.090741
0 0.794531 0.174074 0.045312 0.037037
3 0.130469 0.034722 0.072396 0.069444
0 0.239323 0.232407 0.044271 0.055556
0 0.258594 0.894444 0.060937 0.112963
0 0.269792 0.210185 0.044792 0.055556
3 0.008073 0.068981 0.016146 0.049074
0 0.880729 0.617593 0.070833 0.081481

4 0.949479 0.931944 0.015625 0.019444