0 0.870573 0.619444 0.070312 0.081481
3 0.267448 0.148148 0.088021 0.107407
0 0.772917 0.541204 0.070833 0.076852
0 0.186979 0.106019 0.034375 0.043519
0 0.963542 0.701852 0.072917 0.090741
3 0.322656 0.040278 0.074479 0.080556
3 0.719010 0.240278 0.055729 0.136111
2 0.887760 0.930093 0.224479 0.139815
0 0.590625 0.584259 0.052083 0.074074
2 0.801042 0.750926 0.244792 0.298148
0 0.268229 0.870833 0.061458 0.113889
0 0.170833 0.802315 0.070833 0.112037
0 0.509375 0.592593 0.054167 0.075926
3 0.400781 0.127315 0.118229 0.134259
0 0.215104 0.458333 0.033333 0.088889
0 0.631771 0.126389 0.042708 0.036111
3 0.213281 0.973148 0.067187 0.053704
0 0.204687 0.225926 0.045833 0.057407
3 0.836198 0.388889 0.142187 0.142593
0 0.334896 0.147685 0.039583 0.043519
0 0.882292 0.504167 0.065625 0.069444
0 0.986979 0.135648 0.026042 0.032407
