0 0.840365 0.449074 0.072396 0.072222
1 0.180990 0.296759 0.016146 0.039815
0 0.492188 0.665741 0.065625 0.066667
0 0.365625 0.475000 0.061458 0.088889
0 0.349740 0.091204 0.038021 0.041667
0 0.266667 0.197222 0.044792 0.061111
0 0.214583 0.154167 0.042708 0.050926
3 0.209635 0.190278 0.061979 0.089815
3 0.188802 0.218981 0.077604 0.115741
3 0.109896 0.151389 0.089583 0.113889
0 0.772656 0.531481 0.064062 0.074074
0 0.859375 0.603704 0.075000 0.083333
0 0.832292 0.502778 0.072917 0.077778
0 0.960677 0.695370 0.078646 0.088889
3 0.043490 0.097685 0.049479 0.065741
2 0.070312 0.065278 0.123958 0.130556
3 0.230208 0.008796 0.036458 0.017593
0 0.452344 0.318056 0.034896 0.063889
