1 0.999479 0.114815 0.001042 0.027778
0 0.838281 0.443519 0.072396 0.072222
1 0.180990 0.296759 0.016146 0.039815
0 0.800260 0.882407 0.075521 0.112963
0 0.458073 0.237963 0.024479 0.062963
0 0.967708 0.547222 0.064583 0.074074
0 0.266667 0.193056 0.045833 0.060185
0 0.215885 0.151389 0.043229 0.050926
3 0.210417 0.186574 0.062500 0.091667
3 0.189583 0.216204 0.078125 0.117593
3 0.109896 0.150463 0.089583 0.113889
0 0.772656 0.528241 0.064062 0.075000
0 0.859375 0.600926 0.075000 0.083333
0 0.834375 0.500926 0.072917 0.077778
0 0.960417 0.695370 0.079167 0.088889
3 0.044010 0.093981 0.049479 0.065741
2 0.083854 0.068056 0.131250 0.136111
0 0.442448 0.141667 0.029687 0.046296

4 0.484375 0.782407 0.017708 0.018519
4 0.960938 0.628704 0.005208 0.009259