0 0.877083 0.629167 0.068750 0.080556
3 0.277865 0.151852 0.088021 0.109259
0 0.779687 0.549074 0.068750 0.074074
0 0.188542 0.101389 0.034375 0.043519
0 0.966667 0.712963 0.066667 0.090741
3 0.882552 0.424074 0.123438 0.153704
3 0.982552 0.519907 0.034896 0.117593
0 0.268490 0.225926 0.045312 0.057407
0 0.240625 0.251852 0.045833 0.057407
2 0.152604 0.214815 0.129167 0.161111
0 0.126562 0.088889 0.033333 0.031481
3 0.065104 0.147685 0.043750 0.075000
0 0.082292 0.114352 0.021875 0.043519
2 0.155729 0.150926 0.115625 0.133333
0 0.724740 0.812500 0.069271 0.102778
0 0.289583 0.060648 0.038542 0.039815
0 0.218229 0.963889 0.067708 0.072222

4 0.819271 0.767593 0.005208 0.012963