0 0.136458 0.193981 0.036458 0.052778
3 0.582812 0.259722 0.068750 0.084259
0 0.288802 0.867130 0.060937 0.110185
0 0.225781 0.960185 0.073438 0.079630
1 0.521094 0.702778 0.022396 0.046296
3 0.280990 0.013889 0.046354 0.027778
0 0.179688 0.172685 0.040625 0.050926
0 0.711979 0.163889 0.041667 0.040741
0 0.329427 0.078241 0.035937 0.039815
3 0.438802 0.496759 0.120313 0.163889
0 0.780990 0.550463 0.064062 0.075000
0 0.869271 0.625000 0.075000 0.083333
0 0.965104 0.717593 0.069792 0.085185
3 0.234896 0.280093 0.055208 0.076852
2 0.527604 0.487037 0.196875 0.250000

4 0.571094 0.907407 0.013021 0.016667