0 0.875521 0.624537 0.069792 0.082407
3 0.273177 0.150463 0.088021 0.108333
0 0.777344 0.544907 0.070312 0.073148
0 0.192708 0.109722 0.034375 0.043519
0 0.965885 0.706944 0.068229 0.091667
3 0.680208 0.271296 0.106250 0.129630
3 0.891146 0.401389 0.126042 0.104630
0 0.778906 0.678704 0.072396 0.092593
0 0.683854 0.673148 0.066667 0.090741
2 0.399479 0.453241 0.167708 0.221296
0 0.460677 0.388889 0.056771 0.077778
3 0.217708 0.302315 0.053125 0.095370
0 0.199740 0.218056 0.036979 0.049074
2 0.300000 0.277315 0.140625 0.160185
1 0.381771 0.539815 0.017708 0.037037
0 0.272917 0.870833 0.061458 0.113889
0 0.226302 0.028241 0.038021 0.036111
0 0.351823 0.279630 0.038021 0.040741
0 0.176042 0.802778 0.070833 0.111111
0 0.119271 0.202778 0.038542 0.050000
3 0.892448 0.472222 0.198437 0.205556
0 0.816667 0.498611 0.065625 0.073148
0 0.016146 0.106481 0.032292 0.051852
0 0.957552 0.133796 0.047396 0.030556
