3 0.681771 0.717130 0.083333 0.112037
0 0.995313 0.982407 0.009375 0.035185
0 0.195573 0.787037 0.060937 0.096296
2 0.161719 0.215741 0.127604 0.161111
3 0.253125 0.500000 0.075000 0.105556
0 0.691146 0.166667 0.041667 0.038889
0 0.809375 0.573611 0.072917 0.080556
1 0.015104 0.151389 0.014583 0.034259
0 0.054948 0.872222 0.080729 0.138889
0 0.231510 0.831481 0.072396 0.131481
3 0.384115 0.401389 0.067187 0.078704
0 0.215885 0.221296 0.042188 0.051852
1 0.829427 0.099537 0.021354 0.026852
0 0.114583 0.087963 0.038542 0.046296
1 0.326302 0.863426 0.020313 0.050926
