3 0.884896 0.412500 0.123958 0.149074
2 0.100260 0.087963 0.113021 0.129630
0 0.459635 0.239815 0.020313 0.050000
2 0.154688 0.197685 0.130208 0.162037
0 0.967708 0.701389 0.064583 0.093519
0 0.529427 0.269444 0.036979 0.061111
0 0.782031 0.536111 0.071354 0.075926
1 0.172656 0.290278 0.014063 0.036111
0 0.324219 0.547685 0.058854 0.086111
0 0.811719 0.168519 0.046354 0.037037
3 0.138281 0.038889 0.078646 0.077778
0 0.239323 0.232407 0.044271 0.055556
0 0.274219 0.859259 0.059896 0.109259
0 0.269792 0.210185 0.044792 0.055556
3 0.011198 0.070370 0.022396 0.057407
0 0.880729 0.617593 0.070833 0.081481

4 0.193750 0.813426 0.004167 0.015741
4 0.388021 0.745370 0.013542 0.025926