0 0.875521 0.624537 0.069792 0.082407
3 0.273177 0.150463 0.088021 0.108333
0 0.777604 0.545370 0.070833 0.074074
0 0.192708 0.109722 0.034375 0.043519
0 0.965885 0.706944 0.068229 0.091667
3 0.688281 0.277778 0.106771 0.129630
3 0.896875 0.405093 0.127083 0.102778
0 0.743750 0.645833 0.069792 0.089815
0 0.658854 0.645833 0.065625 0.087963
2 0.388281 0.442130 0.167187 0.219444
0 0.445052 0.375926 0.056771 0.077778
3 0.211979 0.292593 0.054167 0.092593
0 0.193229 0.212500 0.036458 0.049074
2 0.293750 0.272222 0.139583 0.159259
1 0.373177 0.527315 0.017188 0.037963
0 0.273438 0.870833 0.061458 0.113889
0 0.241667 0.039815 0.038542 0.037037
0 0.340365 0.269907 0.036979 0.036111
0 0.176042 0.802778 0.070833 0.111111
0 0.113542 0.197222 0.038542 0.050000
3 0.903125 0.481481 0.193750 0.205556
0 0.849219 0.523611 0.069271 0.076852
0 0.012760 0.100000 0.025521 0.051852
0 0.972917 0.135648 0.046875 0.032407

4 0.651302 0.793519 0.008854 0.031481
4 0.063802 0.831944 0.008854 0.015741