3 0.346615 0.787963 0.076563 0.125926
0 0.488281 0.668981 0.056771 0.062037
0 0.198698 0.803241 0.061979 0.097222
2 0.167448 0.231019 0.127604 0.163889
3 0.622135 0.431481 0.070312 0.077778
0 0.693750 0.180093 0.040625 0.039815
0 0.110156 0.749537 0.070312 0.113889
0 0.317708 0.439815 0.063542 0.066667
0 0.466146 0.382870 0.057292 0.039815
0 0.233073 0.852315 0.072396 0.126852
3 0.760677 0.538426 0.076563 0.084259
0 0.089063 0.117130 0.038542 0.047222

4 0.044271 0.514815 0.008333 0.011111
4 0.982292 0.637963 0.008333 0.018519