1 0.512760 0.052778 0.019271 0.035185
0 0.801302 0.438426 0.067187 0.071296
0 0.004167 0.068981 0.008333 0.028704
3 0.996354 0.611574 0.007292 0.041667
1 0.208854 0.336574 0.017708 0.036111
3 0.869271 0.431019 0.083333 0.086111
0 0.939844 0.548148 0.064062 0.072222
0 0.278906 0.221296 0.045312 0.057407
0 0.224479 0.177315 0.041667 0.050926
3 0.258073 0.244907 0.063021 0.087963
3 0.216406 0.258796 0.076563 0.117593
3 0.120833 0.174074 0.088542 0.112963
0 0.774740 0.553241 0.064062 0.075000
0 0.863021 0.626852 0.075000 0.083333
0 0.806250 0.500926 0.072917 0.075926
0 0.962240 0.718519 0.075521 0.085185
3 0.054427 0.117130 0.049479 0.065741
2 0.121615 0.114352 0.127604 0.154630

4 0.402865 0.879167 0.017188 0.026852