0 0.869531 0.620370 0.070312 0.079630
3 0.267448 0.150926 0.088021 0.105556
0 0.772396 0.542130 0.069792 0.075000
0 0.186979 0.108796 0.034375 0.043519
0 0.963021 0.702778 0.073958 0.090741
3 0.738802 0.185185 0.065104 0.120370
0 0.819531 0.806944 0.061979 0.089815
2 0.989323 0.944444 0.021354 0.111111
0 0.268750 0.872685 0.061458 0.113889
0 0.171354 0.804167 0.070833 0.112037
0 0.725521 0.809722 0.065625 0.091667
3 0.259375 0.045833 0.105208 0.091667
0 0.118750 0.706944 0.065625 0.115741
0 0.625000 0.129167 0.042708 0.034259
3 0.214062 0.974074 0.067708 0.051852
0 0.318750 0.325926 0.050000 0.062963
3 0.710156 0.302315 0.122396 0.128704
0 0.135156 0.012037 0.033854 0.024074
0 0.584896 0.294444 0.051042 0.051852
0 0.860156 0.111574 0.034896 0.034259
0 0.855469 0.527315 0.053646 0.063889
0 0.976562 0.524537 0.046875 0.069444
