0 0.869271 0.600926 0.070833 0.079630
3 0.275260 0.146296 0.088021 0.105556
0 0.752865 0.507407 0.068229 0.075926
0 0.182292 0.096759 0.034375 0.043519
0 0.965104 0.686111 0.069792 0.090741
0 0.266146 0.862500 0.061458 0.113889
0 0.175260 0.780093 0.070312 0.112037
0 0.622396 0.118519 0.042708 0.035185
3 0.209115 0.968519 0.072396 0.062963
0 0.683073 0.112037 0.035937 0.037037
0 0.750781 0.170370 0.036979 0.046296
0 0.236198 0.028241 0.035937 0.037963
0 0.311198 0.084259 0.038021 0.038889
0 0.871094 0.422222 0.050521 0.055556
0 0.871094 0.522222 0.058854 0.066667

4 0.262240 0.941204 0.008854 0.012037