0 0.863802 0.594907 0.070312 0.078704
3 0.280990 0.149074 0.088021 0.105556
0 0.739583 0.497685 0.069792 0.071296
0 0.182292 0.095833 0.034375 0.043519
0 0.964844 0.684259 0.070312 0.090741
0 0.265885 0.861574 0.061979 0.113889
0 0.175260 0.778241 0.070312 0.112037
0 0.622396 0.116667 0.042708 0.035185
3 0.208073 0.968056 0.072396 0.063889
0 0.683073 0.111111 0.035937 0.037037
0 0.760938 0.161574 0.040625 0.043519
0 0.208073 0.013426 0.035937 0.026852
0 0.277083 0.062500 0.037500 0.037963
0 0.858594 0.411111 0.050521 0.055556
0 0.855729 0.508796 0.058333 0.067593

4 0.527865 0.921296 0.008854 0.016667
4 0.455729 0.592593 0.007292 0.016667