1 0.999479 0.114815 0.001042 0.027778
0 0.839323 0.445370 0.072396 0.072222
1 0.180990 0.296759 0.016146 0.039815
0 0.690365 0.772222 0.070312 0.100000
0 0.448958 0.305556 0.039583 0.070370
0 0.229427 0.008333 0.038021 0.016667
0 0.977604 0.563889 0.044792 0.074074
0 0.266667 0.193981 0.045833 0.060185
0 0.215365 0.152315 0.043229 0.050926
3 0.210156 0.187963 0.061979 0.090741
3 0.189583 0.216204 0.078125 0.117593
3 0.109896 0.150463 0.089583 0.113889
0 0.772656 0.530093 0.064062 0.075000
0 0.859375 0.602778 0.075000 0.083333
0 0.834375 0.500926 0.072917 0.077778
0 0.960417 0.696296 0.079167 0.088889
3 0.044010 0.094907 0.049479 0.065741
2 0.077344 0.066204 0.130729 0.132407
0 0.460677 0.191204 0.021354 0.054630
