3 0.884896 0.412500 0.123958 0.149074
2 0.097135 0.085185 0.113021 0.129630
0 0.458333 0.253704 0.019792 0.050000
2 0.154688 0.198611 0.130208 0.162037
0 0.967708 0.701389 0.064583 0.093519
0 0.532292 0.265741 0.037500 0.061111
0 0.782031 0.536111 0.071354 0.075926
1 0.172656 0.290278 0.014063 0.036111
0 0.314583 0.562037 0.058333 0.088889
0 0.797917 0.173148 0.045833 0.037037
3 0.132552 0.035185 0.072396 0.070370
0 0.239323 0.232407 0.044271 0.055556
0 0.261198 0.888889 0.060937 0.112963
0 0.269792 0.210185 0.044792 0.055556
3 0.008594 0.068981 0.017188 0.050926
0 0.880729 0.617593 0.070833 0.081481

4 0.120052 0.868519 0.010937 0.011111
4 0.379948 0.861111 0.007812 0.014815