3 0.882292 0.423611 0.123958 0.149074
2 0.144010 0.137037 0.117188 0.135185
0 0.247135 0.007870 0.032813 0.015741
2 0.154688 0.208796 0.130208 0.162037
0 0.966667 0.712500 0.066667 0.093519
0 0.506771 0.477315 0.030208 0.082407
0 0.780469 0.546296 0.071354 0.075926
1 0.173698 0.303241 0.014063 0.036111
0 0.437760 0.218519 0.026562 0.053704
3 0.274479 0.142130 0.085417 0.104630
0 0.239844 0.243519 0.044271 0.055556
0 0.601823 0.668981 0.058854 0.078704
0 0.269792 0.221296 0.044792 0.055556
3 0.066406 0.138889 0.049479 0.075926
0 0.877604 0.626852 0.071875 0.081481
0 0.070833 0.093056 0.033333 0.043519
3 0.980729 0.506481 0.038542 0.105556
0 0.115625 0.036574 0.031250 0.039815
0 0.012500 0.009259 0.025000 0.018519
