0 0.869792 0.615741 0.069792 0.079630
3 0.265885 0.147222 0.088021 0.105556
0 0.772396 0.537037 0.069792 0.074074
0 0.184896 0.106019 0.034375 0.043519
0 0.963021 0.697222 0.073958 0.090741
3 0.903906 0.132407 0.098437 0.074074
0 0.268229 0.868981 0.061458 0.113889
0 0.172396 0.798611 0.070833 0.112037
0 0.622917 0.126852 0.042708 0.035185
3 0.213281 0.972222 0.068229 0.055556
0 0.763802 0.737500 0.077604 0.104630
3 0.427604 0.106481 0.089583 0.101852
0 0.710156 0.115278 0.034896 0.036111
0 0.279687 0.102315 0.033333 0.034259
0 0.604948 0.245833 0.051562 0.047222
0 0.482292 0.213426 0.040625 0.043519
0 0.620573 0.345833 0.053646 0.054630
0 0.980729 0.519907 0.038542 0.069444

4 0.553125 0.598148 0.016667 0.016667
4 0.674219 0.675926 0.018229 0.048148