0 0.872917 0.611111 0.070833 0.079630
3 0.265885 0.144444 0.088021 0.105556
0 0.775000 0.534722 0.069792 0.075000
0 0.185417 0.103241 0.034375 0.043519
0 0.964844 0.692593 0.070312 0.090741
0 0.270313 0.867130 0.061458 0.113889
0 0.176563 0.790278 0.070833 0.112037
0 0.622917 0.123148 0.042708 0.035185
3 0.214844 0.971296 0.068229 0.057407
0 0.685677 0.118519 0.035937 0.037037
0 0.339323 0.065741 0.041146 0.033333
0 0.220573 0.056481 0.036979 0.037037
0 0.738542 0.285185 0.043750 0.057407
0 0.498698 0.212963 0.046354 0.048148
0 0.629948 0.301852 0.048438 0.051852
0 0.995313 0.535185 0.009375 0.062963

4 0.034375 0.868056 0.011458 0.015741
4 0.824479 0.947685 0.030208 0.037963