0 0.877865 0.634259 0.070312 0.081481
3 0.276823 0.154167 0.088021 0.108333
0 0.780469 0.553241 0.070312 0.075000
0 0.197917 0.112500 0.034375 0.043519
0 0.967708 0.718056 0.064583 0.091667
3 0.879948 0.425926 0.123438 0.153704
3 0.982031 0.522685 0.035937 0.117593
0 0.268490 0.231481 0.045312 0.057407
0 0.246354 0.261111 0.045833 0.057407
2 0.156771 0.225000 0.130208 0.161111
0 0.209635 0.172222 0.041146 0.059259
3 0.065104 0.151389 0.047917 0.075000
0 0.086198 0.125926 0.019271 0.044444
2 0.156510 0.155093 0.116146 0.134259
1 0.190625 0.330556 0.014583 0.033333
0 0.274479 0.876389 0.062500 0.112037
0 0.785937 0.476389 0.067708 0.071296
0 0.149740 0.114815 0.022396 0.020370
0 0.178646 0.806019 0.070833 0.110185
0 0.013542 0.104167 0.027083 0.045370
