0 0.875000 0.631019 0.068750 0.082407
3 0.273698 0.155093 0.088021 0.108333
0 0.777604 0.552315 0.070833 0.075000
0 0.194271 0.113426 0.034375 0.043519
0 0.965625 0.714352 0.068750 0.091667
3 0.763281 0.338426 0.114062 0.139815
3 0.939583 0.456019 0.120833 0.115741
0 0.499479 0.431944 0.055208 0.069444
0 0.456771 0.458796 0.053125 0.063889
2 0.289323 0.350926 0.151562 0.187037
0 0.332292 0.282870 0.051042 0.067593
3 0.147135 0.226389 0.056771 0.080556
0 0.133854 0.162500 0.035417 0.045370
2 0.236198 0.227778 0.128646 0.148148
1 0.300000 0.455093 0.015625 0.034259
0 0.273958 0.877778 0.061458 0.112963
0 0.403125 0.165278 0.045833 0.045370
0 0.250260 0.198148 0.026562 0.024074
0 0.177604 0.807870 0.070833 0.110185
0 0.062240 0.155093 0.036979 0.047222
3 0.955729 0.567130 0.088542 0.208333

4 0.371615 0.659259 0.009896 0.024074
4 0.347917 0.789352 0.026042 0.084259