0 0.840365 0.448148 0.072396 0.072222
1 0.180990 0.295833 0.016146 0.039815
0 0.439063 0.676852 0.066667 0.072222
0 0.329688 0.528241 0.063542 0.093519
0 0.380990 0.119907 0.036979 0.045370
0 0.266667 0.196296 0.044792 0.061111
0 0.214583 0.153241 0.042708 0.050926
3 0.209635 0.190278 0.061979 0.089815
3 0.188802 0.217593 0.077604 0.116667
3 0.109896 0.149537 0.089583 0.113889
0 0.772656 0.531481 0.064062 0.074074
0 0.859375 0.602778 0.075000 0.083333
0 0.833854 0.500926 0.072917 0.077778
0 0.960677 0.692593 0.078646 0.088889
3 0.044010 0.096759 0.049479 0.065741
2 0.064062 0.062963 0.128125 0.125926
3 0.254167 0.018981 0.058333 0.037963
0 0.436719 0.361111 0.040104 0.066667
