0 0.877344 0.634259 0.070312 0.081481
3 0.276823 0.156019 0.088021 0.108333
0 0.780469 0.553704 0.070312 0.075926
0 0.197917 0.112500 0.034375 0.043519
0 0.967448 0.718056 0.065104 0.091667
3 0.876823 0.425926 0.123438 0.153704
3 0.981510 0.523611 0.036979 0.117593
0 0.271094 0.234259 0.045312 0.057407
0 0.248958 0.265741 0.045833 0.057407
2 0.159635 0.227778 0.130729 0.161111
0 0.211198 0.174074 0.041146 0.059259
3 0.066146 0.152315 0.050000 0.075000
0 0.086198 0.126852 0.019271 0.044444
2 0.156510 0.155093 0.116146 0.134259
1 0.194531 0.334259 0.015104 0.033333
0 0.274479 0.877315 0.062500 0.112037
0 0.769010 0.463426 0.066146 0.071296
0 0.154688 0.118981 0.020833 0.019444
0 0.178646 0.806944 0.070833 0.110185
0 0.015365 0.107870 0.030729 0.045370

4 0.205469 0.812500 0.015104 0.023148