0 0.128646 0.185648 0.036458 0.052778
3 0.598437 0.272685 0.071875 0.084259
0 0.288802 0.867130 0.060937 0.110185
0 0.225781 0.960185 0.073438 0.079630
1 0.511719 0.693519 0.022396 0.046296
3 0.295573 0.018519 0.046354 0.037037
0 0.163542 0.157407 0.039583 0.050000
0 0.715365 0.162963 0.040104 0.040741
0 0.345313 0.090741 0.037500 0.040741
0 0.997917 0.942130 0.004167 0.113889
3 0.426302 0.481944 0.119271 0.162037
0 0.780990 0.550463 0.064062 0.075000
0 0.869271 0.625000 0.075000 0.083333
0 0.965104 0.717593 0.069792 0.085185
3 0.225260 0.270370 0.054688 0.075926
2 0.509375 0.468981 0.192708 0.247222
